time (hr),demand (kW),solar capacity factor (kW),wind capacity factor (kW),dispatch solar (kW per unit deployed),dispatch wind (kW per unit deployed),dispatch natgas (kW),dispatch nuclear (kW),dispatch to storage (kW),dispatch from storage (kW),energy storage (kWh),dispatch to pgp storage (kW),dispatch pgp storage (kW),energy pgp storage (kWh),curtailment solar (kW),curtailment wind (kW),curtailment nuclear (kW),dispatch unmet demand (kW),price ($/kWh)
0.0,1.0387032264811307,0.00233589,0.489697811,0.0011316438960892476,1.0375715825850413,0.0,0.0,0.0,0.0,0.0,0.0,0.0,0.0,0.0,0.20162492140762123,0.0,0.0,3.675e-09
1.0,1.042828507922239,0.0,0.497820685,0.0,1.042828507922239,0.0,0.0,0.0,0.0,0.0,0.0,0.0,0.0,0.0,0.21692319733345922,0.0,0.0,3.675e-09
2.0,1.0149995439386235,0.0,0.503230723,0.0,1.0149995439386235,0.0,0.0,0.0,0.0,0.0,0.0,0.0,0.0,0.0,0.2584424413744376,0.0,0.0,3.675e-09
3.0,0.9965781807332512,0.0,0.509290041,0.0,0.9965781807332512,0.0,0.0,0.0,0.0,0.0,0.0,0.0,0.0,0.0,0.29219710914747044,0.0,0.0,3.675e-09
4.0,0.9745299515651223,0.0,0.507399098,0.0,0.9745299515651223,0.0,0.0,0.0,0.0,0.0,0.0,0.0,0.0,0.0,0.30946024452466697,0.0,0.0,3.675e-09
5.0,0.9327342160261554,0.0,0.493710266,0.0,0.9327342160261554,0.0,0.0,0.0,0.0,0.0,0.0,0.0,0.0,0.0,0.31661593802729526,0.0,0.0,3.675e-09
6.0,0.9095512012868037,0.0,0.469856928,0.0,0.9095512012868037,0.0,0.0,0.0,0.0,0.0,0.0,0.0,0.0,0.0,0.2794372921788782,0.0,0.0,3.675e-09
7.0,0.886096726983435,0.0,0.445695679,0.0,0.8860967269834351,0.0,0.0,0.0,0.0,0.0,0.0,0.0,0.0,0.0,0.24175092692702124,0.0,0.0,3.675e-09
8.0,0.8645980904409468,0.0,0.422016964,0.0,0.8645980904409468,0.0,0.0,0.0,0.0,0.0,0.0,0.0,0.0,0.0,0.20332979215764918,0.0,0.0,3.675e-09
9.0,0.8545007175900339,0.0,0.402636474,0.0,0.854500717590034,0.0,0.0,0.0,0.0,0.0,0.0,0.0,0.0,0.0,0.16438419419229114,0.0,0.0,3.675e-09
10.0,0.8507692735001141,0.0,0.39048308,0.0,0.8507692735001141,0.0,0.0,0.0,0.0,0.0,0.0,0.0,0.0,0.0,0.1373610728785166,0.0,0.0,3.675e-09
11.0,0.8588841076002471,0.0,0.383414637,0.0,0.8588841076002471,0.0,0.0,0.0,0.0,0.0,0.0,0.0,0.0,0.0,0.11135931002862158,0.0,0.0,3.675e-09
12.0,0.8701652183371611,0.001713511,0.370354595,0.0008301265316567915,0.8693350918055044,0.0,0.0,0.0,0.0,0.0,0.0,0.0,0.0,0.0,0.0678594576747638,0.0,0.0,3.675e-09
13.0,0.8873338658493106,0.022835818,0.353402923,0.011063026962701571,0.8762708388866092,0.0,0.0,0.0,0.0,0.0,0.0,0.0,0.0,0.0,0.018026944042194213,0.0,0.0,3.675e-09
14.0,0.9071214232050357,0.07177203,0.351978638,0.034770635457763155,0.8723507877472726,0.0,0.0,0.0,0.0,0.0,0.0,0.0,0.0,0.0,0.018342794890978148,0.0,0.0,3.675e-09
15.0,0.9358070396982502,0.156272327,0.35474052,0.07570759966317461,0.8600994400350757,0.0,0.0,0.0,0.0,0.0,0.0,0.0,0.0,0.0,0.03758317633369397,0.0,0.0,3.675e-09
16.0,0.9612262510925412,0.254172169,0.355558635,0.12313609956145824,0.838090151531083,0.0,0.0,0.0,0.0,0.0,0.0,0.0,0.0,0.0,0.06166273189849646,0.0,0.0,3.675e-09
17.0,0.9760051735076591,0.326898601,0.364141626,0.15836910405103172,0.8176360694566275,0.0,0.0,0.0,0.0,0.0,0.0,0.0,0.0,0.0,0.10383635651957056,0.0,0.0,3.675e-09
18.0,0.9804174893402825,0.355445266,0.364137457,0.172198804593846,0.8082186847464365,0.0,0.0,0.0,0.0,0.0,0.0,0.0,0.0,0.0,0.11324319143740161,0.0,0.0,3.675e-09
19.0,0.9750261422109637,0.337477858,0.344982956,0.16349432467752073,0.811531817533443,0.0,0.0,0.0,0.0,0.0,0.0,0.0,0.0,0.0,0.06145896047159607,0.0,0.0,3.675e-09
20.0,0.9625279181006176,0.277657425,0.306721484,0.13451375287582382,0.7761688578841562,0.0,0.05184530734063745,0.0,0.0,0.0,0.0,0.0,0.0,0.0,0.0,0.0,0.0,0.006839048849999999
21.0,0.9547334938794306,0.188480083,0.265579304,0.09131095019942924,0.6720572109104335,0.0,0.191365332769568,0.0,0.0,0.0,0.0,0.0,0.0,0.0,0.0,0.0,0.0,0.006839048849999999
22.0,0.9590301064224136,0.098816494,0.246162472,0.04787258058728783,0.6229222754614105,0.0,0.2882352503737152,0.0,0.0,0.0,0.0,0.0,0.0,0.0,0.0,0.0,0.0,0.006839048849999999
23.0,0.9907974459177648,0.032117527,0.237900573,0.01555963824796185,0.6020152668386162,0.0,0.3732225408311868,0.0,0.0,0.0,0.0,0.0,0.0,0.0,0.0,0.0,0.0,0.006839048849999999
24.0,1.0242981159247575,0.002538671,0.229780602,0.0012298830601307367,0.5814674117130768,0.0,0.4416008211515499,0.0,0.0,0.0,0.0,0.0,0.0,0.0,0.0,0.0,0.0,0.006839048849999999
25.0,1.0374215849654975,0.0,0.220649176,0.0,0.558360036263388,0.0,0.4790615487021095,0.0,0.0,0.0,0.0,0.0,0.0,0.0,0.0,0.0,0.0,0.006839048849999999
26.0,1.0358128590733873,0.0,0.211841671,0.0,0.5360723536155726,0.0,0.4997405054578147,0.0,0.0,0.0,0.0,0.0,0.0,0.0,0.0,0.0,0.0,0.006839048849999999
27.0,1.0288239102145107,0.0,0.207879237,0.0,0.5260452833493718,0.0,0.5027786268651389,0.0,0.0,0.0,0.0,0.0,0.0,0.0,0.0,0.0,0.0,0.006839048849999999
28.0,1.0030397872914412,0.0,0.203906823,0.0,0.515992958363154,0.0,0.48704682892828716,0.0,0.0,0.0,0.0,0.0,0.0,0.0,0.0,0.0,0.0,0.006839048849999999
29.0,0.9681773737990412,0.0,0.201541219,0.0,0.5100067192156993,0.0,0.45817065458334194,0.0,0.0,0.0,0.0,0.0,0.0,0.0,0.0,0.0,0.0,0.006839048849999999
30.0,0.9301553591673162,0.0,0.201282033,0.0,0.5093508404719738,0.0,0.42080451869534236,0.0,0.0,0.0,0.0,0.0,0.0,0.0,0.0,0.0,0.0,0.006839048849999999
31.0,0.9052857393987411,0.0,0.200577512,0.0,0.5075680267844742,0.0,0.3977177126142669,0.0,0.0,0.0,0.0,0.0,0.0,0.0,0.0,0.0,0.0,0.006839048849999999
32.0,0.8833954903375748,0.0,0.198750371,0.0,0.502944386064337,0.0,0.38045110427323786,0.0,0.0,0.0,0.0,0.0,0.0,0.0,0.0,0.0,0.0,0.006839048849999999
33.0,0.8748245165764875,0.0,0.194935883,0.0,0.49329169804339346,0.0,0.3815328185330941,0.0,0.0,0.0,0.0,0.0,0.0,0.0,0.0,0.0,0.0,0.006839048849999999
34.0,0.8725949954190043,0.0,0.18841669,0.0,0.47679466458115183,0.0,0.39580033083785243,0.0,0.0,0.0,0.0,0.0,0.0,0.0,0.0,0.0,0.0,0.006839048849999999
35.0,0.8826723427774739,0.0,0.182074203,0.0,0.46074479149519904,0.0,0.4219275512822748,0.0,0.0,0.0,0.0,0.0,0.0,0.0,0.0,0.0,0.0,0.006839048849999999
36.0,0.9052746142362642,0.001415965,0.177347563,0.0006859775714293102,0.4487838726753437,0.0,0.45580476398949116,0.0,0.0,0.0,0.0,0.0,0.0,0.0,0.0,0.0,0.0,0.006839048849999999
37.0,0.9359138426579239,0.017568687,0.170622935,0.008511315775080382,0.43176697915230694,0.0,0.4956355477305366,0.0,0.0,0.0,0.0,0.0,0.0,0.0,0.0,0.0,0.0,0.006839048849999999
38.0,0.9678614135851162,0.062129364,0.169864624,0.03009915515649583,0.42984804809108723,0.0,0.5079142103375331,0.0,0.0,0.0,0.0,0.0,0.0,0.0,0.0,0.0,0.0,0.006839048849999999
39.0,0.9907507194354216,0.14318285,0.164084492,0.06936627933128801,0.4152212329285091,0.0,0.5061632071756246,0.0,0.0,0.0,0.0,0.0,0.0,0.0,0.0,0.0,0.0,0.006839048849999999
40.0,1.0022565622540849,0.234548752,0.147893711,0.1136293504985897,0.37424992621357916,0.0,0.514377285541916,0.0,0.0,0.0,0.0,0.0,0.0,0.0,0.0,0.0,0.0,0.006839048849999999
41.0,0.9992037640744335,0.296758301,0.14401171,0.14376735203304336,0.3644263943136253,0.0,0.4910100177277648,0.0,0.0,0.0,0.0,0.0,0.0,0.0,0.0,0.0,0.0,0.006839048849999999
42.0,0.9871639044575523,0.320494619,0.156967557,0.15526663469632518,0.39721159356922064,0.0,0.43468567619200654,0.0,0.0,0.0,0.0,0.0,0.0,0.0,0.0,0.0,0.0,0.006839048849999999
43.0,0.969151954430791,0.304419603,0.172000664,0.14747894189574937,0.4352533679453524,0.0,0.3864196445896892,0.0,0.0,0.0,0.0,0.0,0.0,0.0,0.0,0.0,0.0,0.006839048849999999
44.0,0.9508373941850924,0.251614996,0.17535338,0.12189725303328514,0.4437375266504855,0.0,0.38520261450132176,0.0,0.0,0.0,0.0,0.0,0.0,0.0,0.0,0.0,0.0,0.006839048849999999
45.0,0.9368394729747449,0.172985408,0.166654961,0.08380440905852078,0.42172588973291025,0.0,0.4313091741833138,0.0,0.0,0.0,0.0,0.0,0.0,0.0,0.0,0.0,0.0,0.006839048849999999
46.0,0.9431653497509264,0.091169057,0.179700033,0.044167707754330335,0.4547368758014851,0.0,0.44426076619511096,0.0,0.0,0.0,0.0,0.0,0.0,0.0,0.0,0.0,0.0,0.006839048849999999
47.0,0.9829852210366447,0.029465672,0.215774883,0.014274922133733974,0.5460254766444643,0.0,0.4226848222584463,0.0,0.0,0.0,0.0,0.0,0.0,0.0,0.0,0.0,0.0,0.006839048849999999
48.0,1.0274532663991371,0.002473826,0.243586308,0.0011984682895542509,0.6164032072711879,0.0,0.409851590838395,0.0,0.0,0.0,0.0,0.0,0.0,0.0,0.0,0.0,0.0,0.006839048849999999
49.0,1.0446797665560315,0.0,0.257673726,0.0,0.652051884360911,0.0,0.39262788219512046,0.0,0.0,0.0,0.0,0.0,0.0,0.0,0.0,0.0,0.0,0.006839048849999999
50.0,1.0473298260546027,0.0,0.263541403,0.0,0.6669002350409148,0.0,0.38042959101368784,0.0,0.0,0.0,0.0,0.0,0.0,0.0,0.0,0.0,0.0,0.006839048849999999
51.0,1.0399537163419181,0.0,0.272605825,0.0,0.6898380546529248,0.0,0.3501156616889933,0.0,0.0,0.0,0.0,0.0,0.0,0.0,0.0,0.0,0.0,0.006839048849999999
52.0,1.0156559395239382,0.0,0.285219308,0.0,0.7217568904852762,0.0,0.293899049038662,0.0,0.0,0.0,0.0,0.0,0.0,0.0,0.0,0.0,0.0,0.006839048849999999
53.0,0.9833123064130467,0.0,0.297550629,0.0,0.7529617060461351,0.0,0.2303506003669115,0.0,0.0,0.0,0.0,0.0,0.0,0.0,0.0,0.0,0.0,0.006839048849999999
54.0,0.951237907033737,0.0,0.310868656,0.0,0.7866634137682468,0.0,0.16457449326549023,0.0,0.0,0.0,0.0,0.0,0.0,0.0,0.0,0.0,0.0,0.006839048849999999
55.0,0.921653362213526,0.0,0.323241607,0.0,0.8179735754207205,0.0,0.10367978679280554,0.0,0.0,0.0,0.0,0.0,0.0,0.0,0.0,0.0,0.0,0.006839048849999999
56.0,0.9009401755409047,0.0,0.330241406,0.0,0.8356867982585725,0.0,0.06525337728233216,0.0,0.0,0.0,0.0,0.0,0.0,0.0,0.0,0.0,0.0,0.006839048849999999
57.0,0.8897480681036559,0.0,0.32827468,0.0,0.8307099330801585,0.0,0.05903813502349744,0.0,0.0,0.0,0.0,0.0,0.0,0.0,0.0,0.0,0.0,0.006839048849999999
58.0,0.8864861146696028,0.0,0.330211947,0.0,0.8356122512849266,0.0,0.05087386338467627,0.0,0.0,0.0,0.0,0.0,0.0,0.0,0.0,0.0,0.0,0.006839048849999999
59.0,0.89241370342965,0.0,0.341347121,0.0,0.8637901773082673,0.0,0.028623526121382692,0.0,0.0,0.0,0.0,0.0,0.0,0.0,0.0,0.0,0.0,0.006839048849999999
60.0,0.9104901805986874,0.001272851,0.357111944,0.0006166446471285441,0.9036835832186794,0.0,0.006189952732879517,0.0,0.0,0.0,0.0,0.0,0.0,0.0,0.0,0.0,0.0,0.006839048849999999
61.0,0.936029546947489,0.014252582,0.37769866,0.006904797496376748,0.9291247494511123,0.0,0.0,0.0,0.0,0.0,0.0,0.0,0.0,0.0,0.02665419936414673,0.0,0.0,3.675e-09
62.0,0.9643836273993557,0.052395652,0.39792228,0.02538356676359605,0.9390000606357597,0.0,0.0,0.0,0.0,0.0,0.0,0.0,0.0,0.0,0.06795542734127258,0.0,0.0,3.675e-09
63.0,0.979892372872031,0.128039497,0.424293976,0.06202993943995117,0.9178624334320798,0.0,0.0,0.0,0.0,0.0,0.0,0.0,0.0,0.0,0.1558275033284232,0.0,0.0,3.675e-09
64.0,0.9790334955299214,0.219209187,0.472447659,0.10619795385708936,0.8728355416728321,0.0,0.0,0.0,0.0,0.0,0.0,0.0,0.0,0.0,0.322708882258272,0.0,0.0,3.675e-09
65.0,0.9688515700442887,0.284974142,0.527448059,0.1380584052920174,0.8307931647522713,0.0,0.0,0.0,0.0,0.0,0.0,0.0,0.0,0.0,0.5039315901241921,0.0,0.0,3.675e-09
66.0,0.9593015649865059,0.314785893,0.569779834,0.1525009886546254,0.8068005763318804,0.0,0.0,0.0,0.0,0.0,0.0,0.0,0.0,0.0,0.6350461350031631,0.0,0.0,3.675e-09
67.0,0.9512557076936701,0.306460247,0.602365716,0.14846755108825893,0.8027881566054111,0.0,0.0,0.0,0.0,0.0,0.0,0.0,0.0,0.0,0.721518206675917,0.0,0.0,3.675e-09
68.0,0.9406554696993844,0.261762084,0.624470718,0.12681310532011392,0.8138423643792705,0.0,0.0,0.0,0.0,0.0,0.0,0.0,0.0,0.0,0.7664014374281015,0.0,0.0,3.675e-09
69.0,0.9327275415286239,0.188926791,0.61776638,0.09152736209448177,0.841200179434142,0.0,0.0,0.0,0.0,0.0,0.0,0.0,0.0,0.0,0.7220780733661399,0.0,0.0,3.675e-09
70.0,0.9456596539750458,0.103850898,0.572901651,0.0503115449893133,0.8953481089857325,0.0,0.0,0.0,0.0,0.0,0.0,0.0,0.0,0.0,0.5543984634996091,0.0,0.0,3.675e-09
71.0,0.9893155484777718,0.032824888,0.550211148,0.015902325942151897,0.97341322253562,0.0,0.0,0.0,0.0,0.0,0.0,0.0,0.0,0.0,0.4189142817819142,0.0,0.0,3.675e-09
72.0,1.0341930070188754,0.002419713,0.562043837,0.001172252737388234,1.033020754281487,0.0,0.0,0.0,0.0,0.0,0.0,0.0,0.0,0.0,0.38924976083221424,0.0,0.0,3.675e-09
73.0,1.0572981446209633,0.0,0.574594873,0.0,1.0572981446209633,0.0,0.0,0.0,0.0,0.0,0.0,0.0,0.0,0.0,0.3967331821266012,0.0,0.0,3.675e-09
74.0,1.0624514096735456,0.0,0.585923217,0.0,1.0624514096735456,0.0,0.0,0.0,0.0,0.0,0.0,0.0,0.0,0.0,0.4202466661700778,0.0,0.0,3.675e-09
75.0,1.0458212286246351,0.0,0.604489555,0.0,1.0458212286246351,0.0,0.0,0.0,0.0,0.0,0.0,0.0,0.0,0.0,0.4838595794769972,0.0,0.0,3.675e-09
76.0,1.0080817977194794,0.0,0.615647488,0.0,1.0080817977194794,0.0,0.0,0.0,0.0,0.0,0.0,0.0,0.0,0.0,0.5498345288075853,0.0,0.0,3.675e-09
77.0,0.9630730600613127,0.0,0.622879539,0.0,0.9630730600613127,0.0,0.0,0.0,0.0,0.0,0.0,0.0,0.0,0.0,0.6131442106696801,0.0,0.0,3.675e-09
78.0,0.9386640306186377,0.0,0.626641967,0.0,0.9386640306186377,0.0,0.0,0.0,0.0,0.0,0.0,0.0,0.0,0.0,0.6470741885817857,0.0,0.0,3.675e-09
79.0,0.914141522718833,0.0,0.630656887,0.0,0.914141522718833,0.0,0.0,0.0,0.0,0.0,0.0,0.0,0.0,0.0,0.6817565843063906,0.0,0.0,3.675e-09
80.0,0.900092423361272,0.0,0.62957607,0.0,0.900092423361272,0.0,0.0,0.0,0.0,0.0,0.0,0.0,0.0,0.0,0.6930706405051498,0.0,0.0,3.675e-09
81.0,0.8976648711119394,0.0,0.618736242,0.0,0.8976648711119394,0.0,0.0,0.0,0.0,0.0,0.0,0.0,0.0,0.0,0.6680676495506007,0.0,0.0,3.675e-09
82.0,0.9086811977822924,0.0,0.611579381,0.0,0.9086811977822924,0.0,0.0,0.0,0.0,0.0,0.0,0.0,0.0,0.0,0.6389406494576918,0.0,0.0,3.675e-09
83.0,0.9438506711586508,0.0,0.606348949,0.0,0.9438506711586508,0.0,0.0,0.0,0.0,0.0,0.0,0.0,0.0,0.0,0.5905353949461563,0.0,0.0,3.675e-09
84.0,1.0193540081264267,0.000950061,0.595290687,0.00046026599350245377,1.0188937421329243,0.0,0.0,0.0,0.0,0.0,0.0,0.0,0.0,0.0,0.4875090263078569,0.0,0.0,3.675e-09
85.0,1.0907498633131025,0.012682659,0.57384523,0.00614423352278205,1.0846056297903204,0.0,0.0,0.0,0.0,0.0,0.0,0.0,0.0,0.0,0.3675287005566564,0.0,0.0,3.675e-09
86.0,1.1203210581383263,0.061593389,0.578759288,0.02983949702310494,1.0904815611152212,0.0,0.0,0.0,0.0,0.0,0.0,0.0,0.0,0.0,0.37408795549812257,0.0,0.0,3.675e-09
87.0,1.1254854473534608,0.153015297,0.615080004,0.07412970082423972,1.051355746529221,0.0,0.0,0.0,0.0,0.0,0.0,0.0,0.0,0.0,0.5051245429703638,0.0,0.0,3.675e-09
88.0,1.1241926816752754,0.244685667,0.597628653,0.11854027437981937,1.005652407295456,0.0,0.0,0.0,0.0,0.0,0.0,0.0,0.0,0.0,0.5066666614198504,0.0,0.0,3.675e-09
89.0,1.1125021577597503,0.30948573,0.602385433,0.14993327480370436,0.9625688829560459,0.0,0.0,0.0,0.0,0.0,0.0,0.0,0.0,0.0,0.5617873748457812,0.0,0.0,3.675e-09
90.0,1.0982906296301305,0.337022519,0.626576773,0.16327373141328252,0.9350168982168479,0.0,0.0,0.0,0.0,0.0,0.0,0.0,0.0,0.0,0.6505563454107498,0.0,0.0,3.675e-09
91.0,1.0859125584744456,0.32573666,0.647302348,0.1578061907972972,0.9281063676771483,0.0,0.0,0.0,0.0,0.0,0.0,0.0,0.0,0.0,0.7099136288382984,0.0,0.0,3.675e-09
92.0,1.0758196362884782,0.275944671,0.653644392,0.13368399307994194,0.9421356432085362,0.0,0.0,0.0,0.0,0.0,0.0,0.0,0.0,0.0,0.7119331053667146,0.0,0.0,3.675e-09
93.0,1.068610406012798,0.193942298,0.637292793,0.09395717166699713,0.974653234345801,0.0,0.0,0.0,0.0,0.0,0.0,0.0,0.0,0.0,0.6380372522476128,0.0,0.0,3.675e-09
94.0,1.0789347357779706,0.098901139,0.589809497,0.047913587654223544,1.031021148123747,0.0,0.0,0.0,0.0,0.0,0.0,0.0,0.0,0.0,0.46151128777082717,0.0,0.0,3.675e-09
95.0,1.1218563565581938,0.027833821,0.550211954,0.013484356557667835,1.1083720000005262,0.0,0.0,0.0,0.0,0.0,0.0,0.0,0.0,0.0,0.2839575439266609,0.0,0.0,3.675e-09
96.0,1.1748909260167526,0.002156788,0.538069891,0.0010448762464664587,1.173846049770286,0.0,0.0,0.0,0.0,0.0,0.0,0.0,0.0,0.0,0.18775760222339843,0.0,0.0,3.675e-09
97.0,1.199607015343386,0.0,0.522880194,0.0,1.199607015343386,0.0,0.0,0.0,0.0,0.0,0.0,0.0,0.0,0.0,0.12355860610107104,0.0,0.0,3.675e-09
98.0,1.2010288353061236,0.0,0.503423333,0.0,1.2010288353061236,0.0,0.0,0.0,0.0,0.0,0.0,0.0,0.0,0.0,0.0729005559811372,0.0,0.0,3.675e-09
99.0,1.1835509020775805,0.0,0.489301011,0.0,1.1835509020775805,0.0,0.0,0.0,0.0,0.0,0.0,0.0,0.0,0.0,0.05464148639375659,0.0,0.0,3.675e-09
100.0,1.1391206828674647,0.0,0.487969776,0.0,1.1391206828674647,0.0,0.0,0.0,0.0,0.0,0.0,0.0,0.0,0.0,0.09570297141528393,0.0,0.0,3.675e-09
101.0,1.0842593309325026,0.0,0.489826744,0.0,1.0842593309325026,0.0,0.0,0.0,0.0,0.0,0.0,0.0,0.0,0.0,0.15526344228019812,0.0,0.0,3.675e-09
102.0,1.0461905898184343,0.0,0.497774706,0.0,1.0461905898184343,0.0,0.0,0.0,0.0,0.0,0.0,0.0,0.0,0.0,0.21344476405733692,0.0,0.0,3.675e-09
103.0,1.0227761674998777,0.0,0.511459543,0.0,1.0227761674998777,0.0,0.0,0.0,0.0,0.0,0.0,0.0,0.0,0.0,0.27148911893262573,0.0,0.0,3.675e-09
104.0,1.0073786756518217,0.0,0.528502313,0.0,1.0073786756518217,0.0,0.0,0.0,0.0,0.0,0.0,0.0,0.0,0.0,0.33001390383356216,0.0,0.0,3.675e-09
105.0,1.0035426534347387,0.0,0.534799378,0.0,1.0035426534347387,0.0,0.0,0.0,0.0,0.0,0.0,0.0,0.0,0.0,0.3497848572635897,0.0,0.0,3.675e-09
106.0,1.0148882903140044,0.0,0.540270299,0.0,1.0148882903140044,0.0,0.0,0.0,0.0,0.0,0.0,0.0,0.0,0.0,0.352283566886457,0.0,0.0,3.675e-09
107.0,1.0521115040809503,0.0,0.551112948,0.0,1.0521115040809503,0.0,0.0,0.0,0.0,0.0,0.0,0.0,0.0,0.0,0.34249803495717734,0.0,0.0,3.675e-09
108.0,1.1271275507328513,0.001690679,0.555495082,0.0008190653543601253,1.1263084853784913,0.0,0.0,0.0,0.0,0.0,0.0,0.0,0.0,0.0,0.2793901886544165,0.0,0.0,3.675e-09
109.0,1.1961915314673912,0.024912119,0.565819454,0.012068910524467751,1.1841226209429234,0.0,0.0,0.0,0.0,0.0,0.0,0.0,0.0,0.0,0.24770221784084082,0.0,0.0,3.675e-09
110.0,1.2196682560957137,0.093364711,0.596866276,0.045231413000306794,1.1744368430954066,0.0,0.0,0.0,0.0,0.0,0.0,0.0,0.0,0.0,0.3359530054112261,0.0,0.0,3.675e-09
111.0,1.1997427441254698,0.193768984,0.605403039,0.09387320806845147,1.1058695360570183,0.0,0.0,0.0,0.0,0.0,0.0,0.0,0.0,0.0,0.42612287351357225,0.0,0.0,3.675e-09
112.0,1.18150828684947,0.293105831,0.602004604,0.1419978785641946,1.0395104082852753,0.0,0.0,0.0,0.0,0.0,0.0,0.0,0.0,0.0,0.4838821491388528,0.0,0.0,3.675e-09
113.0,1.1555083321746178,0.360692119,0.613561122,0.174740691913509,0.9807676402611086,0.0,0.0,0.0,0.0,0.0,0.0,0.0,0.0,0.0,0.5718690681113037,0.0,0.0,3.675e-09
114.0,1.1284269919084926,0.384479665,0.631576163,0.186264792463553,0.9421621994449397,0.0,0.0,0.0,0.0,0.0,0.0,0.0,0.0,0.0,0.6560621658967712,0.0,0.0,3.675e-09
115.0,1.1084414034609178,0.362417233,0.630484089,0.17557643962772418,0.9328649638331936,0.0,0.0,0.0,0.0,0.0,0.0,0.0,0.0,0.0,0.6625958721389704,0.0,0.0,3.675e-09
116.0,1.0908166152878893,0.298815146,0.602883171,0.14476380995248805,0.9460528053354013,0.0,0.0,0.0,0.0,0.0,0.0,0.0,0.0,0.0,0.5795629949345548,0.0,0.0,3.675e-09
117.0,1.080401057390541,0.204606582,0.554438481,0.09912358442391728,0.9812774729666237,0.0,0.0,0.0,0.0,0.0,0.0,0.0,0.0,0.0,0.4217474372962535,0.0,0.0,3.675e-09
118.0,1.090654185515906,0.103337257,0.510791093,0.05006270677243187,1.040591478743474,0.0,0.0,0.0,0.0,0.0,0.0,0.0,0.0,0.0,0.25198227285982056,0.0,0.0,3.675e-09
119.0,1.1161512750473852,0.030003803,0.502564386,0.01453562476161731,1.1016156502857681,0.0,0.0,0.0,0.0,0.0,0.0,0.0,0.0,0.0,0.17014014721445606,0.0,0.0,3.675e-09
120.0,1.2119339093517822,0.002393174,0.490883854,0.0011593956690509782,1.2107745136827313,0.0,0.0,0.0,0.0,0.0,0.0,0.0,0.0,0.0,0.031423311341331785,0.0,0.0,3.675e-09
121.0,1.2127950115264021,0.0,0.470010571,0.0,1.1893772921578267,0.0,0.02341771936857544,0.0,0.0,0.0,0.0,0.0,0.0,0.0,0.0,0.0,0.0,0.006839048849999999
122.0,1.2114532935334386,0.0,0.450523741,0.0,1.14006522445512,0.0,0.0713880690783186,0.0,0.0,0.0,0.0,0.0,0.0,0.0,0.0,0.0,0.0,0.006839048849999999
123.0,1.1897032239193017,0.0,0.431317811,0.0,1.091463983491174,0.0,0.0982392404281278,0.0,0.0,0.0,0.0,0.0,0.0,0.0,0.0,0.0,0.0,0.006839048849999999
124.0,1.1412456258977848,0.0,0.413585334,0.0,1.0465913640676612,0.0,0.09465426183012342,0.0,0.0,0.0,0.0,0.0,0.0,0.0,0.0,0.0,0.0,0.006839048849999999
125.0,1.0879796498599452,0.0,0.394295466,0.0,0.9977777152190656,0.0,0.09020193464087964,0.0,0.0,0.0,0.0,0.0,0.0,0.0,0.0,0.0,0.0,0.006839048849999999
126.0,1.0443749325045082,0.0,0.376291041,0.0,0.9522169223888152,0.0,0.092158010115693,0.0,0.0,0.0,0.0,0.0,0.0,0.0,0.0,0.0,0.0,0.006839048849999999
127.0,1.0218371871880692,0.0,0.356030652,0.0,0.90094733805667,0.0,0.12088984913139905,0.0,0.0,0.0,0.0,0.0,0.0,0.0,0.0,0.0,0.0,0.006839048849999999
128.0,1.002877356519533,0.0,0.337567881,0.0,0.8542266855168997,0.0,0.1486506710026333,0.0,0.0,0.0,0.0,0.0,0.0,0.0,0.0,0.0,0.0,0.006839048849999999
129.0,0.9969163912721302,0.0,0.328015135,0.0,0.8300531458750615,0.0,0.1668632453970686,0.0,0.0,0.0,0.0,0.0,0.0,0.0,0.0,0.0,0.0,0.006839048849999999
130.0,1.00133760743472,0.0,0.322729047,0.0,0.8166765253914597,0.0,0.18466108204326026,0.0,0.0,0.0,0.0,0.0,0.0,0.0,0.0,0.0,0.0,0.006839048849999999
131.0,1.0321503917907646,0.0,0.316436601,0.0,0.8007532827107555,0.0,0.23139710908000916,0.0,0.0,0.0,0.0,0.0,0.0,0.0,0.0,0.0,0.0,0.006839048849999999
132.0,1.1036085492872065,0.001636925,0.310566301,0.0007930237231230459,0.7858982944425149,0.0,0.3169172311215686,0.0,0.0,0.0,0.0,0.0,0.0,0.0,0.0,0.0,0.0,0.006839048849999999
133.0,1.1674057865120344,0.023642802,0.302665464,0.011453977956901505,0.7659049651502672,0.0,0.3900468434048656,0.0,0.0,0.0,0.0,0.0,0.0,0.0,0.0,0.0,0.0,0.006839048849999999
134.0,1.1802711479835943,0.090870467,0.296956432,0.044023053018476636,0.7514580708888136,0.0,0.3847900240763041,0.0,0.0,0.0,0.0,0.0,0.0,0.0,0.0,0.0,0.0,0.006839048849999999
135.0,1.1662999267632217,0.196875031,0.287753333,0.09537796177197189,0.7281693245425525,0.0,0.34275264044869724,0.0,0.0,0.0,0.0,0.0,0.0,0.0,0.0,0.0,0.0,0.006839048849999999
136.0,1.1468283296214214,0.303098992,0.286059155,0.1468391594670998,0.7238821510907166,0.0,0.27610701906360485,0.0,0.0,0.0,0.0,0.0,0.0,0.0,0.0,0.0,0.0,0.006839048849999999
137.0,1.1236074877297686,0.376495323,0.303135283,0.18239670283236784,0.7670938576656745,0.0,0.1741169272317262,0.0,0.0,0.0,0.0,0.0,0.0,0.0,0.0,0.0,0.0,0.006839048849999999
138.0,1.0999349568421068,0.404739635,0.341520326,0.19607992561856083,0.8642284782882855,0.0,0.03962655293526062,0.0,0.0,0.0,0.0,0.0,0.0,0.0,0.0,0.0,0.0,0.006839048849999999
139.0,1.0801184736639715,0.386285847,0.376178604,0.18713981433338686,0.8929786593305847,0.0,0.0,0.0,0.0,0.0,0.0,0.0,0.0,0.0,0.058953737511679934,0.0,0.0,3.675e-09
140.0,1.064255941824995,0.321339888,0.398261112,0.1556761332191167,0.9085798086058783,0.0,0.0,0.0,0.0,0.0,0.0,0.0,0.0,0.0,0.09923310495160192,0.0,0.0,3.675e-09
141.0,1.0567574523252892,0.2218606,0.404472529,0.10748245584025708,0.9492749964850321,0.0,0.0,0.0,0.0,0.0,0.0,0.0,0.0,0.0,0.07425611318919702,0.0,0.0,3.675e-09
142.0,1.0643137944697396,0.11322791,0.417344079,0.05485432670992328,1.0094594677598163,0.0,0.0,0.0,0.0,0.0,0.0,0.0,0.0,0.0,0.0466435248239867,0.0,0.0,3.675e-09
143.0,1.1048746149754167,0.033716701,0.447687842,0.016334373143819372,1.0885402418315975,0.0,0.0,0.0,0.0,0.0,0.0,0.0,0.0,0.0,0.04434864642691992,0.0,0.0,3.675e-09
144.0,1.1465991468747267,0.002737736,0.483318744,0.0013263219729969273,1.1452728249017299,0.0,0.0,0.0,0.0,0.0,0.0,0.0,0.0,0.0,0.07778123910535767,0.0,0.0,3.675e-09
145.0,1.1600141009719274,0.0,0.51440032,0.0,1.1600141009719271,0.0,0.0,0.0,0.0,0.0,0.0,0.0,0.0,0.0,0.14169291890426952,0.0,0.0,3.675e-09
146.0,1.1538573294651853,0.0,0.536516946,0.0,1.1538573294651853,0.0,0.0,0.0,0.0,0.0,0.0,0.0,0.0,0.0,0.20381654385343603,0.0,0.0,3.675e-09
147.0,1.1281733340043334,0.0,0.553970075,0.0,1.1281733340043334,0.0,0.0,0.0,0.0,0.0,0.0,0.0,0.0,0.0,0.27366625938636086,0.0,0.0,3.675e-09
148.0,1.0820898872522748,0.0,0.574709044,0.0,1.0820898872522748,0.0,0.0,0.0,0.0,0.0,0.0,0.0,0.0,0.0,0.3722303529861798,0.0,0.0,3.675e-09
149.0,1.0266811675241825,0.0,0.596344222,0.0,1.0266811675241825,0.0,0.0,0.0,0.0,0.0,0.0,0.0,0.0,0.0,0.4823876060722435,0.0,0.0,3.675e-09
150.0,0.9786596836711763,0.0,0.614895917,0.0,0.9786596836711763,0.0,0.0,0.0,0.0,0.0,0.0,0.0,0.0,0.0,0.5773547675875461,0.0,0.0,3.675e-09
151.0,0.9463917028650382,0.0,0.633415201,0.0,0.9463917028650382,0.0,0.0,0.0,0.0,0.0,0.0,0.0,0.0,0.0,0.6564864089487183,0.0,0.0,3.675e-09
152.0,0.9246015812660893,0.0,0.65566615,0.0,0.9246015812660893,0.0,0.0,0.0,0.0,0.0,0.0,0.0,0.0,0.0,0.7345832927833656,0.0,0.0,3.675e-09
153.0,0.9128910328580452,0.0,0.680927787,0.0,0.9128910328580452,0.0,0.0,0.0,0.0,0.0,0.0,0.0,0.0,0.0,0.8102192489681084,0.0,0.0,3.675e-09
154.0,0.914490858420189,0.0,0.704303683,0.0,0.914490858420189,0.0,0.0,0.0,0.0,0.0,0.0,0.0,0.0,0.0,0.8677729012247497,0.0,0.0,3.675e-09
155.0,0.9424244005309675,0.0,0.723618964,0.0,0.9424244005309675,0.0,0.0,0.0,0.0,0.0,0.0,0.0,0.0,0.0,0.8887173163994202,0.0,0.0,3.675e-09
156.0,1.0106361794208538,0.001772077,0.737750215,0.0008584993815848116,1.0097776800392688,0.0,0.0,0.0,0.0,0.0,0.0,0.0,0.0,0.0,0.8571236348368055,0.0,0.0,3.675e-09
157.0,1.0752700436628375,0.023061166,0.743906335,0.011172198922295524,1.064097844740542,0.0,0.0,0.0,0.0,0.0,0.0,0.0,0.0,0.0,0.8183817353652277,0.0,0.0,3.675e-09
158.0,1.0940229429095576,0.085669268,0.805698963,0.04150328320881288,1.0525196597007447,0.0,0.0,0.0,0.0,0.0,0.0,0.0,0.0,0.0,0.9863282089088082,0.0,0.0,3.675e-09
159.0,1.092107157133489,0.188584614,0.884360012,0.09136159122623365,1.0007455659072553,0.0,0.0,0.0,0.0,0.0,0.0,0.0,0.0,0.0,1.2371566883491139,0.0,0.0,3.675e-09
160.0,1.0864755020949983,0.298652656,0.879515024,0.1446850901426188,0.9417904119523796,0.0,0.0,0.0,0.0,0.0,0.0,0.0,0.0,0.0,1.2838514399566197,0.0,0.0,3.675e-09
161.0,1.0647832841256815,0.378101413,0.864639133,0.18317478824951933,0.8816084958761622,0.0,0.0,0.0,0.0,0.0,0.0,0.0,0.0,0.0,1.306389421943501,0.0,0.0,3.675e-09
162.0,1.0523718374825657,0.412758645,0.851737119,0.199964810488644,0.8524070269939217,0.0,0.0,0.0,0.0,0.0,0.0,0.0,0.0,0.0,1.3029419177567882,0.0,0.0,3.675e-09
163.0,1.0357995080784752,0.397436559,0.833625161,0.19254188171320746,0.8432576263652678,0.0,0.0,0.0,0.0,0.0,0.0,0.0,0.0,0.0,1.2662584097428056,0.0,0.0,3.675e-09
164.0,1.022669363540279,0.334246913,0.810810742,0.16192906296235002,0.860740300577929,0.0,0.0,0.0,0.0,0.0,0.0,0.0,0.0,0.0,1.1910430938267007,0.0,0.0,3.675e-09
165.0,1.0158383957882897,0.232590558,0.776813638,0.11268068498460636,0.9031577108036833,0.0,0.0,0.0,0.0,0.0,0.0,0.0,0.0,0.0,1.0625948877175746,0.0,0.0,3.675e-09
166.0,1.0197545209750714,0.118072793,0.730615634,0.05720147587971148,0.96255304509536,0.0,0.0,0.0,0.0,0.0,0.0,0.0,0.0,0.0,0.8862939766349103,0.0,0.0,3.675e-09
167.0,1.0537736319528597,0.034562321,0.692887031,0.016744041711864523,1.0370295902409952,0.0,0.0,0.0,0.0,0.0,0.0,0.0,0.0,0.0,0.7163439539937285,0.0,0.0,3.675e-09
168.0,1.0883490120536696,0.002689463,0.689309159,0.0013029356637974717,1.0870460763898722,0.0,0.0,0.0,0.0,0.0,0.0,0.0,0.0,0.0,0.6572735444362918,0.0,0.0,3.675e-09
169.0,1.1006403047421995,0.0,0.69339503,0.0,1.1006403047421995,0.0,0.0,0.0,0.0,0.0,0.0,0.0,0.0,0.0,0.6540187477604622,0.0,0.0,3.675e-09
170.0,1.094519133555399,0.0,0.689238916,0.0,1.094519133555399,0.0,0.0,0.0,0.0,0.0,0.0,0.0,0.0,0.0,0.6496227350364795,0.0,0.0,3.675e-09
171.0,1.0727668391087515,0.0,0.675291689,0.0,1.0727668391087515,0.0,0.0,0.0,0.0,0.0,0.0,0.0,0.0,0.0,0.6360811103547197,0.0,0.0,3.675e-09
172.0,1.027787027272995,0.0,0.65413336,0.0,1.027787027272995,0.0,0.0,0.0,0.0,0.0,0.0,0.0,0.0,0.0,0.6275190709953795,0.0,0.0,3.675e-09
173.0,0.9727899455560245,0.0,0.6306067,0.0,0.9727899455560245,0.0,0.0,0.0,0.0,0.0,0.0,0.0,0.0,0.0,0.6229811616061225,0.0,0.0,3.675e-09
174.0,0.9240252886504738,0.0,0.616399916,0.0,0.9240252886504738,0.0,0.0,0.0,0.0,0.0,0.0,0.0,0.0,0.0,0.6357950818117722,0.0,0.0,3.675e-09
175.0,0.8902954358967862,0.0,0.608689554,0.0,0.8902954358967862,0.0,0.0,0.0,0.0,0.0,0.0,0.0,0.0,0.0,0.6500136085593122,0.0,0.0,3.675e-09
176.0,0.8668298364309405,0.0,0.61218975,0.0,0.8668298364309405,0.0,0.0,0.0,0.0,0.0,0.0,0.0,0.0,0.0,0.6823365697471386,0.0,0.0,3.675e-09
177.0,0.8563809030461611,0.0,0.61837364,0.0,0.8563809030461611,0.0,0.0,0.0,0.0,0.0,0.0,0.0,0.0,0.0,0.7084340412649077,0.0,0.0,3.675e-09
178.0,0.8569727714891993,0.0,0.634326267,0.0,0.8569727714891993,0.0,0.0,0.0,0.0,0.0,0.0,0.0,0.0,0.0,0.7482108229645577,0.0,0.0,3.675e-09
179.0,0.8808878351185432,0.0,0.652736737,0.0,0.8808878351185432,0.0,0.0,0.0,0.0,0.0,0.0,0.0,0.0,0.0,0.7708840624650017,0.0,0.0,3.675e-09
180.0,0.948665725672354,0.002529211,0.67974215,0.0012253000740924367,0.9474404255982616,0.0,0.0,0.0,0.0,0.0,0.0,0.0,0.0,0.0,0.7726695625929174,0.0,0.0,3.675e-09
181.0,1.0140494384643381,0.030969442,0.710194659,0.015003437663841183,0.999046000800497,0.0,0.0,0.0,0.0,0.0,0.0,0.0,0.0,0.0,0.7981250684143935,0.0,0.0,3.675e-09
182.0,1.0400872202914917,0.097969353,0.753807021,0.047462175156476896,0.9926250451350148,0.0,0.0,0.0,0.0,0.0,0.0,0.0,0.0,0.0,0.9149085482882232,0.0,0.0,3.675e-09
183.0,1.052035851776197,0.194958052,0.794895212,0.0944492632526575,0.9575865885235395,0.0,0.0,0.0,0.0,0.0,0.0,0.0,0.0,0.0,1.0539220309236208,0.0,0.0,3.675e-09
184.0,1.0613588999197203,0.294762996,0.808973384,0.1428007077458182,0.9185581921739021,0.0,0.0,0.0,0.0,0.0,0.0,0.0,0.0,0.0,1.1285757070542362,0.0,0.0,3.675e-09
185.0,1.0575251025351478,0.364843034,0.848450829,0.17675164175401317,0.8807734607811345,0.0,0.0,0.0,0.0,0.0,0.0,0.0,0.0,0.0,1.266259418454008,0.0,0.0,3.675e-09
186.0,1.0433892257103565,0.390425959,0.882412595,0.1891455305588623,0.8542436951514942,0.0,0.0,0.0,0.0,0.0,0.0,0.0,0.0,0.0,1.3787305559894678,0.0,0.0,3.675e-09
187.0,1.0319879620187813,0.369341858,0.898177137,0.17893113938411556,0.8530568226346656,0.0,0.0,0.0,0.0,0.0,0.0,0.0,0.0,0.0,1.4198101233369165,0.0,0.0,3.675e-09
188.0,1.0217303842283956,0.307065577,0.903350274,0.14876080890417478,0.8729695753242208,0.0,0.0,0.0,0.0,0.0,0.0,0.0,0.0,0.0,1.4129881648904155,0.0,0.0,3.675e-09
189.0,1.011957871921374,0.212539584,0.90782452,0.10296680190888609,0.9089910700124879,0.0,0.0,0.0,0.0,0.0,0.0,0.0,0.0,0.0,1.388288897658875,0.0,0.0,3.675e-09
190.0,1.0116864133572818,0.107316875,0.912428008,0.05199067016902456,0.9596957431882573,0.0,0.0,0.0,0.0,0.0,0.0,0.0,0.0,0.0,1.3492335030945883,0.0,0.0,3.675e-09
191.0,1.0318099554194506,0.029931648,0.938101245,0.014500668592738502,1.0173092868267122,0.0,0.0,0.0,0.0,0.0,0.0,0.0,0.0,0.0,1.3565869346435617,0.0,0.0,3.675e-09
192.0,1.052207181878147,0.001986928,0.963701085,0.0009625859707301356,1.051244595907417,0.0,0.0,0.0,0.0,0.0,0.0,0.0,0.0,0.0,1.387432867214704,0.0,0.0,3.675e-09
193.0,1.0540984924967514,0.0,0.955265084,0.0,1.0540984924967514,0.0,0.0,0.0,0.0,0.0,0.0,0.0,0.0,0.0,1.363231391134395,0.0,0.0,3.675e-09
194.0,1.0648878622528448,0.0,0.93106952,0.0,1.0648878622528448,0.0,0.0,0.0,0.0,0.0,0.0,0.0,0.0,0.0,1.291214346580853,0.0,0.0,3.675e-09
195.0,1.0223356036663458,0.0,0.901410455,0.0,1.0223356036663458,0.0,0.0,0.0,0.0,0.0,0.0,0.0,0.0,0.0,1.2587133604231333,0.0,0.0,3.675e-09
196.0,0.9875644173061969,0.0,0.872383186,0.0,0.9875644173061969,0.0,0.0,0.0,0.0,0.0,0.0,0.0,0.0,0.0,1.2200300827092032,0.0,0.0,3.675e-09
197.0,0.9445827200486432,0.0,0.84582683,0.0,0.9445827200486432,0.0,0.0,0.0,0.0,0.0,0.0,0.0,0.0,0.0,1.1958100429469756,0.0,0.0,3.675e-09
198.0,0.9040708508578196,0.0,0.816800457,0.0,0.9040708508578196,0.0,0.0,0.0,0.0,0.0,0.0,0.0,0.0,0.0,1.1628697154213492,0.0,0.0,3.675e-09
199.0,0.8692507141827418,0.0,0.782833429,0.0,0.8692507141827418,0.0,0.0,0.0,0.0,0.0,0.0,0.0,0.0,0.0,1.1117351645256035,0.0,0.0,3.675e-09
200.0,0.8447615817703681,0.0,0.751396631,0.0,0.8447615817703681,0.0,0.0,0.0,0.0,0.0,0.0,0.0,0.0,0.0,1.0566724400514385,0.0,0.0,3.675e-09
201.0,0.8333180412614706,0.0,0.71681203,0.0,0.8333180412614706,0.0,0.0,0.0,0.0,0.0,0.0,0.0,0.0,0.0,0.9805985040911974,0.0,0.0,3.675e-09
202.0,0.8295398706892078,0.0,0.67102375,0.0,0.8295398706892078,0.0,0.0,0.0,0.0,0.0,0.0,0.0,0.0,0.0,0.8685079180031673,0.0,0.0,3.675e-09
203.0,0.8375345508347548,0.0,0.62653599,0.0,0.8375345508347548,0.0,0.0,0.0,0.0,0.0,0.0,0.0,0.0,0.0,0.7479354900627364,0.0,0.0,3.675e-09
204.0,0.855575426683926,0.001284177,0.584179311,0.0006221316344297899,0.8549532950494962,0.0,0.0,0.0,0.0,0.0,0.0,0.0,0.0,0.0,0.623331768993893,0.0,0.0,3.675e-09
205.0,0.8885487553901569,0.019911726,0.547807475,0.009646423071506609,0.8789023323186502,0.0,0.0,0.0,0.0,0.0,0.0,0.0,0.0,0.0,0.5073425979880692,0.0,0.0,3.675e-09
206.0,0.927471923181389,0.078080009,0.552933739,0.037826595255531524,0.8896453279258576,0.0,0.0,0.0,0.0,0.0,0.0,0.0,0.0,0.0,0.5095717829474264,0.0,0.0,3.675e-09
207.0,0.9626725472126679,0.177223916,0.597082999,0.0858577941523075,0.8768147530603605,0.0,0.0,0.0,0.0,0.0,0.0,0.0,0.0,0.0,0.6341235201643375,0.0,0.0,3.675e-09
208.0,0.9873953120367575,0.279504407,0.589011628,0.13540854068967065,0.8519867713470868,0.0,0.0,0.0,0.0,0.0,0.0,0.0,0.0,0.0,0.6385266306591696,0.0,0.0,3.675e-09
209.0,0.9962332946969161,0.349615664,0.539040449,0.1693745990362514,0.8268586956606648,0.0,0.0,0.0,0.0,0.0,0.0,0.0,0.0,0.0,0.537200985446293,0.0,0.0,3.675e-09
210.0,0.9929201641155742,0.37701433,0.495562251,0.18264814065845453,0.8102720234571197,0.0,0.0,0.0,0.0,0.0,0.0,0.0,0.0,0.0,0.4437646398800061,0.0,0.0,3.675e-09
211.0,0.9825379817056569,0.357174587,0.460468197,0.17303659042880784,0.809501391276849,0.0,0.0,0.0,0.0,0.0,0.0,0.0,0.0,0.0,0.3557286079281193,0.0,0.0,3.675e-09
212.0,0.9733640143390543,0.295450911,0.423538858,0.14313397464228092,0.8302300396967734,0.0,0.0,0.0,0.0,0.0,0.0,0.0,0.0,0.0,0.2415490459945956,0.0,0.0,3.675e-09
213.0,0.9686802399423388,0.201396342,0.385623805,0.09756835344087375,0.871111886501465,0.0,0.0,0.0,0.0,0.0,0.0,0.0,0.0,0.0,0.1047219038038551,0.0,0.0,3.675e-09
214.0,0.9768061992049487,0.099881554,0.345627447,0.04838855892872034,0.8746216837924752,0.0,0.053795956483753175,0.0,0.0,0.0,0.0,0.0,0.0,0.0,0.0,0.0,0.0,0.006839048849999999
215.0,1.0040922450604548,0.027840747,0.340372648,0.013487711923555917,0.8613242411580337,0.0,0.12928029197886523,0.0,0.0,0.0,0.0,0.0,0.0,0.0,0.0,0.0,0.0,0.006839048849999999
216.0,1.030083300405265,0.002088584,0.357103532,0.001011834176724788,0.9036622963745125,0.0,0.12540916985402784,0.0,0.0,0.0,0.0,0.0,0.0,0.0,0.0,0.0,0.0,0.006839048849999999
217.0,1.03973343392519,0.0,0.367009769,0.0,0.9287303566810404,0.0,0.11100307724414966,0.0,0.0,0.0,0.0,0.0,0.0,0.0,0.0,0.0,0.0,0.006839048849999999
218.0,1.0364737043237227,0.0,0.369193206,0.0,0.9342556162111229,0.0,0.10221808811259986,0.0,0.0,0.0,0.0,0.0,0.0,0.0,0.0,0.0,0.0,0.006839048849999999
219.0,1.02031968842821,0.0,0.369593941,0.0,0.9352696893800704,0.0,0.08504999904813952,0.0,0.0,0.0,0.0,0.0,0.0,0.0,0.0,0.0,0.0,0.006839048849999999
220.0,0.9922125913829711,0.0,0.367618348,0.0,0.9302703859649437,0.0,0.06194220541802747,0.0,0.0,0.0,0.0,0.0,0.0,0.0,0.0,0.0,0.0,0.006839048849999999
221.0,0.958309183694823,0.0,0.363470729,0.0,0.9197746989325719,0.0,0.038534484762251096,0.0,0.0,0.0,0.0,0.0,0.0,0.0,0.0,0.0,0.0,0.006839048849999999
222.0,0.9243790750167754,0.0,0.357443593,0.0,0.904522831980101,0.0,0.019856243036674437,0.0,0.0,0.0,0.0,0.0,0.0,0.0,0.0,0.0,0.0,0.006839048849999999
223.0,0.893056749019977,0.0,0.354400439,0.0,0.893056749019977,0.0,0.0,0.0,0.0,0.0,0.0,0.0,0.0,0.0,0.0037652811325427247,0.0,0.0,3.675e-09
224.0,0.8721299554280834,0.0,0.353194592,0.0,0.8721299554280834,0.0,0.0,0.0,0.0,0.0,0.0,0.0,0.0,0.0,0.021640639016160278,0.0,0.0,3.675e-09
225.0,0.8621149103793797,0.0,0.352793905,0.0,0.8621149103793797,0.0,0.0,0.0,0.0,0.0,0.0,0.0,0.0,0.0,0.03064173236150354,0.0,0.0,3.675e-09
226.0,0.8608087937062823,0.0,0.352794766,0.0,0.8608087937062823,0.0,0.0,0.0,0.0,0.0,0.0,0.0,0.0,0.0,0.03195002782357239,0.0,0.0,3.675e-09
227.0,0.8686210185874024,0.0,0.352158157,0.0,0.8686210185874024,0.0,0.0,0.0,0.0,0.0,0.0,0.0,0.0,0.0,0.022526842816657105,0.0,0.0,3.675e-09
228.0,0.8899817005153716,0.002514806,0.351079568,0.0012183214362613893,0.8884184562729326,0.0,0.0003449228061776123,0.0,0.0,0.0,0.0,0.0,0.0,0.0,0.0,0.0,0.0,0.006839048849999999
229.0,0.9223809604385728,0.031691698,0.348463985,0.015353341380974196,0.881799636999708,0.0,0.025227982057890504,0.0,0.0,0.0,0.0,0.0,0.0,0.0,0.0,0.0,0.0,0.006839048849999999
230.0,0.9591725107019534,0.103613113,0.343521471,0.050196347808011285,0.8692924418843622,0.0,0.03968372100957995,0.0,0.0,0.0,0.0,0.0,0.0,0.0,0.0,0.0,0.0,0.006839048849999999
231.0,0.9929802405929048,0.206611757,0.323123417,0.10009501032553969,0.8176744917174306,0.0,0.07521073854993457,0.0,0.0,0.0,0.0,0.0,0.0,0.0,0.0,0.0,0.0,0.006839048849999999
232.0,1.011762065662035,0.309105061,0.351683173,0.14974885612376634,0.8620132095382685,0.0,0.0,0.0,0.0,0.0,0.0,0.0,0.0,0.0,0.02793268914708789,0.0,0.0,3.675e-09
233.0,1.0142341195612004,0.380834768,0.393001754,0.1844989878058319,0.8297351317553684,0.0,0.0,0.0,0.0,0.0,0.0,0.0,0.0,0.0,0.16476880246741382,0.0,0.0,3.675e-09
234.0,1.0129458035480359,0.40621446,0.397308738,0.19679441847098528,0.8161513850770505,0.0,0.0,0.0,0.0,0.0,0.0,0.0,0.0,0.0,0.18925151458046252,0.0,0.0,3.675e-09
235.0,1.005460664043318,0.380119357,0.371867041,0.1841524002133746,0.8213082638299433,0.0,0.0,0.0,0.0,0.0,0.0,0.0,0.0,0.0,0.11971358026667285,0.0,0.0,3.675e-09
236.0,0.9935164832235581,0.305811587,0.327907498,0.14815330164601756,0.8297807668872367,0.0,0.015582414690303832,0.0,0.0,0.0,0.0,0.0,0.0,0.0,0.0,0.0,0.0,0.006839048849999999
237.0,0.9742273413461847,0.198502222,0.276535066,0.09616626976717772,0.699781128935004,0.0,0.17827994264400293,0.0,0.0,0.0,0.0,0.0,0.0,0.0,0.0,0.0,0.0,0.006839048849999999
238.0,0.9941773284738934,0.091803365,0.252647061,0.04447500423508952,0.639331742357372,0.0,0.310370581881432,0.0,0.0,0.0,0.0,0.0,0.0,0.0,0.0,0.0,0.0,0.006839048849999999
239.0,1.0311780359915255,0.024709496,0.268899827,0.01197074790501337,0.680459904164513,0.0,0.33874738392199916,0.0,0.0,0.0,0.0,0.0,0.0,0.0,0.0,0.0,0.0,0.006839048849999999
240.0,1.085060356629792,0.001826748,0.284862668,0.0008849852621027707,0.7208544011719556,0.0,0.3633209701957336,0.0,0.0,0.0,0.0,0.0,0.0,0.0,0.0,0.0,0.0,0.006839048849999999
241.0,1.1140485823420194,0.0,0.281547191,0.0,0.7124644769877365,0.0,0.40158410535428296,0.0,0.0,0.0,0.0,0.0,0.0,0.0,0.0,0.0,0.0,0.006839048849999999
242.0,1.1230334199466634,0.0,0.272952521,0.0,0.6907153803454185,0.0,0.4323180396012449,0.0,0.0,0.0,0.0,0.0,0.0,0.0,0.0,0.0,0.0,0.006839048849999999
243.0,1.1124776826022855,0.0,0.264256718,0.0,0.6687103633023489,0.0,0.4437673192999368,0.0,0.0,0.0,0.0,0.0,0.0,0.0,0.0,0.0,0.0,0.006839048849999999
244.0,1.0827841089899657,0.0,0.257224649,0.0,0.6509154801623971,0.0,0.4318686288275686,0.0,0.0,0.0,0.0,0.0,0.0,0.0,0.0,0.0,0.0,0.006839048849999999
245.0,1.0433669753854027,0.0,0.245821881,0.0,0.622060398673296,0.0,0.4213065767121067,0.0,0.0,0.0,0.0,0.0,0.0,0.0,0.0,0.0,0.0,0.006839048849999999
246.0,1.0102779433895313,0.0,0.230981562,0.0,0.5845064807062502,0.0,0.42577146268328103,0.0,0.0,0.0,0.0,0.0,0.0,0.0,0.0,0.0,0.0,0.006839048849999999
247.0,0.9906594913032458,0.0,0.21634778,0.0,0.5474752114474404,0.0,0.44318427985580544,0.0,0.0,0.0,0.0,0.0,0.0,0.0,0.0,0.0,0.0,0.006839048849999999
248.0,0.9800570274765248,0.0,0.203144564,0.0,0.5140640367573824,0.0,0.46599299071914235,0.0,0.0,0.0,0.0,0.0,0.0,0.0,0.0,0.0,0.0,0.006839048849999999
249.0,0.9809670819659232,0.0,0.190190886,0.0,0.4812843262280114,0.0,0.4996827557379118,0.0,0.0,0.0,0.0,0.0,0.0,0.0,0.0,0.0,0.0,0.006839048849999999
250.0,0.9957549047110078,0.0,0.180359649,0.0,0.4564060559015726,0.0,0.5393488488094352,0.0,0.0,0.0,0.0,0.0,0.0,0.0,0.0,0.0,0.0,0.006839048849999999
251.0,1.0361688702721994,0.0,0.174512637,0.0,0.4416099986874162,0.0,0.5945588715847832,0.0,0.0,0.0,0.0,0.0,0.0,0.0,0.0,0.0,0.0,0.006839048849999999
252.0,1.120416735935523,0.002285027,0.170674951,0.0011070028370124983,0.43189860736036456,0.0,0.687411125738146,0.0,0.0,0.0,0.0,0.0,0.0,0.0,0.0,0.0,0.0,0.006839048849999999
253.0,1.196723323433099,0.023297498,0.158350118,0.01128669218407179,0.40071020989805006,0.0,0.784726421350977,0.0,0.0,0.0,0.0,0.0,0.0,0.0,0.0,0.0,0.0,0.006839048849999999
254.0,1.2196104044508937,0.073081914,0.142032933,0.03540522109029934,0.3594190336812106,0.0,0.8247861496793839,0.0,0.0,0.0,0.0,0.0,0.0,0.0,0.0,0.0,0.0,0.006839048849999999
255.0,1.2104720374042328,0.15110861,0.125962475,0.07320598836119452,0.31875220829660433,0.0,0.8185138407464341,0.0,0.0,0.0,0.0,0.0,0.0,0.0,0.0,0.0,0.0,0.006839048849999999
256.0,1.1930675316479322,0.23810597,0.125834249,0.11535267823951878,0.31842772816344533,0.0,0.759287125244968,0.0,0.0,0.0,0.0,0.0,0.0,0.0,0.0,0.0,0.0,0.006839048849999999
257.0,1.1670564508106784,0.300597061,0.140065333,0.14562707544576894,0.3544399568168952,0.0,0.6669894185480144,0.0,0.0,0.0,0.0,0.0,0.0,0.0,0.0,0.0,0.0,0.006839048849999999
258.0,1.1377255638946266,0.3239024,0.149990271,0.15691756627609088,0.3795553406223253,0.0,0.6012526569962106,0.0,0.0,0.0,0.0,0.0,0.0,0.0,0.0,0.0,0.0,0.006839048849999999
259.0,1.1158241896709833,0.305445021,0.151925922,0.14797571529716813,0.3844535694856556,0.0,0.5833949048881597,0.0,0.0,0.0,0.0,0.0,0.0,0.0,0.0,0.0,0.0,0.006839048849999999
260.0,1.0956294439691574,0.25010114,0.150043757,0.12116385124554768,0.3796906887139927,0.0,0.594774904009617,0.0,0.0,0.0,0.0,0.0,0.0,0.0,0.0,0.0,0.0,0.006839048849999999
261.0,1.0818384541806259,0.171255141,0.151017302,0.08296616492495514,0.3821542765295394,0.0,0.6167180127261312,0.0,0.0,0.0,0.0,0.0,0.0,0.0,0.0,0.0,0.0,0.006839048849999999
262.0,1.0878016442605394,0.088408454,0.157652563,0.04283030764795732,0.398945023903901,0.0,0.6460263127086812,0.0,0.0,0.0,0.0,0.0,0.0,0.0,0.0,0.0,0.0,0.006839048849999999
263.0,1.1286472733252961,0.025045022,0.173607758,0.012133296633711743,0.4393201724555069,0.0,0.6771938042360777,0.0,0.0,0.0,0.0,0.0,0.0,0.0,0.0,0.0,0.0,0.006839048849999999
264.0,1.171878179821913,0.001874779,0.189117896,0.0009082543321245023,0.47856908955153155,0.0,0.6924008359382569,0.0,0.0,0.0,0.0,0.0,0.0,0.0,0.0,0.0,0.0,0.006839048849999999
265.0,1.207757450763385,4.16e-10,0.195857206,2.0153511542629447e-10,0.49562313636107064,0.0,0.7121343142007793,0.0,0.0,0.0,0.0,0.0,0.0,0.0,0.0,0.0,0.0,0.006839048849999999
266.0,1.2104008347645003,0.0,0.199263413,0.0,0.5042426558105364,0.0,0.7061581789539638,0.0,0.0,0.0,0.0,0.0,0.0,0.0,0.0,0.0,0.0,0.006839048849999999
267.0,1.1916968878325587,0.0,0.201213264,0.0,0.5091768182434303,0.0,0.6825200695891281,0.0,0.0,0.0,0.0,0.0,0.0,0.0,0.0,0.0,0.0,0.006839048849999999
268.0,1.131146028214361,0.0,0.200497396,0.0,0.5073652905972097,0.0,0.6237807376171514,0.0,0.0,0.0,0.0,0.0,0.0,0.0,0.0,0.0,0.0,0.006839048849999999
269.0,1.078035807450974,0.0,0.199889172,0.0,0.5058261596525455,0.0,0.5722096477984284,0.0,0.0,0.0,0.0,0.0,0.0,0.0,0.0,0.0,0.0,0.006839048849999999
270.0,1.0816604475812952,0.0,0.199098908,0.0,0.5038263704682086,0.0,0.5778340771130867,0.0,0.0,0.0,0.0,0.0,0.0,0.0,0.0,0.0,0.0,0.006839048849999999
271.0,1.0310267303820941,0.0,0.198598111,0.0,0.502559087099425,0.0,0.5284676432826692,0.0,0.0,0.0,0.0,0.0,0.0,0.0,0.0,0.0,0.0,0.006839048849999999
272.0,1.0125052397145042,0.0,0.201348329,0.0,0.5095186046922404,0.0,0.5029866350222638,0.0,0.0,0.0,0.0,0.0,0.0,0.0,0.0,0.0,0.0,0.006839048849999999
273.0,1.0056319951451924,0.0,0.206512935,0.0,0.5225878109576929,0.0,0.4830441841874995,0.0,0.0,0.0,0.0,0.0,0.0,0.0,0.0,0.0,0.0,0.006839048849999999
274.0,1.0123316837801193,0.0,0.216276284,0.0,0.547294288455221,0.0,0.4650373953248983,0.0,0.0,0.0,0.0,0.0,0.0,0.0,0.0,0.0,0.0,0.006839048849999999
275.0,1.0428084824297954,0.0,0.227421957,0.0,0.5754987825452413,0.0,0.46730969988455406,0.0,0.0,0.0,0.0,0.0,0.0,0.0,0.0,0.0,0.0,0.006839048849999999
276.0,1.1160733969101968,0.00073001,0.23909832,0.00035366021541430103,0.6050462052290427,0.0,0.5106735314657398,0.0,0.0,0.0,0.0,0.0,0.0,0.0,0.0,0.0,0.0,0.006839048849999999
277.0,1.1847902667758914,0.010296597,0.247436491,0.004988283329069801,0.6261462226699885,0.0,0.553655760776833,0.0,0.0,0.0,0.0,0.0,0.0,0.0,0.0,0.0,0.0,0.006839048849999999
278.0,1.2007084254271776,0.052363533,0.262279228,0.025368006411739374,0.6637062594659923,0.0,0.5116341595494459,0.0,0.0,0.0,0.0,0.0,0.0,0.0,0.0,0.0,0.0,0.006839048849999999
279.0,1.1848080674358243,0.131790107,0.288955007,0.06384695775550168,0.7312102003363363,0.0,0.38975090934398643,0.0,0.0,0.0,0.0,0.0,0.0,0.0,0.0,0.0,0.0,0.006839048849999999
280.0,1.161509348406908,0.221003285,0.277869684,0.10706712151938763,0.7031584239169612,0.0,0.35128380297055906,0.0,0.0,0.0,0.0,0.0,0.0,0.0,0.0,0.0,0.0,0.006839048849999999
281.0,1.1355872708693193,0.291329484,0.263370461,0.1411373105409202,0.6664676606572292,0.0,0.32798229967117004,0.0,0.0,0.0,0.0,0.0,0.0,0.0,0.0,0.0,0.0,0.006839048849999999
282.0,1.1088864179593954,0.325283028,0.256359804,0.1575864245052754,0.6487269612913265,0.0,0.30257303216279346,0.0,0.0,0.0,0.0,0.0,0.0,0.0,0.0,0.0,0.0,0.006839048849999999
283.0,1.087712640960874,0.315400608,0.257784697,0.15279879312212372,0.6523327001459842,0.0,0.282581147692766,0.0,0.0,0.0,0.0,0.0,0.0,0.0,0.0,0.0,0.0,0.006839048849999999
284.0,1.0703014607070422,0.265713951,0.26295297,0.12872762448356193,0.6654111858761965,0.0,0.2761626503472838,0.0,0.0,0.0,0.0,0.0,0.0,0.0,0.0,0.0,0.0,0.006839048849999999
285.0,1.0562456858520253,0.183926917,0.268818731,0.08910512607595548,0.680254688054842,0.0,0.28688587172122776,0.0,0.0,0.0,0.0,0.0,0.0,0.0,0.0,0.0,0.0,0.006839048849999999
286.0,1.0598503014898277,0.092118647,0.270900632,0.0446277455674497,0.6855230073793466,0.0,0.3296995485430315,0.0,0.0,0.0,0.0,0.0,0.0,0.0,0.0,0.0,0.0,0.006839048849999999
287.0,1.0956427949640697,0.0267114,0.278476549,0.012940589139898852,0.7046941158671863,0.0,0.3780080899569846,0.0,0.0,0.0,0.0,0.0,0.0,0.0,0.0,0.0,0.0,0.006839048849999999
288.0,1.142609595215627,0.002498686,0.296371658,0.0012105119505386203,0.7499782809445907,0.0,0.3914208023204977,0.0,0.0,0.0,0.0,0.0,0.0,0.0,0.0,0.0,0.0,0.006839048849999999
289.0,1.1686607270377678,9.04e-10,0.305999191,4.3795130852252454e-10,0.7743410715629747,0.0,0.3943196550368417,0.0,0.0,0.0,0.0,0.0,0.0,0.0,0.0,0.0,0.0,0.006839048849999999
290.0,1.1712907610438956,0.0,0.302623214,0.0,0.7657980501281502,0.0,0.40549271091574535,0.0,0.0,0.0,0.0,0.0,0.0,0.0,0.0,0.0,0.0,0.006839048849999999
291.0,1.156571916106033,0.0,0.301511262,0.0,0.7629842188222805,0.0,0.3935876972837524,0.0,0.0,0.0,0.0,0.0,0.0,0.0,0.0,0.0,0.0,0.006839048849999999
292.0,1.1218029555783193,0.0,0.301905892,0.0,0.763982843086849,0.0,0.35782011249147033,0.0,0.0,0.0,0.0,0.0,0.0,0.0,0.0,0.0,0.0,0.006839048849999999
293.0,1.0764026054014746,0.0,0.299250153,0.0,0.7572624077277516,0.0,0.31914019767372304,0.0,0.0,0.0,0.0,0.0,0.0,0.0,0.0,0.0,0.0,0.006839048849999999
294.0,1.0363980520189695,0.0,0.293821576,0.0,0.7435252141178439,0.0,0.2928728379011256,0.0,0.0,0.0,0.0,0.0,0.0,0.0,0.0,0.0,0.0,0.006839048849999999
295.0,1.0128723760757934,0.0,0.290875335,0.0,0.736069653841468,0.0,0.27680272223432534,0.0,0.0,0.0,0.0,0.0,0.0,0.0,0.0,0.0,0.0,0.006839048849999999
296.0,0.9989812568251948,0.0,0.288755902,0.0,0.7307063585498608,0.0,0.26827489827533413,0.0,0.0,0.0,0.0,0.0,0.0,0.0,0.0,0.0,0.0,0.006839048849999999
297.0,0.9962399701943723,0.0,0.286314555,0.0,0.7245284492362475,0.0,0.2717115209581249,0.0,0.0,0.0,0.0,0.0,0.0,0.0,0.0,0.0,0.0,0.006839048849999999
298.0,1.0068891595035114,0.0,0.280556921,0.0,0.7099585660066299,0.0,0.2969305934968816,0.0,0.0,0.0,0.0,0.0,0.0,0.0,0.0,0.0,0.0,0.006839048849999999
299.0,1.0457900769697899,0.0,0.27449411,0.0,0.694616422286963,0.0,0.3511736546828269,0.0,0.0,0.0,0.0,0.0,0.0,0.0,0.0,0.0,0.0,0.006839048849999999
300.0,1.1252985414240881,0.002328409,0.269253208,0.001128019655227459,0.6813541464705655,0.0,0.44281637529829515,0.0,0.0,0.0,0.0,0.0,0.0,0.0,0.0,0.0,0.0,0.006839048849999999
301.0,1.1959022722433659,0.024998852,0.26387381,0.012110929142655895,0.6677414019464019,0.0,0.5160499411543081,0.0,0.0,0.0,0.0,0.0,0.0,0.0,0.0,0.0,0.0,0.006839048849999999
302.0,1.2134002309643526,0.087078679,0.269387558,0.042186085633255405,0.681694123588232,0.0,0.48952002174286513,0.0,0.0,0.0,0.0,0.0,0.0,0.0,0.0,0.0,0.0,0.006839048849999999
303.0,1.1960758271778262,0.182578629,0.25820088,0.08845193526415769,0.6533858649897641,0.0,0.4542380269239043,0.0,0.0,0.0,0.0,0.0,0.0,0.0,0.0,0.0,0.0,0.006839048849999999
304.0,1.1702071516200372,0.287700596,0.24916843,0.1393792615939272,0.6305289515809996,0.0,0.4002989384451102,0.0,0.0,0.0,0.0,0.0,0.0,0.0,0.0,0.0,0.0,0.006839048849999999
305.0,1.13984160659498,0.366103374,0.247037961,0.17736222532943716,0.6251377293264554,0.0,0.3373416519390874,0.0,0.0,0.0,0.0,0.0,0.0,0.0,0.0,0.0,0.0,0.006839048849999999
306.0,1.1203099329758492,0.398145078,0.239998381,0.19288513041139665,0.6073238393526311,0.0,0.3201009632118213,0.0,0.0,0.0,0.0,0.0,0.0,0.0,0.0,0.0,0.0,0.006839048849999999
307.0,1.0857879548548388,0.380328346,0.235236003,0.1842536469014463,0.5952724843419965,0.0,0.306261823611396,0.0,0.0,0.0,0.0,0.0,0.0,0.0,0.0,0.0,0.0,0.006839048849999999
308.0,1.0687795112822374,0.318034881,0.228746317,0.15407499147096831,0.5788501193189883,0.0,0.33585440049228077,0.0,0.0,0.0,0.0,0.0,0.0,0.0,0.0,0.0,0.0,0.006839048849999999
309.0,1.059020349970128,0.221193686,0.213853808,0.10715936307590755,0.5411641328311311,0.0,0.41069685406308937,0.0,0.0,0.0,0.0,0.0,0.0,0.0,0.0,0.0,0.0,0.006839048849999999
310.0,1.0665633411196664,0.115112905,0.212315375,0.05576753027940161,0.5372710772519488,0.0,0.47352473358831604,0.0,0.0,0.0,0.0,0.0,0.0,0.0,0.0,0.0,0.0,0.006839048849999999
311.0,1.1032013609411058,0.037050072,0.228961571,0.017949256098732026,0.5793948266839768,0.0,0.5058572781583969,0.0,0.0,0.0,0.0,0.0,0.0,0.0,0.0,0.0,0.0,0.006839048849999999
312.0,1.1472199421400997,0.003708659,0.246029963,0.0017966947587542447,0.6225869570551218,0.0,0.5228362903262236,0.0,0.0,0.0,0.0,0.0,0.0,0.0,0.0,0.0,0.0,0.006839048849999999
313.0,1.1704541340267403,4.9e-09,0.253083083,2.3738511192039496e-09,0.6404351104466851,0.0,0.5300190212062041,0.0,0.0,0.0,0.0,0.0,0.0,0.0,0.0,0.0,0.0,0.006839048849999999
314.0,1.172209714863336,0.0,0.248440009,0.0,0.6286856581531782,0.0,0.5435240567101577,0.0,0.0,0.0,0.0,0.0,0.0,0.0,0.0,0.0,0.0,0.006839048849999999
315.0,1.1537505255055869,0.0,0.237067665,0.0,0.5999075656021337,0.0,0.5538429599034532,0.0,0.0,0.0,0.0,0.0,0.0,0.0,0.0,0.0,0.0,0.006839048849999999
316.0,1.1111114884519329,0.0,0.227493365,0.0,0.5756794828505508,0.0,0.535432005601382,0.0,0.0,0.0,0.0,0.0,0.0,0.0,0.0,0.0,0.0,0.006839048849999999
317.0,1.0598747776472168,0.0,0.218319587,0.0,0.5524649342643723,0.0,0.5074098433828444,0.0,0.0,0.0,0.0,0.0,0.0,0.0,0.0,0.0,0.0,0.006839048849999999
318.0,1.015104122065787,0.0,0.210265217,0.0,0.5320830846386172,0.0,0.48302103742716973,0.0,0.0,0.0,0.0,0.0,0.0,0.0,0.0,0.0,0.0,0.006839048849999999
319.0,0.9872284315998284,0.0,0.204746294,0.0,0.518117267488161,0.0,0.4691111641116674,0.0,0.0,0.0,0.0,0.0,0.0,0.0,0.0,0.0,0.0,0.006839048849999999
320.0,0.9672250434922454,0.0,0.200752575,0.0,0.5080110294949324,0.0,0.459214013997313,0.0,0.0,0.0,0.0,0.0,0.0,0.0,0.0,0.0,0.0,0.006839048849999999
321.0,0.9580800009481282,0.0,0.200619778,0.0,0.5076749822951202,0.0,0.45040501865300797,0.0,0.0,0.0,0.0,0.0,0.0,0.0,0.0,0.0,0.0,0.006839048849999999
322.0,0.9660168294488551,0.0,0.203366226,0.0,0.5146249597782698,0.0,0.4513918696705853,0.0,0.0,0.0,0.0,0.0,0.0,0.0,0.0,0.0,0.0,0.006839048849999999
323.0,0.9998579348272374,0.0,0.203565457,0.0,0.515129120411912,0.0,0.48472881441532545,0.0,0.0,0.0,0.0,0.0,0.0,0.0,0.0,0.0,0.0,0.006839048849999999
324.0,1.0747427023620755,0.002086786,0.202043379,0.0010109631187018638,0.5112774517010544,0.0,0.5624542875423191,0.0,0.0,0.0,0.0,0.0,0.0,0.0,0.0,0.0,0.0,0.006839048849999999
325.0,1.1396057483508293,0.023459179,0.199537759,0.01136502006627669,0.5049368974355707,0.0,0.6233038308489821,0.0,0.0,0.0,0.0,0.0,0.0,0.0,0.0,0.0,0.0,0.006839048849999999
326.0,1.1554304540374294,0.078814953,0.191867873,0.03818264579368503,0.48552799728587764,0.0,0.6317198109578667,0.0,0.0,0.0,0.0,0.0,0.0,0.0,0.0,0.0,0.0,0.006839048849999999
327.0,1.138083799925949,0.172311199,0.163572897,0.08347778216276008,0.41392662486365883,0.0,0.64067939289953,0.0,0.0,0.0,0.0,0.0,0.0,0.0,0.0,0.0,0.0,0.006839048849999999
328.0,1.1126846140241018,0.27819221,0.131463464,0.13477283450251432,0.3326726428670217,0.0,0.6452391366545659,0.0,0.0,0.0,0.0,0.0,0.0,0.0,0.0,0.0,0.0,0.006839048849999999
329.0,1.081406789677136,0.355970305,0.114076785,0.17245316467910635,0.2886750767173077,0.0,0.6202785482807219,0.0,0.0,0.0,0.0,0.0,0.0,0.0,0.0,0.0,0.0,0.006839048849999999
330.0,1.0501667924824716,0.389993193,0.107425577,0.18893587299693304,0.271843974932113,0.0,0.5893869445534256,0.0,0.0,0.0,0.0,0.0,0.0,0.0,0.0,0.0,0.0,0.006839048849999999
331.0,1.0285101758330208,0.375880119,0.109804204,0.1820986614642171,0.27786316921171034,0.0,0.5685483451570934,0.0,0.0,0.0,0.0,0.0,0.0,0.0,0.0,0.0,0.0,0.006839048849999999
332.0,1.0110010909496325,0.31468116,0.11356385,0.15245024976701982,0.2873770777381464,0.0,0.5711737634444664,0.0,0.0,0.0,0.0,0.0,0.0,0.0,0.0,0.0,0.0,0.006839048849999999
333.0,0.9400124241090574,0.220054862,0.116358506,0.10660764907040216,0.29444904715943127,0.0,0.538955727879224,0.0,0.0,0.0,0.0,0.0,0.0,0.0,0.0,0.0,0.0,0.006839048849999999
334.0,0.9446472471909194,0.117037482,0.132036464,0.056699909721328996,0.3341226383149037,0.0,0.5538246991546868,0.0,0.0,0.0,0.0,0.0,0.0,0.0,0.0,0.0,0.0,0.006839048849999999
335.0,1.0321770927806644,0.038408859,0.164603369,0.018607533249897282,0.41653426833515955,0.0,0.5970352911956075,0.0,0.0,0.0,0.0,0.0,0.0,0.0,0.0,0.0,0.0,0.006839048849999999
336.0,1.0730827993226766,0.003363387,0.196947688,0.001629424488625717,0.4983826371219734,0.0,0.5730707377120775,0.0,0.0,0.0,0.0,0.0,0.0,0.0,0.0,0.0,0.0,0.006839048849999999
337.0,1.0932753191920672,5.44e-09,0.222569283,2.6354592017284663e-09,0.5632189305207117,0.0,0.5300563860358963,0.0,0.0,0.0,0.0,0.0,0.0,0.0,0.0,0.0,0.0,0.006839048849999999
338.0,1.0930528119428287,0.0,0.242300029,0.0,0.6131482357271979,0.0,0.47990457621563076,0.0,0.0,0.0,0.0,0.0,0.0,0.0,0.0,0.0,0.0,0.006839048849999999
339.0,1.0736590929382168,0.0,0.258419065,0.0,0.6539379893471745,0.0,0.41972110359104225,0.0,0.0,0.0,0.0,0.0,0.0,0.0,0.0,0.0,0.0,0.006839048849999999
340.0,1.0300877510702107,0.0,0.2704767,0.0,0.6844502334348238,0.0,0.34563751763538686,0.0,0.0,0.0,0.0,0.0,0.0,0.0,0.0,0.0,0.0,0.006839048849999999
341.0,0.9811918140476723,0.0,0.283639223,0.0,0.7177584331427515,0.0,0.2634333809049209,0.0,0.0,0.0,0.0,0.0,0.0,0.0,0.0,0.0,0.0,0.006839048849999999
342.0,0.9356846609111539,0.0,0.297167367,0.0,0.7519918488814821,0.0,0.1836928120296719,0.0,0.0,0.0,0.0,0.0,0.0,0.0,0.0,0.0,0.0,0.006839048849999999
343.0,0.9040530501978865,0.0,0.308613846,0.0,0.7809575425015123,0.0,0.12309550769637415,0.0,0.0,0.0,0.0,0.0,0.0,0.0,0.0,0.0,0.0,0.006839048849999999
344.0,0.8835401204495499,0.0,0.317430628,0.0,0.8032687009045981,0.0,0.08027141954495179,0.0,0.0,0.0,0.0,0.0,0.0,0.0,0.0,0.0,0.0,0.006839048849999999
345.0,0.8744262285603532,0.0,0.327633456,0.0,0.8290872945442549,0.0,0.04533893401609839,0.0,0.0,0.0,0.0,0.0,0.0,0.0,0.0,0.0,0.0,0.006839048849999999
346.0,0.8790165509923072,0.0,0.33841979,0.0,0.8563824694122047,0.0,0.02263408158010254,0.0,0.0,0.0,0.0,0.0,0.0,0.0,0.0,0.0,0.0,0.006839048849999999
347.0,0.9071481241949354,2.64e-18,0.346731963,0.0,0.8774166980544522,0.0,0.029731426140483155,0.0,0.0,0.0,0.0,0.0,0.0,1.2789728478976379e-18,0.0,0.0,0.0,0.006839048849999999
348.0,0.972253703925296,0.002133542,0.35344262,0.0010336145029731904,0.894398237499998,0.0,0.07682185192232482,0.0,0.0,0.0,0.0,0.0,0.0,0.0,0.0,0.0,0.0,0.006839048849999999
349.0,1.0380134544084605,0.022015714,0.358417714,0.010665719861015114,0.9069878773826948,0.0,0.12035985716475049,0.0,0.0,0.0,0.0,0.0,0.0,0.0,0.0,0.0,0.0,0.006839048849999999
350.0,1.0632902615232116,0.086407588,0.335488725,0.04186096928194158,0.8489653125056665,0.0,0.1724639797356035,0.0,0.0,0.0,0.0,0.0,0.0,0.0,0.0,0.0,0.0,0.006839048849999999
351.0,1.069823069721209,0.197752515,0.278924867,0.09580306715472363,0.7058285993911017,0.0,0.26819140317538365,0.0,0.0,0.0,0.0,0.0,0.0,0.0,0.0,0.0,0.0,0.006839048849999999
352.0,1.0722528478029771,0.31388866,0.24806905,0.1520663156829445,0.6277469341368591,0.0,0.2924395979831736,0.0,0.0,0.0,0.0,0.0,0.0,0.0,0.0,0.0,0.0,0.006839048849999999
353.0,1.0626983920802486,0.395043543,0.26942162,0.19138256258874356,0.6817803186055892,0.0,0.1895355108859159,0.0,0.0,0.0,0.0,0.0,0.0,0.0,0.0,0.0,0.0,0.006839048849999999
354.0,1.0475189578164106,0.428454191,0.295462702,0.20756866547611688,0.7476781377293638,0.0,0.09227215461092993,0.0,0.0,0.0,0.0,0.0,0.0,0.0,0.0,0.0,0.0,0.006839048849999999
355.0,1.0347826506294031,0.411967413,0.3075955,0.19958149069910322,0.7783805842739925,0.0,0.056820575656307375,0.0,0.0,0.0,0.0,0.0,0.0,0.0,0.0,0.0,0.0,0.006839048849999999
356.0,1.0224935837733082,0.346918496,0.301214849,0.16806793061268388,0.7622341359240379,0.0,0.09219151723658654,0.0,0.0,0.0,0.0,0.0,0.0,0.0,0.0,0.0,0.0,0.006839048849999999
357.0,1.0143943245006732,0.24268405,0.284801686,0.11757057218478516,0.7207000842044117,0.0,0.17612366811147645,0.0,0.0,0.0,0.0,0.0,0.0,0.0,0.0,0.0,0.0,0.006839048849999999
358.0,1.0172846919084166,0.124967078,0.301055176,0.06054147713754025,0.7618300781174939,0.0,0.19491313665338245,0.0,0.0,0.0,0.0,0.0,0.0,0.0,0.0,0.0,0.0,0.006839048849999999
359.0,1.0332495770420462,0.035774152,0.340634216,0.017331124645667797,0.8619861476315268,0.0,0.15393230476485156,0.0,0.0,0.0,0.0,0.0,0.0,0.0,0.0,0.0,0.0,0.006839048849999999
360.0,1.0503848490667647,0.002818004,0.370947046,0.0013652085610859604,0.938693766326853,0.0,0.11032587417882568,0.0,0.0,0.0,0.0,0.0,0.0,0.0,0.0,0.0,0.0,0.006839048849999999
361.0,1.0542520229386927,2e-08,0.386140236,9.689188241648773e-09,0.9771406360280867,0.0,0.07711137722141785,0.0,0.0,0.0,0.0,0.0,0.0,0.0,0.0,0.0,0.0,0.006839048849999999
362.0,1.0464331225601167,0.0,0.395918753,0.0,1.001885496651188,0.0,0.04454762590892871,0.0,0.0,0.0,0.0,0.0,0.0,0.0,0.0,0.0,0.0,0.006839048849999999
363.0,1.0285502268179079,0.0,0.415490893,0.0,1.0285502268179079,0.0,0.0,0.0,0.0,0.0,0.0,0.0,0.0,0.0,0.02286321731200574,0.0,0.0,3.675e-09
364.0,0.9949316276888396,0.0,0.434324208,0.0,0.9949316276888396,0.0,0.0,0.0,0.0,0.0,0.0,0.0,0.0,0.0,0.10414014282594031,0.0,0.0,3.675e-09
365.0,0.9552252348602512,0.0,0.448199279,0.0,0.9552252348602512,0.0,0.0,0.0,0.0,0.0,0.0,0.0,0.0,0.0,0.17895786163889185,0.0,0.0,3.675e-09
366.0,0.9152184566452356,0.0,0.45784319,0.0,0.9152184566452356,0.0,0.0,0.0,0.0,0.0,0.0,0.0,0.0,0.0,0.2433688755428767,0.0,0.0,3.675e-09
367.0,0.8846860321831743,0.0,0.457059516,0.0,0.8846860321831743,0.0,0.0,0.0,0.0,0.0,0.0,0.0,0.0,0.0,0.27191818703351833,0.0,0.0,3.675e-09
368.0,0.8635100303521426,0.0,0.451035213,0.0,0.8635100303521426,0.0,0.0,0.0,0.0,0.0,0.0,0.0,0.0,0.0,0.27784949091226024,0.0,0.0,3.675e-09
369.0,0.8533659310188864,0.0,0.434732928,0.0,0.8533659310188864,0.0,0.0,0.0,0.0,0.0,0.0,0.0,0.0,0.0,0.24674011897138806,0.0,0.0,3.675e-09
370.0,0.8522422706101406,0.0,0.418180054,0.0,0.8522422706101406,0.0,0.0,0.0,0.0,0.0,0.0,0.0,0.0,0.0,0.20597618435506432,0.0,0.0,3.675e-09
371.0,0.8641753262674233,7.32e-10,0.406667117,3.546242896443451e-10,0.8641753259127991,0.0,0.0,0.0,0.0,0.0,0.0,0.0,0.0,0.0,0.1649092612657521,0.0,0.0,3.675e-09
372.0,0.887371693001612,0.002329617,0.401228298,0.0011286048821972543,0.8862430881194148,0.0,0.0,0.0,0.0,0.0,0.0,0.0,0.0,0.0,0.1290783877295476,0.0,0.0,3.675e-09
373.0,0.9237605045839129,0.029363263,0.392909993,0.014225309129802025,0.9095351954541109,0.0,0.0,0.0,0.0,0.0,0.0,0.0,0.0,0.0,0.08473653452383179,0.0,0.0,3.675e-09
374.0,0.9611261236303235,0.109120164,0.385420342,0.05286429049777929,0.9082618331325442,0.0,0.0,0.0,0.0,0.0,0.0,0.0,0.0,0.0,0.06705708732319067,0.0,0.0,3.675e-09
375.0,0.990719568780501,0.228545079,0.350426136,0.1107208146066745,0.8799987541738267,0.0,0.0,0.0,0.0,0.0,0.0,0.0,0.0,0.0,0.0067661708155100095,0.0,0.0,3.675e-09
376.0,1.0034759004600273,0.344474457,0.309925223,0.1668838929156373,0.7842760253644393,0.0,0.05231598217995068,0.0,0.0,0.0,0.0,0.0,0.0,0.0,0.0,0.0,0.0,0.006839048849999999
377.0,1.0008814677737656,0.421956201,0.326501966,0.2044206530609993,0.7964608147127663,0.0,0.0,0.0,0.0,0.0,0.0,0.0,0.0,0.0,0.029763206970539063,0.0,0.0,3.675e-09
378.0,0.99102885349697,0.449988963,0.381814334,0.21800138845856626,0.7730274650384037,0.0,0.0,0.0,0.0,0.0,0.0,0.0,0.0,0.0,0.19316633293037427,0.0,0.0,3.675e-09
379.0,0.976608168113099,0.427562439,0.425377038,0.20713664782647354,0.7694715202866255,0.0,0.0,0.0,0.0,0.0,0.0,0.0,0.0,0.0,0.30695914067941676,0.0,0.0,3.675e-09
380.0,0.9650066474972392,0.355469981,0.432186255,0.17221077800821563,0.7927958694890235,0.0,0.0,0.0,0.0,0.0,0.0,0.0,0.0,0.0,0.3008657402617325,0.0,0.0,3.675e-09
381.0,0.9585717419289488,0.243593366,0.433094867,0.11801109887954231,0.8405606430494064,0.0,0.0,0.0,0.0,0.0,0.0,0.0,0.0,0.0,0.25540023941320117,0.0,0.0,3.675e-09
382.0,0.9651401514468124,0.122177489,0.470211008,0.059190034490648614,0.9059501169561638,0.0,0.0,0.0,0.0,0.0,0.0,0.0,0.0,0.0,0.2839343876581848,0.0,0.0,3.675e-09
383.0,0.990230052632191,0.036814261,0.551756376,0.017835015240309452,0.9723950373918816,0.0,0.0,0.0,0.0,0.0,0.0,0.0,0.0,0.0,0.42384271747703123,0.0,0.0,3.675e-09
384.0,1.0243559675695777,0.003261309,0.633489645,0.001579971840759166,1.0227759957288185,0.0,0.0,0.0,0.0,0.0,0.0,0.0,0.0,0.0,0.5802904990886417,0.0,0.0,3.675e-09
385.0,1.0374683114478407,3.04e-08,0.684950621,1.4727566127306136e-08,1.0374682967202746,0.0,0.0,0.0,0.0,0.0,0.0,0.0,0.0,0.0,0.6958218995693783,0.0,0.0,3.675e-09
386.0,1.0379044256163517,0.0,0.721853105,0.0,1.0379044256163517,0.0,0.0,0.0,0.0,0.0,0.0,0.0,0.0,0.0,0.7887687267213631,0.0,0.0,3.675e-09
387.0,1.026371881807789,0.0,0.753512682,0.0,1.026371881807789,0.0,0.0,0.0,0.0,0.0,0.0,0.0,0.0,0.0,0.8804168770427891,0.0,0.0,3.675e-09
388.0,1.0010305475507615,0.0,0.767916221,0.0,1.0010305475507615,0.0,0.0,0.0,0.0,0.0,0.0,0.0,0.0,0.0,0.9422068430334839,0.0,0.0,3.675e-09
389.0,0.9660591062661774,0.0,0.780524563,0.0,0.9660591062661774,0.0,0.0,0.0,0.0,0.0,0.0,0.0,0.0,0.0,1.0090841106799175,0.0,0.0,3.675e-09
390.0,0.9367749458324687,0.0,0.787822368,0.0,0.9367749458324687,0.0,0.0,0.0,0.0,0.0,0.0,0.0,0.0,0.0,1.0568356079888983,0.0,0.0,3.675e-09
391.0,0.9109507709245874,0.0,0.792687163,0.0,0.9109507709245874,0.0,0.0,0.0,0.0,0.0,0.0,0.0,0.0,0.0,1.0949703075126245,0.0,0.0,3.675e-09
392.0,0.8916683045446702,0.0,0.800877081,0.0,0.8916683045446702,0.0,0.0,0.0,0.0,0.0,0.0,0.0,0.0,0.0,1.1349776322145786,0.0,0.0,3.675e-09
393.0,0.8840852624102449,0.0,0.799910237,0.0,0.8840852624102449,0.0,0.0,0.0,0.0,0.0,0.0,0.0,0.0,0.0,1.1401140436355446,0.0,0.0,3.675e-09
394.0,0.8838227041761192,0.0,0.802131341,0.0,0.8838227041761192,0.0,0.0,0.0,0.0,0.0,0.0,0.0,0.0,0.0,1.1459971789888201,0.0,0.0,3.675e-09
395.0,0.8930589738524873,5.46e-09,0.812041877,2.6451483899701146e-09,0.8930589712073389,0.0,0.0,0.0,0.0,0.0,0.0,0.0,0.0,0.0,1.1618398510257868,0.0,0.0,3.675e-09
396.0,0.9152852086200223,0.003372638,0.814761082,0.0016339062226468917,0.9136513023973754,0.0,0.0,0.0,0.0,0.0,0.0,0.0,0.0,0.0,1.1481285580065321,0.0,0.0,3.675e-09
397.0,0.9496914834513925,0.031578271,0.807586307,0.015298390603239922,0.9343930928481528,0.0,0.0,0.0,0.0,0.0,0.0,0.0,0.0,0.0,1.1092307621638218,0.0,0.0,3.675e-09
398.0,0.9896070325343076,0.102707105,0.776476579,0.0497574237049893,0.9398496088293183,0.0,0.0,0.0,0.0,0.0,0.0,0.0,0.0,0.0,1.025050050746621,0.0,0.0,3.675e-09
399.0,1.0216925580760188,0.220904889,0.699608126,0.10701945265107637,0.9146731054249424,0.0,0.0,0.0,0.0,0.0,0.0,0.0,0.0,0.0,0.855708391959489,0.0,0.0,3.675e-09
400.0,1.033569986920992,0.333416623,0.756860428,0.1615268211570921,0.8720431657639,0.0,0.0,0.0,0.0,0.0,0.0,0.0,0.0,0.0,1.0432171750424641,0.0,0.0,3.675e-09
401.0,1.0295070077896493,0.407347919,0.946523196,0.19734353335174484,0.8321634744379044,0.0,0.0,0.0,0.0,0.0,0.0,0.0,0.0,0.0,1.5630447725337406,0.0,0.0,3.675e-09
402.0,1.022059694437308,0.433940941,1.028017227,0.2102267731553602,0.8118329212819477,0.0,0.0,0.0,0.0,0.0,0.0,0.0,0.0,0.0,1.7895986659681566,0.0,0.0,3.675e-09
403.0,1.0109432393048123,0.411136917,1.041029931,0.1991791490952064,0.8117640902096059,0.0,0.0,0.0,0.0,0.0,0.0,0.0,0.0,0.0,1.8225965748147324,0.0,0.0,3.675e-09
404.0,0.9994529723135719,0.340217012,1.001806531,0.16482133361396395,0.8346316386996079,0.0,0.0,0.0,0.0,0.0,0.0,0.0,0.0,0.0,1.7004729155909502,0.0,0.0,3.675e-09
405.0,0.9915250441428114,0.233338261,0.932404019,0.11304291674039862,0.8784821274024128,0.0,0.0,0.0,0.0,0.0,0.0,0.0,0.0,0.0,1.480997075279807,0.0,0.0,3.675e-09
406.0,0.9993083432015215,0.117808154,0.856633496,0.05707326902535739,0.942235074176164,0.0,0.0,0.0,0.0,0.0,0.0,0.0,0.0,0.0,1.2255043144857403,0.0,0.0,3.675e-09
407.0,1.0332295515496026,0.033959537,0.827028656,0.016452017329611823,1.016777534219991,0.0,0.0,0.0,0.0,0.0,0.0,0.0,0.0,0.0,1.076045827853299,0.0,0.0,3.675e-09
408.0,1.081420140672048,0.002709633,0.779940232,0.0013127072101391745,1.080107433461909,0.0,0.0,0.0,0.0,0.0,0.0,0.0,0.0,0.0,0.8935571145661121,0.0,0.0,3.675e-09
409.0,1.1043784233296507,3.92e-08,0.741740836,1.8990808953631596e-08,1.1043784043388418,0.0,0.0,0.0,0.0,0.0,0.0,0.0,0.0,0.0,0.7726213089390166,0.0,0.0,3.675e-09
410.0,1.1129716484156167,0.0,0.725610633,0.0,1.1129716484156167,0.0,0.0,0.0,0.0,0.0,0.0,0.0,0.0,0.0,0.7232100527794963,0.0,0.0,3.675e-09
411.0,1.1026717938079085,0.0,0.719176595,0.0,1.1026717938079085,0.0,0.0,0.0,0.0,0.0,0.0,0.0,0.0,0.0,0.7172283614683564,0.0,0.0,3.675e-09
412.0,1.0798425654348585,0.0,0.696618008,0.0,1.0798425654348585,0.0,0.0,0.0,0.0,0.0,0.0,0.0,0.0,0.0,0.6829723394737786,0.0,0.0,3.675e-09
413.0,1.0458279031221662,0.0,0.677700712,0.0,1.0458279031221662,0.0,0.0,0.0,0.0,0.0,0.0,0.0,0.0,0.0,0.669116158704033,0.0,0.0,3.675e-09
414.0,1.015048495253477,0.0,0.669493749,0.0,1.015048495253477,0.0,0.0,0.0,0.0,0.0,0.0,0.0,0.0,0.0,0.6791275753145437,0.0,0.0,3.675e-09
415.0,0.9982781347575372,0.0,0.654005023,0.0,0.9982781347575372,0.0,0.0,0.0,0.0,0.0,0.0,0.0,0.0,0.0,0.6567032024885077,0.0,0.0,3.675e-09
416.0,0.9881384860892267,0.0,0.642652964,0.0,0.9881384860892267,0.0,0.0,0.0,0.0,0.0,0.0,0.0,0.0,0.0,0.6381160904690553,0.0,0.0,3.675e-09
417.0,0.9893711752900815,0.0,0.624742323,0.0,0.9893711752900815,0.0,0.0,0.0,0.0,0.0,0.0,0.0,0.0,0.0,0.591559931951186,0.0,0.0,3.675e-09
418.0,1.0045906615387312,0.0,0.609678978,0.0,1.0045906615387312,0.0,0.0,0.0,0.0,0.0,0.0,0.0,0.0,0.0,0.5382221530674985,0.0,0.0,3.675e-09
419.0,1.0398513630472654,1.24e-08,0.596300349,6.0072967098222395e-09,1.0398513570399688,0.0,0.0,0.0,0.0,0.0,0.0,0.0,0.0,0.0,0.4691063944791709,0.0,0.0,3.675e-09
420.0,1.100922888468769,0.001705789,0.579072031,0.0008263855360766911,1.1000965029326923,0.0,0.0,0.0,0.0,0.0,0.0,0.0,0.0,0.0,0.3652644201838923,0.0,0.0,3.675e-09
421.0,1.165801510284945,0.021438591,0.557214053,0.01038612719173586,1.1554153830932092,0.0,0.0,0.0,0.0,0.0,0.0,0.0,0.0,0.0,0.25463320389788574,0.0,0.0,3.675e-09
422.0,1.2039214285463022,0.095581138,0.511598062,0.04630518192165044,1.1576162466246518,0.0,0.0,0.0,0.0,0.0,0.0,0.0,0.0,0.0,0.13699956671787816,0.0,0.0,3.675e-09
423.0,1.213082045917917,0.215817269,0.444606963,0.10455470725697752,1.1085273386609396,0.0,0.0,0.0,0.0,0.0,0.0,0.0,0.0,0.0,0.016565283410011962,0.0,0.0,3.675e-09
424.0,1.2092927491832524,0.331739594,0.422614588,0.16071436867370692,1.0485783805095454,0.0,0.0,0.0,0.0,0.0,0.0,0.0,0.0,0.0,0.02086180938319531,0.0,0.0,3.675e-09
425.0,1.1945650039154232,0.410689876,0.489988246,0.19896257587516963,0.9956024280402535,0.0,0.0,0.0,0.0,0.0,0.0,0.0,0.0,0.0,0.2443290313239724,0.0,0.0,3.675e-09
426.0,1.1740921251519736,0.441019041,0.559705816,0.2136558253200209,0.9604362998319528,0.0,0.0,0.0,0.0,0.0,0.0,0.0,0.0,0.0,0.45591777582790466,0.0,0.0,3.675e-09
427.0,1.1521929757608407,0.422756727,0.58607449,0.204808475416316,0.9473845003445245,0.0,0.0,0.0,0.0,0.0,0.0,0.0,0.0,0.0,0.5356963768278726,0.0,0.0,3.675e-09
428.0,1.1344102074808495,0.35613872,0.571806661,0.17253475491099224,0.9618754525698574,0.0,0.0,0.0,0.0,0.0,0.0,0.0,0.0,0.0,0.48510021151151145,0.0,0.0,3.675e-09
429.0,1.1230712460990402,0.248501864,0.524880959,0.12038906693483012,1.0026821791642102,0.0,0.0,0.0,0.0,0.0,0.0,0.0,0.0,0.0,0.32554644427375756,0.0,0.0,3.675e-09
430.0,1.1298443622062095,0.126745224,0.495429288,0.06140291670329699,1.0684414455029125,0.0,0.0,0.0,0.0,0.0,0.0,0.0,0.0,0.0,0.18525875056591173,0.0,0.0,3.675e-09
431.0,1.1714153646635026,0.039268575,0.491039327,0.019024030757815148,1.1523913339056875,0.0,0.0,0.0,0.0,0.0,0.0,0.0,0.0,0.0,0.09019992068603443,0.0,0.0,3.675e-09
432.0,1.2231482671139848,0.00363931,0.494610865,0.00176309798298574,1.221385169130999,0.0,0.0,0.0,0.0,0.0,0.0,0.0,0.0,0.0,0.030243980472830567,0.0,0.0,3.675e-09
433.0,1.2518450087696762,1.62e-07,0.496103907,7.848242475735507e-08,1.2518449302872514,0.0,0.0,0.0,0.0,0.0,0.0,0.0,0.0,0.0,0.0035624114692773437,0.0,0.0,3.675e-09
434.0,1.2553672966052694,0.0,0.499238411,0.0,1.2553672966052694,0.0,0.0,0.0,0.0,0.0,0.0,0.0,0.0,0.0,0.007972011174589356,0.0,0.0,3.675e-09
435.0,1.2384233801749445,0.0,0.502698199,0.0,1.2384233801749447,0.0,0.0,0.0,0.0,0.0,0.0,0.0,0.0,0.0,0.03367103554668897,0.0,0.0,3.675e-09
436.0,1.1977490812121374,0.0,0.506797516,0.0,1.1977490812121374,0.0,0.0,0.0,0.0,0.0,0.0,0.0,0.0,0.0,0.08471879173362402,0.0,0.0,3.675e-09
437.0,1.150248264162362,0.0,0.518875104,0.0,1.150248264162362,0.0,0.0,0.0,0.0,0.0,0.0,0.0,0.0,0.0,0.16278234459735205,0.0,0.0,3.675e-09
438.0,1.115913191970724,0.0,0.528639492,0.0,1.115913191970724,0.0,0.0,0.0,0.0,0.0,0.0,0.0,0.0,0.0,0.22182652351037574,0.0,0.0,3.675e-09
439.0,1.0881554306268408,0.0,0.53199081,0.0,1.0881554306268408,0.0,0.0,0.0,0.0,0.0,0.0,0.0,0.0,0.0,0.25806490587416286,0.0,0.0,3.675e-09
440.0,1.0744890444579163,0.0,0.530982009,0.0,1.0744890444579163,0.0,0.0,0.0,0.0,0.0,0.0,0.0,0.0,0.0,0.2691784877537002,0.0,0.0,3.675e-09
441.0,1.071126961561796,0.0,0.517459322,0.0,1.071126961561796,0.0,0.0,0.0,0.0,0.0,0.0,0.0,0.0,0.0,0.23832096403004113,0.0,0.0,3.675e-09
442.0,1.0823123935015886,0.0,0.502073191,0.0,1.0823123935015886,0.0,0.0,0.0,0.0,0.0,0.0,0.0,0.0,0.0,0.18820041880836963,0.0,0.0,3.675e-09
443.0,1.118149388625663,7.1e-09,0.48865914,3.4396618257853144e-09,1.1181493851860012,0.0,0.0,0.0,0.0,0.0,0.0,0.0,0.0,0.0,0.11841872749453736,0.0,0.0,3.675e-09
444.0,1.1923510585853625,0.00324107,0.475496068,0.0015701668667180296,1.1907808917186444,0.0,0.0,0.0,0.0,0.0,0.0,0.0,0.0,0.0,0.012477631991312256,0.0,0.0,3.675e-09
445.0,1.2610056261412912,0.034066696,0.450149332,0.016503931515751167,1.1391177700997166,0.0,0.10538392452582349,0.0,0.0,0.0,0.0,0.0,0.0,0.0,0.0,0.0,0.0,0.006839048849999999
446.0,1.2762562630448617,0.11293309,0.397757111,0.05471149838605313,1.0065375223607473,0.0,0.21500724229806129,0.0,0.0,0.0,0.0,0.0,0.0,0.0,0.0,0.0,0.0,0.006839048849999999
447.0,1.2612036572331409,0.230633767,0.310666383,0.11173269916717814,0.7861515552530121,0.0,0.36331940281295055,0.0,0.0,0.0,0.0,0.0,0.0,0.0,0.0,0.0,0.0,0.006839048849999999
448.0,1.241803262731073,0.345391292,0.253209946,0.1673280622607139,0.6407561414632725,0.0,0.43371905900708657,0.0,0.0,0.0,0.0,0.0,0.0,0.0,0.0,0.0,0.0,0.006839048849999999
449.0,1.213740666335742,0.425096569,0.293232796,0.2059420338960018,0.7420352868581511,0.0,0.265763345581589,0.0,0.0,0.0,0.0,0.0,0.0,0.0,0.0,0.0,0.0,0.006839048849999999
450.0,1.1844409310745354,0.457211341,0.360165066,0.22150033745828338,0.9114096093998807,0.0,0.051530984216371215,0.0,0.0,0.0,0.0,0.0,0.0,0.0,0.0,0.0,0.0,0.006839048849999999
451.0,1.1598627953624963,0.435787187,0.373814138,0.21112120440707977,0.9459490374414412,0.0,0.0027925535139753416,0.0,0.0,0.0,0.0,0.0,0.0,0.0,0.0,0.0,0.0,0.006839048849999999
452.0,1.141047594805935,0.364062008,0.351180041,0.17637326635723208,0.8886727065218594,0.0,0.07600162192684362,0.0,0.0,0.0,0.0,0.0,0.0,0.0,0.0,0.0,0.0,0.006839048849999999
453.0,1.1311660547067295,0.253876163,0.320644783,0.12299269666872535,0.811402226417316,0.0,0.19677113162068824,0.0,0.0,0.0,0.0,0.0,0.0,0.0,0.0,0.0,0.0,0.006839048849999999
454.0,1.1385243647594057,0.132762845,0.309114113,0.06431820983509193,0.7822234846877699,0.0,0.29198267023654395,0.0,0.0,0.0,0.0,0.0,0.0,0.0,0.0,0.0,0.0,0.006839048849999999
455.0,1.1768801392650639,0.042792848,0.327018409,0.020731397983413162,0.8275308977724688,0.0,0.3286178435091821,0.0,0.0,0.0,0.0,0.0,0.0,0.0,0.0,0.0,0.0,0.006839048849999999
456.0,1.226572651319946,0.004538324,0.343446676,0.002198633776879621,0.8691031706635519,0.0,0.35527084687951455,0.0,0.0,0.0,0.0,0.0,0.0,0.0,0.0,0.0,0.0,0.006839048849999999
457.0,1.2511352112045626,3.76e-07,0.341313145,1.8215673894299692e-07,0.863704199916754,0.0,0.3874308291310696,0.0,0.0,0.0,0.0,0.0,0.0,0.0,0.0,0.0,0.0,0.006839048849999999
458.0,1.2511507870319851,0.0,0.330331235,0.0,0.8359141135135251,0.0,0.4152366735184601,0.0,0.0,0.0,0.0,0.0,0.0,0.0,0.0,0.0,0.0,0.006839048849999999
459.0,1.2292805634632624,0.0,0.317773511,0.0,0.8041363776745042,0.0,0.4251441857887583,0.0,0.0,0.0,0.0,0.0,0.0,0.0,0.0,0.0,0.0,0.006839048849999999
460.0,1.1856380189555238,0.0,0.301673416,0.0,0.7633945548813659,0.0,0.42224346407415786,0.0,0.0,0.0,0.0,0.0,0.0,0.0,0.0,0.0,0.0,0.006839048849999999
461.0,1.1313440603061355,0.0,0.286974404,0.0,0.7261982189505398,0.0,0.4051458413555957,0.0,0.0,0.0,0.0,0.0,0.0,0.0,0.0,0.0,0.0,0.006839048849999999
462.0,1.088885253684398,0.0,0.275837405,0.0,0.6980156747043499,0.0,0.3908695789800482,0.0,0.0,0.0,0.0,0.0,0.0,0.0,0.0,0.0,0.0,0.006839048849999999
463.0,1.062609389780508,0.0,0.269333356,0.0,0.681556963634888,0.0,0.38105242614562,0.0,0.0,0.0,0.0,0.0,0.0,0.0,0.0,0.0,0.0,0.006839048849999999
464.0,1.0445084364540815,0.0,0.265481012,0.0,0.6718084797541277,0.0,0.37269995669995387,0.0,0.0,0.0,0.0,0.0,0.0,0.0,0.0,0.0,0.0,0.006839048849999999
465.0,1.0355035733569937,0.0,0.262278825,0.0,0.663705239661166,0.0,0.37179833369582777,0.0,0.0,0.0,0.0,0.0,0.0,0.0,0.0,0.0,0.0,0.006839048849999999
466.0,1.0413733114721457,0.0,0.261157343,0.0,0.6608672923751596,0.0,0.38050601909698606,0.0,0.0,0.0,0.0,0.0,0.0,0.0,0.0,0.0,0.0,0.006839048849999999
467.0,1.070139029935134,8.2e-08,0.258803541,3.9725671790759975e-08,0.6549109185789719,0.0,0.41522807163049047,0.0,0.0,0.0,0.0,0.0,0.0,0.0,0.0,0.0,0.0,0.006839048849999999
468.0,1.1383218830026105,0.002826243,0.255200517,0.0013692000221821076,0.6457933472026897,0.0,0.4911593357777388,0.0,0.0,0.0,0.0,0.0,0.0,0.0,0.0,0.0,0.0,0.006839048849999999
469.0,1.1991575511798875,0.025638804,0.249011377,0.012420959912336878,0.6301315237710935,0.0,0.556605067496457,0.0,0.0,0.0,0.0,0.0,0.0,0.0,0.0,0.0,0.0,0.006839048849999999
470.0,1.2151624872984044,0.090484156,0.222062999,0.04383590101853566,0.5619377621169848,0.0,0.6093888241628839,0.0,0.0,0.0,0.0,0.0,0.0,0.0,0.0,0.0,0.0,0.006839048849999999
471.0,1.2057882630075172,0.198144567,0.170875696,0.09599300043614936,0.4324065992210715,0.0,0.6773886633502961,0.0,0.0,0.0,0.0,0.0,0.0,0.0,0.0,0.0,0.0,0.006839048849999999
472.0,1.1926136168194883,0.310707256,0.180241684,0.15052505457150775,0.4561075415682229,0.0,0.5859810206797575,0.0,0.0,0.0,0.0,0.0,0.0,0.0,0.0,0.0,0.0,0.006839048849999999
473.0,1.1687786551599186,0.387961032,0.212286642,0.18795137347361615,0.53719836744531,0.0,0.4436289142409925,0.0,0.0,0.0,0.0,0.0,0.0,0.0,0.0,0.0,0.0,0.006839048849999999
474.0,1.1427252985052672,0.417046232,0.237156,0.2020419723659163,0.6001311002406827,0.0,0.34055222589866807,0.0,0.0,0.0,0.0,0.0,0.0,0.0,0.0,0.0,0.0,0.006839048849999999
475.0,1.1242750094774847,0.396220304,0.255557813,0.1919526555309651,0.6466974965457027,0.0,0.2856248574008168,0.0,0.0,0.0,0.0,0.0,0.0,0.0,0.0,0.0,0.0,0.006839048849999999
476.0,1.1125422097445619,0.329812189,0.263495471,0.15978061918056213,0.6667840025960419,0.0,0.28597758796795775,0.0,0.0,0.0,0.0,0.0,0.0,0.0,0.0,0.0,0.0,0.006839048849999999
477.0,1.1049168907928144,0.229975975,0.255248416,0.11141402564158562,0.6459145572061068,0.0,0.3475883079451221,0.0,0.0,0.0,0.0,0.0,0.0,0.0,0.0,0.0,0.0,0.006839048849999999
478.0,1.1097764459564254,0.121628818,0.242212591,0.058924225660561935,0.6129269709768107,0.0,0.43792524931905297,0.0,0.0,0.0,0.0,0.0,0.0,0.0,0.0,0.0,0.0,0.006839048849999999
479.0,1.1423692873064553,0.037790935,0.261554798,0.018308174152145654,0.6618730653956447,0.0,0.4621880477586648,0.0,0.0,0.0,0.0,0.0,0.0,0.0,0.0,0.0,0.0,0.006839048849999999
480.0,1.1810232213661054,0.003875243,0.29315742,0.001877397945456586,0.7418445453976283,0.0,0.43730127802302066,0.0,0.0,0.0,0.0,0.0,0.0,0.0,0.0,0.0,0.0,0.006839048849999999
481.0,1.1947697105047288,6.18e-07,0.308831102,2.993959166669471e-07,0.7815073159937026,0.0,0.41326209511510936,0.0,0.0,0.0,0.0,0.0,0.0,0.0,0.0,0.0,0.0,0.006839048849999999
482.0,1.1884838847134345,0.0,0.306136307,0.0,0.7746880481351069,0.0,0.41379583657832764,0.0,0.0,0.0,0.0,0.0,0.0,0.0,0.0,0.0,0.0,0.006839048849999999
483.0,1.1655923540306186,0.0,0.296415717,0.0,0.7500897737010275,0.0,0.4155025803295912,0.0,0.0,0.0,0.0,0.0,0.0,0.0,0.0,0.0,0.0,0.006839048849999999
484.0,1.1184364230171782,0.0,0.284106704,0.0,0.7189414092718464,0.0,0.3994950137453319,0.0,0.0,0.0,0.0,0.0,0.0,0.0,0.0,0.0,0.0,0.006839048849999999
485.0,1.0630722039389937,0.0,0.272119371,0.0,0.6886070667199334,0.0,0.37446513721906016,0.0,0.0,0.0,0.0,0.0,0.0,0.0,0.0,0.0,0.0,0.006839048849999999
486.0,1.0157338176611264,0.0,0.261056368,0.0,0.6606117717986328,0.0,0.3551220458624935,0.0,0.0,0.0,0.0,0.0,0.0,0.0,0.0,0.0,0.0,0.006839048849999999
487.0,0.987731297743126,0.0,0.250577827,0.0,0.634095477295238,0.0,0.35363582044788805,0.0,0.0,0.0,0.0,0.0,0.0,0.0,0.0,0.0,0.0,0.006839048849999999
488.0,0.9702800655044824,0.0,0.24113894,0.0,0.6102100616179729,0.0,0.3600700038865095,0.0,0.0,0.0,0.0,0.0,0.0,0.0,0.0,0.0,0.0,0.006839048849999999
489.0,0.9640031400431546,0.0,0.231734969,0.0,0.5864130020333052,0.0,0.37759013800984936,0.0,0.0,0.0,0.0,0.0,0.0,0.0,0.0,0.0,0.0,0.006839048849999999
490.0,0.9705982505509179,0.0,0.224648984,0.0,0.5684816826724668,0.0,0.40211656787845107,0.0,0.0,0.0,0.0,0.0,0.0,0.0,0.0,0.0,0.0,0.006839048849999999
491.0,0.9996176279179904,1.74e-07,0.220618678,8.429593770234433e-08,0.5582828600658846,0.0,0.4413346835561681,0.0,0.0,0.0,0.0,0.0,0.0,0.0,0.0,0.0,0.0,0.006839048849999999
492.0,1.0697741184063554,0.003229546,0.215538341,0.0015645839564531912,0.5454268992915273,0.0,0.5227826351583748,0.0,0.0,0.0,0.0,0.0,0.0,0.0,0.0,0.0,0.0,0.006839048849999999
493.0,1.135711874488926,0.028249247,0.204767306,0.013685613593391594,0.5181704390489827,0.0,0.6038558218465516,0.0,0.0,0.0,0.0,0.0,0.0,0.0,0.0,0.0,0.0,0.006839048849999999
494.0,1.1546027273502404,0.092752847,0.181432324,0.044934989726592385,0.4591204954601361,0.0,0.6505472421635121,0.0,0.0,0.0,0.0,0.0,0.0,0.0,0.0,0.0,0.0,0.006839048849999999
495.0,1.1485438594731303,0.193807582,0.179647313,0.09389190723283902,0.4546034660981477,0.0,0.6000484861421437,0.0,0.0,0.0,0.0,0.0,0.0,0.0,0.0,0.0,0.0,0.006839048849999999
496.0,1.139111783537423,0.29821459,0.20907235,0.14447286494580547,0.5290644952495619,0.0,0.46557442334205557,0.0,0.0,0.0,0.0,0.0,0.0,0.0,0.0,0.0,0.0,0.006839048849999999
497.0,1.1240280260708568,0.36968901,0.230608276,0.17909932043793877,0.5835618681394822,0.0,0.361366837493436,0.0,0.0,0.0,0.0,0.0,0.0,0.0,0.0,0.0,0.0,0.006839048849999999
498.0,1.1072020387626071,0.396484623,0.234651198,0.19208070735830735,0.5937926159512485,0.0,0.32132871545305125,0.0,0.0,0.0,0.0,0.0,0.0,0.0,0.0,0.0,0.0,0.006839048849999999
499.0,1.0924653931648114,0.378058981,0.235669074,0.18315423166774586,0.5963683848282265,0.0,0.31294277666883896,0.0,0.0,0.0,0.0,0.0,0.0,0.0,0.0,0.0,0.0,0.006839048849999999
500.0,1.0826684057003255,0.316516737,0.234671661,0.15333951232127185,0.5938443982494161,0.0,0.33548449512963757,0.0,0.0,0.0,0.0,0.0,0.0,0.0,0.0,0.0,0.0,0.006839048849999999
501.0,1.0774506135054671,0.220866865,0.227643385,0.10700103156639135,0.5760591134213907,0.0,0.39439046851768506,0.0,0.0,0.0,0.0,0.0,0.0,0.0,0.0,0.0,0.0,0.006839048849999999
502.0,1.0828530857972627,0.116756453,0.230713111,0.05656376257721088,0.583827156573651,0.0,0.44246216664640076,0.0,0.0,0.0,0.0,0.0,0.0,0.0,0.0,0.0,0.0,0.006839048849999999
503.0,1.1175130185327922,0.041441709,0.244082368,0.02007682597783151,0.617658503504829,0.0,0.47977768905013174,0.0,0.0,0.0,0.0,0.0,0.0,0.0,0.0,0.0,0.0,0.006839048849999999
504.0,1.1586456819890643,0.004945681,0.259595646,0.0023959817096072876,0.6569153664746867,0.0,0.49933433380477027,0.0,0.0,0.0,0.0,0.0,0.0,0.0,0.0,0.0,0.0,0.006839048849999999
505.0,1.175387116662594,9.72e-07,0.274026819,4.7089454854413035e-07,0.693433926959151,0.0,0.4819527188088944,0.0,0.0,0.0,0.0,0.0,0.0,0.0,0.0,0.0,0.0,0.006839048849999999
506.0,1.1721006870711517,0.0,0.279223737,0.0,0.7065848998090921,0.0,0.46551578726205944,0.0,0.0,0.0,0.0,0.0,0.0,0.0,0.0,0.0,0.0,0.006839048849999999
507.0,1.1430879852015354,0.0,0.282080122,0.0,0.7138130765061227,0.0,0.42927490869541274,0.0,0.0,0.0,0.0,0.0,0.0,0.0,0.0,0.0,0.0,0.006839048849999999
508.0,1.103185785113683,0.0,0.291136015,0.0,0.7367293132015971,0.0,0.3664564719120861,0.0,0.0,0.0,0.0,0.0,0.0,0.0,0.0,0.0,0.0,0.006839048849999999
509.0,1.053195113504809,0.0,0.301452184,0.0,0.7628347199896978,0.0,0.2903603935151112,0.0,0.0,0.0,0.0,0.0,0.0,0.0,0.0,0.0,0.0,0.006839048849999999
510.0,1.0092855610979239,0.0,0.308942105,0.0,0.781788212755834,0.0,0.22749734834208984,0.0,0.0,0.0,0.0,0.0,0.0,0.0,0.0,0.0,0.0,0.006839048849999999
511.0,0.9889684376089263,0.0,0.314664365,0.0,0.796268580908709,0.0,0.19269985670021728,0.0,0.0,0.0,0.0,0.0,0.0,0.0,0.0,0.0,0.0,0.006839048849999999
512.0,0.9653226077111642,0.0,0.321503148,0.0,0.813574347434107,0.0,0.15174826027705726,0.0,0.0,0.0,0.0,0.0,0.0,0.0,0.0,0.0,0.0,0.006839048849999999
513.0,0.9651156752894233,0.0,0.328709541,0.0,0.8318103632205799,0.0,0.1333053120688435,0.0,0.0,0.0,0.0,0.0,0.0,0.0,0.0,0.0,0.0,0.006839048849999999
514.0,0.9728433475358237,0.0,0.336088786,0.0,0.8504837867088978,0.0,0.12235956082692591,0.0,0.0,0.0,0.0,0.0,0.0,0.0,0.0,0.0,0.0,0.006839048849999999
515.0,1.0000359414265683,1.78e-07,0.345605455,8.623377535067408e-08,0.8745660323092469,0.0,0.1254698228835459,0.0,0.0,0.0,0.0,0.0,0.0,0.0,0.0,0.0,0.0,0.006839048849999999
516.0,1.0636863237069107,0.00279402,0.357751962,0.0013535892865465754,0.9053031699317029,0.0,0.15702956448866126,0.0,0.0,0.0,0.0,0.0,0.0,0.0,0.0,0.0,0.0,0.006839048849999999
517.0,1.1302381995573982,0.024432198,0.365499887,0.011836408278961734,0.9249095503514785,0.0,0.19349224092695802,0.0,0.0,0.0,0.0,0.0,0.0,0.0,0.0,0.0,0.0,0.006839048849999999
518.0,1.1613914192848322,0.083588627,0.377587819,0.040495297093198254,0.9554984619994846,0.0,0.1653976601921494,0.0,0.0,0.0,0.0,0.0,0.0,0.0,0.0,0.0,0.0,0.006839048849999999
519.0,1.1748976015142087,0.183607108,0.403934659,0.08895019159583682,1.0221700118530208,0.0,0.0637773980653512,0.0,0.0,0.0,0.0,0.0,0.0,0.0,0.0,0.0,0.0,0.006839048849999999
520.0,1.181116674330792,0.288089035,0.427358455,0.1395674445234971,1.041549229807295,0.0,0.0,0.0,0.0,0.0,0.0,0.0,0.0,0.0,0.03989547239846131,0.0,0.0,3.675e-09
521.0,1.1740565238321075,0.359612968,0.439699986,0.17421788705450084,0.9998386367776065,0.0,0.0,0.0,0.0,0.0,0.0,0.0,0.0,0.0,0.11283671773163123,0.0,0.0,3.675e-09
522.0,1.1607861998468818,0.388523599,0.449863322,0.18822391435169314,0.9725622854951887,0.0,0.0,0.0,0.0,0.0,0.0,0.0,0.0,0.0,0.16583172684179004,0.0,0.0,3.675e-09
523.0,1.1484882326608206,0.372134424,0.445192515,0.18028402426667697,0.9682042083941436,0.0,0.0,0.0,0.0,0.0,0.0,0.0,0.0,0.0,0.15837017237575757,0.0,0.0,3.675e-09
524.0,1.1366063531509019,0.311231365,0.428661886,0.15077896410951486,0.985827389041387,0.0,0.0,0.0,0.0,0.0,0.0,0.0,0.0,0.0,0.09891568841153907,0.0,0.0,3.675e-09
525.0,1.1276281910437136,0.217410387,0.4042909,0.10532650826663546,1.0223016827770781,0.0,0.0,0.0,0.0,0.0,0.0,0.0,0.0,0.0,0.0007698087065692139,0.0,0.0,3.675e-09
526.0,1.1288008037672377,0.116941389,0.405157006,0.05665335656304376,1.0252632013569165,0.0,0.046884245847277586,0.0,0.0,0.0,0.0,0.0,0.0,0.0,0.0,0.0,0.0,0.006839048849999999
527.0,1.151294047433844,0.040800432,0.421518495,0.019766153299429517,1.0666664903107943,0.0,0.06486140382362024,0.0,0.0,0.0,0.0,0.0,0.0,0.0,0.0,0.0,0.0,0.006839048849999999
528.0,1.1779125725415587,0.00475997,0.443556427,0.0023060122677300452,1.1224342059839771,0.0,0.053172354289851564,0.0,0.0,0.0,0.0,0.0,0.0,0.0,0.0,0.0,0.0,0.006839048849999999
529.0,1.1860941586164782,1.47e-06,0.460787495,7.121553357611848e-07,1.1660379933524687,0.0,0.020055453108673828,0.0,0.0,0.0,0.0,0.0,0.0,0.0,0.0,0.0,0.0,0.006839048849999999
530.0,1.1781528804507306,0.0,0.471133294,0.0,1.1781528804507306,0.0,0.0,0.0,0.0,0.0,0.0,0.0,0.0,0.0,0.014065499384639404,0.0,0.0,3.675e-09
531.0,1.1588081117610476,0.0,0.470890028,0.0,1.1588081117610476,0.0,0.0,0.0,0.0,0.0,0.0,0.0,0.0,0.0,0.03279467541703735,0.0,0.0,3.675e-09
532.0,1.1260372658115365,0.0,0.46801275,0.0,1.1260372658115365,0.0,0.0,0.0,0.0,0.0,0.0,0.0,0.0,0.0,0.05828447424213086,0.0,0.0,3.675e-09
533.0,1.0851048582796248,0.0,0.465415906,0.0,1.0851048582796248,0.0,0.0,0.0,0.0,0.0,0.0,0.0,0.0,0.0,0.09264548215997705,0.0,0.0,3.675e-09
534.0,1.050649632133401,0.0,0.46668264,0.0,1.050649632133401,0.0,0.0,0.0,0.0,0.0,0.0,0.0,0.0,0.0,0.1303062205813794,0.0,0.0,3.675e-09
535.0,1.0241757371376614,0.0,0.465837625,0.0,1.0241757371376614,0.0,0.0,0.0,0.0,0.0,0.0,0.0,0.0,0.0,0.15464177717678393,0.0,0.0,3.675e-09
536.0,1.0074966047738971,0.0,0.461816822,0.0,1.0074966047738971,0.0,0.0,0.0,0.0,0.0,0.0,0.0,0.0,0.0,0.16114613458970983,0.0,0.0,3.675e-09
537.0,0.9992749667141658,0.0,0.460874435,0.0,0.9992749667141658,0.0,0.0,0.0,0.0,0.0,0.0,0.0,0.0,0.0,0.16698303118322266,0.0,0.0,3.675e-09
538.0,0.9998801861521162,0.0,0.45682301,0.0,0.9998801861521162,0.0,0.0,0.0,0.0,0.0,0.0,0.0,0.0,0.0,0.15612554681082982,0.0,0.0,3.675e-09
539.0,1.0114794819354656,3.9e-07,0.44801509,1.889391707121511e-07,1.011479292996295,0.0,0.0,0.0,0.0,0.0,0.0,0.0,0.0,0.0,0.12223770714761255,0.0,0.0,3.675e-09
540.0,1.0324952778271,0.002781552,0.437012231,0.0013475490465967314,1.0311477287805033,0.0,0.0,0.0,0.0,0.0,0.0,0.0,0.0,0.0,0.07472617282293664,0.0,0.0,3.675e-09
541.0,1.0661917540934316,0.022864776,0.422920926,0.011077055938356653,1.055114698155075,0.0,0.0,0.0,0.0,0.0,0.0,0.0,0.0,0.0,0.015100690176606934,0.0,0.0,3.675e-09
542.0,1.1033281903931476,0.083135446,0.413707502,0.04027574929237133,1.046900514231495,0.0,0.016151926869281005,0.0,0.0,0.0,0.0,0.0,0.0,0.0,0.0,0.0,0.0,0.006839048849999999
543.0,1.135407039437478,0.186406788,0.383024187,0.09030652292265577,0.969255370992524,0.0,0.07584514552229822,0.0,0.0,0.0,0.0,0.0,0.0,0.0,0.0,0.0,0.0,0.006839048849999999
544.0,1.1502460383299267,0.294711255,0.357957744,0.14277564133137766,0.9058239080874727,0.0,0.10164648891107642,0.0,0.0,0.0,0.0,0.0,0.0,0.0,0.0,0.0,0.0,0.006839048849999999
545.0,1.1439179367212349,0.370220239,0.377771839,0.17935667932695992,0.9559641306946317,0.0,0.008597126699643189,0.0,0.0,0.0,0.0,0.0,0.0,0.0,0.0,0.0,0.0,0.006839048849999999
546.0,1.125894860532072,0.400904674,0.40484463,0.19422204266714174,0.9316728178649303,0.0,0.0,0.0,0.0,0.0,0.0,0.0,0.0,0.0,0.09279990569438135,0.0,0.0,3.675e-09
547.0,1.1015525830641835,0.38519822,0.418721662,0.18661290319640186,0.9149396798677815,0.0,0.0,0.0,0.0,0.0,0.0,0.0,0.0,0.0,0.14464933205123925,0.0,0.0,3.675e-09
548.0,1.0762935766093658,0.327611037,0.416389552,0.15871425037673806,0.9175793262326277,0.0,0.0,0.0,0.0,0.0,0.0,0.0,0.0,0.0,0.1361082042135132,0.0,0.0,3.675e-09
549.0,1.0616481591437454,0.237423239,0.397328502,0.11502192278064834,0.9466262363630972,0.0,0.0,0.0,0.0,0.0,0.0,0.0,0.0,0.0,0.05882667674996899,0.0,0.0,3.675e-09
550.0,1.0615547061790593,0.134283374,0.388873014,0.06505484442048623,0.9840560211241987,0.0,0.012443840634374512,0.0,0.0,0.0,0.0,0.0,0.0,0.0,0.0,0.0,0.0,0.006839048849999999
551.0,1.091693293289932,0.046064738,0.411906806,0.02231649588921157,1.0423437934583375,0.0,0.027033003942382935,0.0,0.0,0.0,0.0,0.0,0.0,0.0,0.0,0.0,0.0,0.006839048849999999
552.0,1.1252940917590672,0.005351169,0.444561071,0.0025924241876937714,1.1227016675713732,0.0,0.0,0.0,0.0,0.0,0.0,0.0,0.0,0.0,0.002274823276027832,0.0,0.0,3.675e-09
553.0,1.1445743323065491,2.16e-06,0.468534211,1.0464323300980676e-06,1.144573285874219,0.0,0.0,0.0,0.0,0.0,0.0,0.0,0.0,0.0,0.04106802848354639,0.0,0.0,3.675e-09
554.0,1.1445787829714948,0.0,0.482849165,0.0,1.1445787829714948,0.0,0.0,0.0,0.0,0.0,0.0,0.0,0.0,0.0,0.07728699584812158,0.0,0.0,3.675e-09
555.0,1.1334133765241459,0.0,0.486878306,0.0,1.1334133765241456,0.0,0.0,0.0,0.0,0.0,0.0,0.0,0.0,0.0,0.09864827683102881,0.0,0.0,3.675e-09
556.0,1.1085548819180477,0.0,0.493105381,0.0,1.1085548819180477,0.0,0.0,0.0,0.0,0.0,0.0,0.0,0.0,0.0,0.1392645906406521,0.0,0.0,3.675e-09
557.0,1.0749985850987451,0.0,0.501852086,0.0,1.0749985850987451,0.0,0.0,0.0,0.0,0.0,0.0,0.0,0.0,0.0,0.19495471369724462,0.0,0.0,3.675e-09
558.0,1.0433981260403231,0.0,0.510225102,0.0,1.0433981260403231,0.0,0.0,0.0,0.0,0.0,0.0,0.0,0.0,0.0,0.24774336662136218,0.0,0.0,3.675e-09
559.0,1.024266965269837,0.0,0.509338044,0.0,1.024266965269837,0.0,0.0,0.0,0.0,0.0,0.0,0.0,0.0,0.0,0.2646297977897411,0.0,0.0,3.675e-09
560.0,1.011009991279599,0.0,0.507775944,0.0,1.011009991279599,0.0,0.0,0.0,0.0,0.0,0.0,0.0,0.0,0.0,0.2739338260746799,0.0,0.0,3.675e-09
561.0,1.0069803876356875,0.0,0.506733792,0.0,1.0069803876356875,0.0,0.0,0.0,0.0,0.0,0.0,0.0,0.0,0.0,0.2753262296208579,0.0,0.0,3.675e-09
562.0,1.0091743074733046,0.0,0.513348037,0.0,1.0091743074733046,0.0,0.0,0.0,0.0,0.0,0.0,0.0,0.0,0.0,0.2898698754746483,0.0,0.0,3.675e-09
563.0,1.019138176374644,3.8e-07,0.519134653,1.840945765913267e-07,1.0191379922800674,0.0,0.0,0.0,0.0,0.0,0.0,0.0,0.0,0.0,0.2945494138068754,0.0,0.0,3.675e-09
564.0,1.0436161826246162,0.00202996,0.528336002,0.000983433228150867,1.0426327493964653,0.0,0.0,0.0,0.0,0.0,0.0,0.0,0.0,0.0,0.2943389746038701,0.0,0.0,3.675e-09
565.0,1.075261143332871,0.026268969,0.533313926,0.012726249277751806,1.0625348940551191,0.0,0.0,0.0,0.0,0.0,0.0,0.0,0.0,0.0,0.2870336312364951,0.0,0.0,3.675e-09
566.0,1.1018574181156315,0.102279084,0.520985386,0.04955006490297036,1.0523073532126612,0.0,0.0,0.0,0.0,0.0,0.0,0.0,0.0,0.0,0.2660633939305558,0.0,0.0,3.675e-09
567.0,1.1053708056212583,0.221508133,0.477821319,0.10731169988465863,0.9980591057365996,0.0,0.0,0.0,0.0,0.0,0.0,0.0,0.0,0.0,0.21108354251992456,0.0,0.0,3.675e-09
568.0,1.085380766508738,0.335795142,0.468443967,0.16267911707345903,0.9227016494352791,0.0,0.0,0.0,0.0,0.0,0.0,0.0,0.0,0.0,0.2627112994963108,0.0,0.0,3.675e-09
569.0,1.0547704639094884,0.413169161,0.510113712,0.20016368882865446,0.8546067750808339,0.0,0.0,0.0,0.0,0.0,0.0,0.0,0.0,0.0,0.4362528415024226,0.0,0.0,3.675e-09
570.0,1.0247231049307914,0.442740317,0.56740643,0.2144897136790125,0.8102333912517788,0.0,0.0,0.0,0.0,0.0,0.0,0.0,0.0,0.0,0.6256073427778809,0.0,0.0,3.675e-09
571.0,0.996037488437577,0.422203773,0.600240957,0.20454059164656738,0.7914968967910097,0.0,0.0,0.0,0.0,0.0,0.0,0.0,0.0,0.0,0.727432693579592,0.0,0.0,3.675e-09
572.0,0.9740938373966115,0.354313218,0.615180177,0.17165037328531693,0.8024434641112945,0.0,0.0,0.0,0.0,0.0,0.0,0.0,0.0,0.0,0.754290316477297,0.0,0.0,3.675e-09
573.0,0.9607233849492436,0.248567275,0.613622676,0.12042075590943385,0.8403026290398097,0.0,0.0,0.0,0.0,0.0,0.0,0.0,0.0,0.0,0.7124898437650614,0.0,0.0,3.675e-09
574.0,0.9655317639654907,0.13270094,0.624640633,0.06428821937518697,0.9012435445903038,0.0,0.0,0.0,0.0,0.0,0.0,0.0,0.0,0.0,0.6794302327432932,0.0,0.0,3.675e-09
575.0,1.0038497123187724,0.046374461,0.66427423,0.02246654411169998,0.9813831682070725,0.0,0.0,0.0,0.0,0.0,0.0,0.0,0.0,0.0,0.6995847369331404,0.0,0.0,3.675e-09
576.0,1.0567129516753813,0.005996955,0.708168394,0.002905281293584841,1.0538076703817965,0.0,0.0,0.0,0.0,0.0,0.0,0.0,0.0,0.0,0.7382358682463526,0.0,0.0,3.675e-09
577.0,1.0948795954191568,3.24e-06,0.732310512,1.569648495147101e-06,1.0948780257706618,0.0,0.0,0.0,0.0,0.0,0.0,0.0,0.0,0.0,0.7582579407845916,0.0,0.0,3.675e-09
578.0,1.104271620369977,0.0,0.737922302,0.0,1.104271620369977,0.0,0.0,0.0,0.0,0.0,0.0,0.0,0.0,0.0,0.7630651663501455,0.0,0.0,3.675e-09
579.0,1.0936357800559002,0.0,0.729780209,0.0,1.0936357800559002,0.0,0.0,0.0,0.0,0.0,0.0,0.0,0.0,0.0,0.7530971710861556,0.0,0.0,3.675e-09
580.0,1.064527400389087,0.0,0.714153249,0.0,1.064527400389087,0.0,0.0,0.0,0.0,0.0,0.0,0.0,0.0,0.0,0.742661011722891,0.0,0.0,3.675e-09
581.0,1.0250190386523483,0.0,0.694770882,0.0,1.0250190386523483,0.0,0.0,0.0,0.0,0.0,0.0,0.0,0.0,0.0,0.7331216528327905,0.0,0.0,3.675e-09
582.0,0.9909465256947607,0.0,0.682041936,0.0,0.9909465256947607,0.0,0.0,0.0,0.0,0.0,0.0,0.0,0.0,0.0,0.7349831470184126,0.0,0.0,3.675e-09
583.0,0.969639244746666,0.0,0.669006058,0.0,0.969639244746666,0.0,0.0,0.0,0.0,0.0,0.0,0.0,0.0,0.0,0.7233027076189585,0.0,0.0,3.675e-09
584.0,0.9575749099723202,0.0,0.662609038,0.0,0.9575749099723202,0.0,0.0,0.0,0.0,0.0,0.0,0.0,0.0,0.0,0.7191791717475622,0.0,0.0,3.675e-09
585.0,0.9564467988986288,0.0,0.658074572,0.0,0.9564467988986288,0.0,0.0,0.0,0.0,0.0,0.0,0.0,0.0,0.0,0.7088326666631803,0.0,0.0,3.675e-09
586.0,0.9682463506063383,0.0,0.648510969,0.0,0.9682463506063383,0.0,0.0,0.0,0.0,0.0,0.0,0.0,0.0,0.0,0.672832101316115,0.0,0.0,3.675e-09
587.0,1.0042480003349066,1.09e-06,0.639203579,5.280607591698581e-07,1.0042474722741475,0.0,0.0,0.0,0.0,0.0,0.0,0.0,0.0,0.0,0.6132783214778648,0.0,0.0,3.675e-09
588.0,1.0764493318838178,0.004624319,0.630533016,0.002240294864021651,1.074209037019796,0.0,0.0,0.0,0.0,0.0,0.0,0.0,0.0,0.0,0.5213756103437791,0.0,0.0,3.675e-09
589.0,1.1445632071440721,0.03422413,0.604703113,0.016580201898832952,1.127983005245239,0.0,0.0,0.0,0.0,0.0,0.0,0.0,0.0,0.0,0.40223821843729884,0.0,0.0,3.675e-09
590.0,1.1627976644200722,0.111872736,0.54813579,0.05419779991061387,1.1085998645094586,0.0,0.0,0.0,0.0,0.0,0.0,0.0,0.0,0.0,0.27847587776143434,0.0,0.0,3.675e-09
591.0,1.1439490873761555,0.231096165,0.513958095,0.11195671223040624,1.0319923751457494,0.0,0.0,0.0,0.0,0.0,0.0,0.0,0.0,0.0,0.2685955797445144,0.0,0.0,3.675e-09
592.0,1.1200518244067443,0.34824139,0.581401261,0.16870881906217122,0.9513430053445732,0.0,0.0,0.0,0.0,0.0,0.0,0.0,0.0,0.0,0.5199121113096561,0.0,0.0,3.675e-09
593.0,1.0916287661476558,0.427814211,0.628557285,0.20725862114157237,0.8843701450060834,0.0,0.0,0.0,0.0,0.0,0.0,0.0,0.0,0.0,0.7062148497288017,0.0,0.0,3.675e-09
594.0,1.0655442578381593,0.459511129,0.642794007,0.22261449140067766,0.8429297664374817,0.0,0.0,0.0,0.0,0.0,0.0,0.0,0.0,0.0,0.7836817240962898,0.0,0.0,3.675e-09
595.0,1.0430398900090008,0.441829712,0.647650861,0.21404856251607318,0.8289913274929275,0.0,0.0,0.0,0.0,0.0,0.0,0.0,0.0,0.0,0.8099105926935974,0.0,0.0,3.675e-09
596.0,1.0256643090751856,0.374799604,0.631956621,0.18157519580257084,0.8440891132726147,0.0,0.0,0.0,0.0,0.0,0.0,0.0,0.0,0.0,0.7550980136190271,0.0,0.0,3.675e-09
597.0,1.0138402822100117,0.269621461,0.579544973,0.13062065448086815,0.8832196277291434,0.0,0.0,0.0,0.0,0.0,0.0,0.0,0.0,0.0,0.5833380907576196,0.0,0.0,3.675e-09
598.0,1.0169108800496716,0.150204461,0.512509609,0.07276796486821958,0.9441429151814519,0.0,0.0,0.0,0.0,0.0,0.0,0.0,0.0,0.0,0.3527795979874839,0.0,0.0,3.675e-09
599.0,1.0487694476771985,0.052479955,0.491576786,0.025424408145412837,1.0233450395317856,0.0,0.0,0.0,0.0,0.0,0.0,0.0,0.0,0.0,0.22060627283205347,0.0,0.0,3.675e-09
600.0,1.0909011679226093,0.006483678,0.494419058,0.0031410788320118416,1.0877600890905974,0.0,0.0,0.0,0.0,0.0,0.0,0.0,0.0,0.0,0.16338368655708568,0.0,0.0,3.675e-09
601.0,1.1109535083449704,4.62e-06,0.490353199,2.2382024838208662e-06,1.1109512701424866,0.0,0.0,0.0,0.0,0.0,0.0,0.0,0.0,0.0,0.12990371485645288,0.0,0.0,3.675e-09
602.0,1.1094693860724671,0.0,0.488283258,0.0,1.1094693860724671,0.0,0.0,0.0,0.0,0.0,0.0,0.0,0.0,0.0,0.12614754477745949,0.0,0.0,3.675e-09
603.0,1.0864198752826886,0.0,0.487753262,0.0,1.0864198752826886,0.0,0.0,0.0,0.0,0.0,0.0,0.0,0.0,0.0,0.14785588316340612,0.0,0.0,3.675e-09
604.0,1.0433024482431263,0.0,0.482934169,0.0,1.0433024482431263,0.0,0.0,0.0,0.0,0.0,0.0,0.0,0.0,0.0,0.17877843600939025,0.0,0.0,3.675e-09
605.0,0.9900364712053623,0.0,0.483744066,0.0,0.9900364712053623,0.0,0.0,0.0,0.0,0.0,0.0,0.0,0.0,0.0,0.23409388418721241,0.0,0.0,3.675e-09
606.0,0.945063334867062,0.0,0.483727669,0.0,0.9450633348670621,0.0,0.0,0.0,0.0,0.0,0.0,0.0,0.0,0.0,0.2790255273747991,0.0,0.0,3.675e-09
607.0,0.9143751551305487,0.0,0.482464958,0.0,0.9143751551305487,0.0,0.0,0.0,0.0,0.0,0.0,0.0,0.0,0.0,0.30651837517066566,0.0,0.0,3.675e-09
608.0,0.8952907208424058,0.0,0.480661279,0.0,0.8952907208424058,0.0,0.0,0.0,0.0,0.0,0.0,0.0,0.0,0.0,0.32103854010550953,0.0,0.0,3.675e-09
609.0,0.8811348185251712,0.0,0.481390861,0.0,0.8811348185251712,0.0,0.0,0.0,0.0,0.0,0.0,0.0,0.0,0.0,0.3370406737994573,0.0,0.0,3.675e-09
610.0,0.8877121283730013,0.0,0.483733667,0.0,0.8877121283730014,0.0,0.0,0.0,0.0,0.0,0.0,0.0,0.0,0.0,0.33639191200620083,0.0,0.0,3.675e-09
611.0,0.9178462658188531,1.8e-06,0.48135864,8.720269417483895e-07,0.9178453937919113,0.0,0.0,0.0,0.0,0.0,0.0,0.0,0.0,0.0,0.30024856222673757,0.0,0.0,3.675e-09
612.0,0.9852214176915839,0.002753629,0.476614848,0.0013340214864331536,0.9838873962051508,0.0,0.0,0.0,0.0,0.0,0.0,0.0,0.0,0.0,0.222202237290463,0.0,0.0,3.675e-09
613.0,1.0510301194896021,0.028582306,0.470426399,0.013846967160720357,1.037183152328882,0.0,0.0,0.0,0.0,0.0,0.0,0.0,0.0,0.0,0.1532464063334856,0.0,0.0,3.675e-09
614.0,1.0758552376083443,0.105334356,0.453169353,0.0510302201798423,1.024825017428502,0.0,0.0,0.0,0.0,0.0,0.0,0.0,0.0,0.0,0.12193501567733679,0.0,0.0,3.675e-09
615.0,1.0762112488071565,0.226872412,0.385526492,0.1099104753352448,0.9663007734719118,0.0,0.0,0.0,0.0,0.0,0.0,0.0,0.0,0.0,0.009286763068976075,0.0,0.0,3.675e-09
616.0,1.0735322634861748,0.345428936,0.320782349,0.16734629925082234,0.8117503417293287,0.0,0.0944356225060238,0.0,0.0,0.0,0.0,0.0,0.0,0.0,0.0,0.0,0.0,0.006839048849999999
617.0,1.0616948856260886,0.424734176,0.341129521,0.20576646919627903,0.8559284164298095,0.0,0.0,0.0,0.0,0.0,0.0,0.0,0.0,0.0,0.007311116882892212,0.0,0.0,3.675e-09
618.0,1.0459925587265848,0.455514388,0.384554287,0.22067823260557184,0.825314326121013,0.0,0.0,0.0,0.0,0.0,0.0,0.0,0.0,0.0,0.1478130135186389,0.0,0.0,3.675e-09
619.0,1.0328779900158114,0.435620696,0.401425768,0.21104054627510271,0.8218374437407088,0.0,0.0,0.0,0.0,0.0,0.0,0.0,0.0,0.0,0.19398373647316344,0.0,0.0,3.675e-09
620.0,1.0236528455019203,0.368258993,0.379856719,0.17840653524285088,0.8452463102590694,0.0,0.0,0.0,0.0,0.0,0.0,0.0,0.0,0.0,0.11599367821807592,0.0,0.0,3.675e-09
621.0,1.0177742070568019,0.263221717,0.318098557,0.12752023826515005,0.8049589173260787,0.0,0.08529505146557312,0.0,0.0,0.0,0.0,0.0,0.0,0.0,0.0,0.0,0.0,0.006839048849999999
622.0,1.0239799308783222,0.140095547,0.283924956,0.06787060633498765,0.7184814899478295,0.0,0.23762783459550502,0.0,0.0,0.0,0.0,0.0,0.0,0.0,0.0,0.0,0.0,0.006839048849999999
623.0,1.0537024303130522,0.043042832,0.294662944,0.02085250508508318,0.7456543236640806,0.0,0.28719560156388857,0.0,0.0,0.0,0.0,0.0,0.0,0.0,0.0,0.0,0.0,0.006839048849999999
624.0,1.088943105329218,0.004210283,0.30480404,0.002039711226880686,0.7713167024363925,0.0,0.31558669166594483,0.0,0.0,0.0,0.0,0.0,0.0,0.0,0.0,0.0,0.0,0.006839048849999999
625.0,1.104794512005718,3.46e-06,0.315743705,1.6762295658052377e-06,0.7989998864701697,0.0,0.30579294930598244,0.0,0.0,0.0,0.0,0.0,0.0,0.0,0.0,0.0,0.0,0.006839048849999999
626.0,1.101750615155958,0.0,0.329527656,0.0,0.8338806302813895,0.0,0.2678699848745685,0.0,0.0,0.0,0.0,0.0,0.0,0.0,0.0,0.0,0.0,0.006839048849999999
627.0,1.078939186442916,0.0,0.344599333,0.0,0.8720200073179486,0.0,0.20691917912496752,0.0,0.0,0.0,0.0,0.0,0.0,0.0,0.0,0.0,0.0,0.006839048849999999
628.0,1.0354546220421401,0.0,0.356382653,0.0,0.9018380882270888,0.0,0.1336165338150514,0.0,0.0,0.0,0.0,0.0,0.0,0.0,0.0,0.0,0.0,0.006839048849999999
629.0,0.9828005409397073,0.0,0.365304326,0.0,0.9244146767741953,0.0,0.05838586416551196,0.0,0.0,0.0,0.0,0.0,0.0,0.0,0.0,0.0,0.0,0.006839048849999999
630.0,0.9382968942573487,0.0,0.371478037,0.0,0.9382968942573487,0.0,0.0,0.0,0.0,0.0,0.0,0.0,0.0,0.0,0.0017405623537386475,0.0,0.0,3.675e-09
631.0,0.9086589474573384,0.0,0.370947516,0.0,0.9086589474573383,0.0,0.0,0.0,0.0,0.0,0.0,0.0,0.0,0.0,0.030036008220056518,0.0,0.0,3.675e-09
632.0,0.8899972763427942,0.0,0.367533992,0.0,0.8899972763427942,0.0,0.0,0.0,0.0,0.0,0.0,0.0,0.0,0.0,0.040059643974677366,0.0,0.0,3.675e-09
633.0,0.889105022513329,0.0,0.359493787,0.0,0.889105022513329,0.0,0.0,0.0,0.0,0.0,0.0,0.0,0.0,0.0,0.020605893179293823,0.0,0.0,3.675e-09
634.0,0.8977204979242489,0.0,0.34956231,0.0,0.884578984731462,0.0,0.013141513192786865,0.0,0.0,0.0,0.0,0.0,0.0,0.0,0.0,0.0,0.0,0.006839048849999999
635.0,0.9320221936285313,4.2e-07,0.338902934,2.0347295307462424e-07,0.8576050812807413,0.0,0.07441690887483692,0.0,0.0,0.0,0.0,0.0,0.0,0.0,0.0,0.0,0.0,0.006839048849999999
636.0,1.0017269951208876,0.003682869,0.329691213,0.0017842005505166387,0.8342945166783691,0.0,0.16564827789200195,0.0,0.0,0.0,0.0,0.0,0.0,0.0,0.0,0.0,0.0,0.006839048849999999
637.0,1.0735834396335389,0.035762978,0.318924749,0.01732571129619719,0.8070496235024777,0.0,0.24920810483486402,0.0,0.0,0.0,0.0,0.0,0.0,0.0,0.0,0.0,0.0,0.006839048849999999
638.0,1.1007471077018733,0.123493618,0.299634724,0.05982764557221326,0.7582355773601904,0.0,0.2826838847694696,0.0,0.0,0.0,0.0,0.0,0.0,0.0,0.0,0.0,0.0,0.006839048849999999
639.0,1.1107310010957316,0.249392561,0.251610026,0.12082057347979373,0.6367074909973468,0.0,0.3532029366185912,0.0,0.0,0.0,0.0,0.0,0.0,0.0,0.0,0.0,0.0,0.006839048849999999
640.0,1.1087061865275543,0.36459311,0.205424437,0.1766305637199079,0.5198333307743966,0.0,0.4122422920332496,0.0,0.0,0.0,0.0,0.0,0.0,0.0,0.0,0.0,0.0,0.006839048849999999
641.0,1.0887762248922892,0.442520495,0.206560286,0.21438321884212974,0.5227076342289889,0.0,0.3516853718211705,0.0,0.0,0.0,0.0,0.0,0.0,0.0,0.0,0.0,0.0,0.006839048849999999
642.0,1.0670439559380853,0.473225876,0.237067088,0.229258729669157,0.5999061054845535,0.0,0.23787912078437487,0.0,0.0,0.0,0.0,0.0,0.0,0.0,0.0,0.0,0.0,0.006839048849999999
643.0,1.0462039408133466,0.450504297,0.258486835,0.21825104686523233,0.6541094835731832,0.0,0.17384341037493103,0.0,0.0,0.0,0.0,0.0,0.0,0.0,0.0,0.0,0.0,0.006839048849999999
644.0,1.0300476990853988,0.376939376,0.260426283,0.1826118284876813,0.6590173208705722,0.0,0.1884185497271454,0.0,0.0,0.0,0.0,0.0,0.0,0.0,0.0,0.0,0.0,0.006839048849999999
645.0,1.01960099053313,0.264139627,0.242258696,0.12796492840409462,0.6130436412039042,0.0,0.2785924209251312,0.0,0.0,0.0,0.0,0.0,0.0,0.0,0.0,0.0,0.0,0.006839048849999999
646.0,1.021786011040705,0.136302046,0.246294135,0.06603280907079352,0.6232554530367238,0.0,0.33249774893318784,0.0,0.0,0.0,0.0,0.0,0.0,0.0,0.0,0.0,0.0,0.006839048849999999
647.0,1.050271370609635,0.041469527,0.291574767,0.020090302669756817,0.7378395896461853,0.0,0.2923414782936927,0.0,0.0,0.0,0.0,0.0,0.0,0.0,0.0,0.0,0.0,0.006839048849999999
648.0,1.0947082643172819,0.004333127,0.344875189,0.0020992241588985413,0.8727180700479154,0.0,0.2198909701104679,0.0,0.0,0.0,0.0,0.0,0.0,0.0,0.0,0.0,0.0,0.006839048849999999
649.0,1.121582673161591,6.38e-06,0.384986895,3.0908510490859583e-06,0.9742220684890714,0.0,0.14735751382147058,0.0,0.0,0.0,0.0,0.0,0.0,0.0,0.0,0.0,0.0,0.006839048849999999
650.0,1.1251984139618705,0.0,0.409207802,0.0,1.0355138745860593,0.0,0.08968453937581115,0.0,0.0,0.0,0.0,0.0,0.0,0.0,0.0,0.0,0.0,0.006839048849999999
651.0,1.1102904372622,0.0,0.425961694,0.0,1.0779101523073633,0.0,0.03238028495483667,0.0,0.0,0.0,0.0,0.0,0.0,0.0,0.0,0.0,0.0,0.006839048849999999
652.0,1.0703526368544063,0.0,0.434625899,0.0,1.0703526368544063,0.0,0.0,0.0,0.0,0.0,0.0,0.0,0.0,0.0,0.029482572712148436,0.0,0.0,3.675e-09
653.0,1.0202840881082686,0.0,0.435786597,0.0,1.0202840881082686,0.0,0.0,0.0,0.0,0.0,0.0,0.0,0.0,0.0,0.08248830612908142,0.0,0.0,3.675e-09
654.0,0.9781256658730335,0.0,0.435937392,0.0,0.9781256658730336,0.0,0.0,0.0,0.0,0.0,0.0,0.0,0.0,0.0,0.12502832009828405,0.0,0.0,3.675e-09
655.0,0.9517763744969007,0.0,0.439371391,0.0,0.9517763744969007,0.0,0.0,0.0,0.0,0.0,0.0,0.0,0.0,0.0,0.16006745949890477,0.0,0.0,3.675e-09
656.0,0.9351662189404337,0.0,0.442572131,0.0,0.9351662189404337,0.0,0.0,0.0,0.0,0.0,0.0,0.0,0.0,0.0,0.184777193466984,0.0,0.0,3.675e-09
657.0,0.9289716212813152,0.0,0.446671416,0.0,0.9289716212813152,0.0,0.0,0.0,0.0,0.0,0.0,0.0,0.0,0.0,0.2013451673731726,0.0,0.0,3.675e-09
658.0,0.9372088341685443,0.0,0.450670801,0.0,0.9372088341685443,0.0,0.0,0.0,0.0,0.0,0.0,0.0,0.0,0.0,0.20322853047953454,0.0,0.0,3.675e-09
659.0,0.9738201540000087,1.88e-06,0.451663078,9.107836947149846e-07,0.973819243216314,0.0,0.0,0.0,0.0,0.0,0.0,0.0,0.0,0.0,0.16912911119273877,0.0,0.0,3.675e-09
660.0,1.0500644391878187,0.005636005,0.448761959,0.002730415668793685,1.047334023519025,0.0,0.0,0.0,0.0,0.0,0.0,0.0,0.0,0.0,0.08827295332673962,0.0,0.0,3.675e-09
661.0,1.1215003453593817,0.046711431,0.451551329,0.0226297923997894,1.0988705529595921,0.0,0.0,0.0,0.0,0.0,0.0,0.0,0.0,0.0,0.04379501690966077,0.0,0.0,3.675e-09
662.0,1.1404690763578844,0.137533318,0.440377413,0.06662931038002706,1.0738397659778574,0.0,0.0,0.0,0.0,0.0,0.0,0.0,0.0,0.0,0.04054983995593945,0.0,0.0,3.675e-09
663.0,1.1309123958026455,0.256611604,0.389250741,0.12431790680737156,0.985011871788321,0.0,0.021582617206953,0.0,0.0,0.0,0.0,0.0,0.0,0.0,0.0,0.0,0.0,0.006839048849999999
664.0,1.1111114884519329,0.369081667,0.403520743,0.1788050874052264,0.9323064010467064,0.0,0.0,0.0,0.0,0.0,0.0,0.0,0.0,0.0,0.08881618268099939,0.0,0.0,3.675e-09
665.0,1.0835517581998995,0.448425771,0.483661034,0.21724408538127427,0.8663076728186251,0.0,0.0,0.0,0.0,0.0,0.0,0.0,0.0,0.0,0.3576125673522594,0.0,0.0,3.675e-09
666.0,1.054005039532065,0.479628268,0.532754056,0.23236042873339835,0.8216446107986668,0.0,0.0,0.0,0.0,0.0,0.0,0.0,0.0,0.0,0.5265071449442466,0.0,0.0,3.675e-09
667.0,1.0316519753124882,0.456194731,0.566003099,0.22100783117536626,0.8106441441371218,0.0,0.0,0.0,0.0,0.0,0.0,0.0,0.0,0.0,0.6216454143918889,0.0,0.0,3.675e-09
668.0,1.0138402822100117,0.38033112,0.576973057,0.18425499079185545,0.8295852914181562,0.0,0.0,0.0,0.0,0.0,0.0,0.0,0.0,0.0,0.6304641085828566,0.0,0.0,3.675e-09
669.0,1.0031376899211484,0.266405119,0.556488003,0.12906246732649213,0.8740752225946562,0.0,0.0,0.0,0.0,0.0,0.0,0.0,0.0,0.0,0.5341360708625212,0.0,0.0,3.675e-09
670.0,1.007932717942483,0.143081322,0.547889781,0.0693170931360981,0.9386156248063849,0.0,0.0,0.0,0.0,0.0,0.0,0.0,0.0,0.0,0.44783758355501746,0.0,0.0,3.675e-09
671.0,1.0330715714426402,0.0472833,0.57807553,0.022906839719317573,1.0101647317233224,0.0,0.0,0.0,0.0,0.0,0.0,0.0,0.0,0.0,0.4526745126606096,0.0,0.0,3.675e-09
672.0,1.0683678732711157,0.005223162,0.615048909,0.002530409991731334,1.0658374632793843,0.0,0.0,0.0,0.0,0.0,0.0,0.0,0.0,0.0,0.49056413929445547,0.0,0.0,3.675e-09
673.0,1.0912060029740571,7.66e-06,0.627379918,3.71095909655148e-06,1.0912022920149607,0.0,0.0,0.0,0.0,0.0,0.0,0.0,0.0,0.0,0.496403336593421,0.0,0.0,3.675e-09
674.0,1.0946548633374076,0.0,0.632909648,0.0,1.0946548633374076,0.0,0.0,0.0,0.0,0.0,0.0,0.0,0.0,0.0,0.5069439298922948,0.0,0.0,3.675e-09
675.0,1.077679796252162,0.0,0.632939696,0.0,1.077679796252162,0.0,0.0,0.0,0.0,0.0,0.0,0.0,0.0,0.0,0.5239950344351632,0.0,0.0,3.675e-09
676.0,1.037728644849456,0.0,0.620298148,0.0,1.037728644849456,0.0,0.0,0.0,0.0,0.0,0.0,0.0,0.0,0.0,0.5319563305949683,0.0,0.0,3.675e-09
677.0,0.9865275343646813,0.0,0.613813626,0.0,0.9865275343646813,0.0,0.0,0.0,0.0,0.0,0.0,0.0,0.0,0.0,0.5667481437294972,0.0,0.0,3.675e-09
678.0,0.9454682983806524,0.0,0.609529792,0.0,0.9454682983806524,0.0,0.0,0.0,0.0,0.0,0.0,0.0,0.0,0.0,0.5969669961193161,0.0,0.0,3.675e-09
679.0,0.9201825909359348,0.0,0.607524558,0.0,0.9201825909359348,0.0,0.0,0.0,0.0,0.0,0.0,0.0,0.0,0.0,0.6171783926182427,0.0,0.0,3.675e-09
680.0,0.9036614376792084,0.0,0.609607894,0.0,0.9036614376792084,0.0,0.0,0.0,0.0,0.0,0.0,0.0,0.0,0.0,0.6389714965144259,0.0,0.0,3.675e-09
681.0,0.8991934950342754,0.0,0.613363585,0.0,0.8991934950342754,0.0,0.0,0.0,0.0,0.0,0.0,0.0,0.0,0.0,0.6529433394275115,0.0,0.0,3.675e-09
682.0,0.9101742203847625,0.0,0.611416449,0.0,0.9101742203847625,0.0,0.0,0.0,0.0,0.0,0.0,0.0,0.0,0.0,0.6370353220414099,0.0,0.0,3.675e-09
683.0,0.9436237142443912,6.34e-06,0.608874265,3.0714726726026615e-06,0.9436206427717186,0.0,0.0,0.0,0.0,0.0,0.0,0.0,0.0,0.0,0.5971558189778766,0.0,0.0,3.675e-09
684.0,1.020097182178896,0.005377694,0.607108951,0.0026052744735992578,1.0174919077052968,0.0,0.0,0.0,0.0,0.0,0.0,0.0,0.0,0.0,0.5188173685921476,0.0,0.0,3.675e-09
685.0,1.0907676639730357,0.035048369,0.591349696,0.01697951224018837,1.0737881517328474,0.0,0.0,0.0,0.0,0.0,0.0,0.0,0.0,0.0,0.4226418086623071,0.0,0.0,3.675e-09
686.0,1.1095272377172871,0.105193904,0.59520803,0.0509621768864965,1.0585650608307906,0.0,0.0,0.0,0.0,0.0,0.0,0.0,0.0,0.0,0.4476285413382008,0.0,0.0,3.675e-09
687.0,1.0962569147319863,0.207277346,0.716035192,0.10041746118116822,0.9958394535508182,0.0,0.0,0.0,0.0,0.0,0.0,0.0,0.0,0.0,0.816111277554482,0.0,0.0,3.675e-09
688.0,1.0778511263541117,0.309565764,0.762804785,0.14997204802829095,0.9278790783258208,0.0,0.0,0.0,0.0,0.0,0.0,0.0,0.0,0.0,1.0024236544361902,0.0,0.0,3.675e-09
689.0,1.05219605671567,0.38140015,0.733933956,0.1847728924371539,0.8674231642785161,0.0,0.0,0.0,0.0,0.0,0.0,0.0,0.0,0.0,0.9898209810025516,0.0,0.0,3.675e-09
690.0,1.0273731644293629,0.407982257,0.704586852,0.1976508443662864,0.8297223200630766,0.0,0.0,0.0,0.0,0.0,0.0,0.0,0.0,0.0,0.9532580081001542,0.0,0.0,3.675e-09
691.0,1.0087359684722832,0.386674454,0.677619319,0.18732807865213796,0.8214078898201452,0.0,0.0,0.0,0.0,0.0,0.0,0.0,0.0,0.0,0.893330204328062,0.0,0.0,3.675e-09
692.0,0.9937812662901943,0.321256562,0.646612624,0.1556357651541455,0.8381455011360487,0.0,0.0,0.0,0.0,0.0,0.0,0.0,0.0,0.0,0.7981291259897035,0.0,0.0,3.675e-09
693.0,0.981926087770175,0.223235419,0.602952818,0.10814849984471686,0.873777587925458,0.0,0.0,0.0,0.0,0.0,0.0,0.0,0.0,0.0,0.6520144563810749,0.0,0.0,3.675e-09
694.0,0.9819038364452964,0.116938936,0.545863163,0.05665216818410592,0.9252516682611904,0.0,0.0,0.0,0.0,0.0,0.0,0.0,0.0,0.0,0.45607311623529784,0.0,0.0,3.675e-09
695.0,1.0034536501350733,0.036272893,0.504750096,0.017572744417309206,0.985880905717764,0.0,0.0,0.0,0.0,0.0,0.0,0.0,0.0,0.0,0.2914059032142057,0.0,0.0,3.675e-09
696.0,1.037532838590117,0.004888208,0.489886579,0.0023681383738166735,1.0351647002163005,0.0,0.0,0.0,0.0,0.0,0.0,0.0,0.0,0.0,0.20450948744251551,0.0,0.0,3.675e-09
697.0,1.0544901050154294,1.28e-05,0.47941756,6.201080474655215e-06,1.0544839039349547,0.0,0.0,0.0,0.0,0.0,0.0,0.0,0.0,0.0,0.1586980849563384,0.0,0.0,3.675e-09
698.0,1.0538248091001485,0.0,0.465105056,0.0,1.0538248091001485,0.0,0.0,0.0,0.0,0.0,0.0,0.0,0.0,0.0,0.12313891513530993,0.0,0.0,3.675e-09
699.0,1.0420853338697695,0.0,0.450321597,0.0,1.0420853338697695,0.0,0.0,0.0,0.0,0.0,0.0,0.0,0.0,0.0,0.0974683585088816,0.0,0.0,3.675e-09
700.0,1.0142496953886229,0.0,0.435854062,0.0,1.0142496953886229,0.0,0.0,0.0,0.0,0.0,0.0,0.0,0.0,0.0,0.0886934212621504,0.0,0.0,3.675e-09
701.0,0.9742985439859171,0.0,0.422618539,0.0,0.9742985439859171,0.0,0.0,0.0,0.0,0.0,0.0,0.0,0.0,0.0,0.09515164404297485,0.0,0.0,3.675e-09
702.0,0.8977049220968264,0.0,0.409724123,0.0,0.8977049220968264,0.0,0.0,0.0,0.0,0.0,0.0,0.0,0.0,0.0,0.13911551985336182,0.0,0.0,3.675e-09
703.0,0.911980978368647,0.0,0.392769484,0.0,0.911980978368647,0.0,0.0,0.0,0.0,0.0,0.0,0.0,0.0,0.0,0.08193518893846412,0.0,0.0,3.675e-09
704.0,0.8939779286718523,0.0,0.374558012,0.0,0.8939779286718523,0.0,0.0,0.0,0.0,0.0,0.0,0.0,0.0,0.0,0.053853506524907835,0.0,0.0,3.675e-09
705.0,0.8445034732012633,0.0,0.360230801,0.0,0.8445034732012633,0.0,0.0,0.0,0.0,0.0,0.0,0.0,0.0,0.0,0.06707248078983301,0.0,0.0,3.675e-09
706.0,0.8888335639492366,0.0,0.346725562,0.0,0.877400500112285,0.0,0.011433063836951538,0.0,0.0,0.0,0.0,0.0,0.0,0.0,0.0,0.0,0.0,0.006839048849999999
707.0,0.9050832586418708,2e-06,0.332208168,9.689188241648773e-07,0.840663754536177,0.0,0.0644185351868695,0.0,0.0,0.0,0.0,0.0,0.0,0.0,0.0,0.0,0.0,0.006839048849999999
708.0,0.9353353242098732,0.004027871,0.3175584,0.0019513400166039042,0.8035920321757444,0.0,0.12979195201752491,0.0,0.0,0.0,0.0,0.0,0.0,0.0,0.0,0.0,0.0,0.006839048849999999
709.0,0.9721468999656976,0.03938017,0.298030821,0.019078094005906487,0.7541768477810554,0.0,0.19889195817873573,0.0,0.0,0.0,0.0,0.0,0.0,0.0,0.0,0.0,0.0,0.006839048849999999
710.0,0.997697391476976,0.118001263,0.323086162,0.05716682249796522,0.8175802167079874,0.0,0.12295035227102331,0.0,0.0,0.0,0.0,0.0,0.0,0.0,0.0,0.0,0.0,0.006839048849999999
711.0,0.9973102286233189,0.218914681,0.31820717,0.10605527765347461,0.8052337661141779,0.0,0.08602118485566639,0.0,0.0,0.0,0.0,0.0,0.0,0.0,0.0,0.0,0.0,0.006839048849999999
712.0,0.9818126093130453,0.319081571,0.302304509,0.15458207029300092,0.7649915565867589,0.0,0.062238982433285524,0.0,0.0,0.0,0.0,0.0,0.0,0.0,0.0,0.0,0.0,0.006839048849999999
713.0,0.9598978840944897,0.388981108,0.303081556,0.18844555889285558,0.7669578997155378,0.0,0.004494425486096313,0.0,0.0,0.0,0.0,0.0,0.0,0.0,0.0,0.0,0.0,0.006839048849999999
714.0,0.9358804671704929,0.413629719,0.303739165,0.2003868104865643,0.7354936566839286,0.0,0.0,0.0,0.0,0.0,0.0,0.0,0.0,0.0,0.03312834435182959,0.0,0.0,3.675e-09
715.0,0.9130690384574512,0.389464082,0.301058538,0.1886795401929467,0.7243894982645046,0.0,0.0,0.0,0.0,0.0,0.0,0.0,0.0,0.0,0.03744908750516345,0.0,0.0,3.675e-09
716.0,0.8957357343409584,0.319613935,0.294604871,0.15483997904345478,0.7408957552975036,0.0,0.0,0.0,0.0,0.0,0.0,0.0,0.0,0.0,0.004611612719727173,0.0,0.0,3.675e-09
717.0,0.8863325842276611,0.216790076,0.277240705,0.10502599276426719,0.7015667717584735,0.0,0.0797398197049204,0.0,0.0,0.0,0.0,0.0,0.0,0.0,0.0,0.0,0.0,0.006839048849999999
718.0,0.8865150404920128,0.109292958,0.263873459,0.052948002177430654,0.6677405137292949,0.0,0.16582652458528724,0.0,0.0,0.0,0.0,0.0,0.0,0.0,0.0,0.0,0.0,0.006839048849999999
719.0,0.908178331638995,0.036468071,0.281600535,0.017667300236440628,0.7125994657437082,0.0,0.17791156565884608,0.0,0.0,0.0,0.0,0.0,0.0,0.0,0.0,0.0,0.0,0.006839048849999999
720.0,0.9455662010103596,0.00597054,0.301119856,0.0028924842982146833,0.761993752996323,0.0,0.1806799637158219,0.0,0.0,0.0,0.0,0.0,0.0,0.0,0.0,0.0,0.0,0.006839048849999999
721.0,0.9633267189653967,1.8e-05,0.312480833,8.720269417483895e-06,0.7907430809779852,0.0,0.17257491771799402,0.0,0.0,0.0,0.0,0.0,0.0,0.0,0.0,0.0,0.0,0.006839048849999999
722.0,0.9652603054013984,0.0,0.313654221,0.0,0.7937123781134118,0.0,0.1715479272879867,0.0,0.0,0.0,0.0,0.0,0.0,0.0,0.0,0.0,0.0,0.006839048849999999
723.0,0.9537500129177143,0.0,0.314026693,0.0,0.7946549308262626,0.0,0.1590950820914518,0.0,0.0,0.0,0.0,0.0,0.0,0.0,0.0,0.0,0.0,0.006839048849999999
724.0,0.9292586556728301,0.0,0.314108249,0.0,0.7948613109811447,0.0,0.13439734469168543,0.0,0.0,0.0,0.0,0.0,0.0,0.0,0.0,0.0,0.0,0.006839048849999999
725.0,0.8937754469150571,0.0,0.309420543,0.0,0.7829989159357532,0.0,0.11077653097930383,0.0,0.0,0.0,0.0,0.0,0.0,0.0,0.0,0.0,0.0,0.006839048849999999
726.0,0.8572019542358941,0.0,0.301273732,0.0,0.7623831413026725,0.0,0.09481881293322156,0.0,0.0,0.0,0.0,0.0,0.0,0.0,0.0,0.0,0.0,0.006839048849999999
727.0,0.8297312262836013,0.0,0.293156468,0.0,0.7418421363301477,0.0,0.08788908995345361,0.0,0.0,0.0,0.0,0.0,0.0,0.0,0.0,0.0,0.0,0.006839048849999999
728.0,0.8106401164980022,0.0,0.284424287,0.0,0.7197450635551355,0.0,0.0908950529428667,0.0,0.0,0.0,0.0,0.0,0.0,0.0,0.0,0.0,0.0,0.006839048849999999
729.0,0.8000042771838503,0.0,0.275012529,0.0,0.6959282987094684,0.0,0.10407597847438184,0.0,0.0,0.0,0.0,0.0,0.0,0.0,0.0,0.0,0.0,0.006839048849999999
730.0,0.7976857527267017,0.0,0.271132654,0.0,0.6861101467228168,0.0,0.11157560600388501,0.0,0.0,0.0,0.0,0.0,0.0,0.0,0.0,0.0,0.0,0.006839048849999999
731.0,0.8038425242334438,2.84e-06,0.27195796,1.3758647303141258e-06,0.6881986108469176,0.0,0.1156425375217959,0.0,0.0,0.0,0.0,0.0,0.0,0.0,0.0,0.0,0.0,0.006839048849999999
732.0,0.8203369765002705,0.006278102,0.275000593,0.0030414856039135824,0.6958980942667705,0.0,0.12139739662958643,0.0,0.0,0.0,0.0,0.0,0.0,0.0,0.0,0.0,0.0,0.006839048849999999
733.0,0.8468998747956755,0.043205547,0.272310902,0.02093133389832017,0.6890917422489532,0.0,0.1368767986484021,0.0,0.0,0.0,0.0,0.0,0.0,0.0,0.0,0.0,0.0,0.006839048849999999
734.0,0.8730778360698582,0.107954499,0.270656697,0.05229957311719421,0.6849057217954388,0.0,0.13587254115722522,0.0,0.0,0.0,0.0,0.0,0.0,0.0,0.0,0.0,0.0,0.006839048849999999
735.0,0.8901619319472128,0.196515896,0.284493052,0.09520397544101365,0.7199190756615468,0.0,0.07503888084465235,0.0,0.0,0.0,0.0,0.0,0.0,0.0,0.0,0.0,0.0,0.006839048849999999
736.0,0.8942360372409571,0.288346647,0.305163493,0.13969224708156247,0.7545437901593947,0.0,0.0,0.0,0.0,0.0,0.0,0.0,0.0,0.0,0.017682519979838135,0.0,0.0,3.675e-09
737.0,0.8884108007756379,0.353212659,0.319075405,0.1711171971192149,0.7172936036564231,0.0,0.0,0.0,0.0,0.0,0.0,0.0,0.0,0.0,0.09013725983592553,0.0,0.0,3.675e-09
738.0,0.8857073392972673,0.377249367,0.321498198,0.18276200654529215,0.7029453327519752,0.0,0.0,0.0,0.0,0.0,0.0,0.0,0.0,0.0,0.11061648854344593,0.0,0.0,3.675e-09
739.0,0.8811637443475812,0.356442943,0.32176058,0.1726821386067142,0.7084816057408669,0.0,0.0,0.0,0.0,0.0,0.0,0.0,0.0,0.0,0.1057441818819646,0.0,0.0,3.675e-09
740.0,0.8750292231657931,0.296820609,0.322579794,0.1437975377300914,0.7312316854357016,0.0,0.0,0.0,0.0,0.0,0.0,0.0,0.0,0.0,0.08506715030378113,0.0,0.0,3.675e-09
741.0,0.8721010296056733,0.210979532,0.31845487,0.10221102003414806,0.7698900095715251,0.0,0.0,0.0,0.0,0.0,0.0,0.0,0.0,0.0,0.035970569583560916,0.0,0.0,3.675e-09
742.0,0.8788474457228678,0.121771602,0.3225159,0.05899339871325671,0.8161371498596453,0.0,0.0037168971499658204,0.0,0.0,0.0,0.0,0.0,0.0,0.0,0.0,0.0,0.0,0.006839048849999999
743.0,0.9067743123361902,0.051200962,0.330399957,0.024804787948575283,0.8360880168070143,0.0,0.04588150758060058,0.0,0.0,0.0,0.0,0.0,0.0,0.0,0.0,0.0,0.0,0.006839048849999999
744.0,0.9454438222232632,0.008093046,0.34861749,0.003920752307116132,0.8821880864782894,0.0,0.05933498343785767,0.0,0.0,0.0,0.0,0.0,0.0,0.0,0.0,0.0,0.0,0.006839048849999999
745.0,0.9672050169998772,2.22e-05,0.360301092,1.0754998948230138e-05,0.911753827690969,0.0,0.055440434309959964,0.0,0.0,0.0,0.0,0.0,0.0,0.0,0.0,0.0,0.0,0.006839048849999999
746.0,0.9679125897324803,0.0,0.361934509,0.0,0.9158872434230688,0.0,0.052025346309411497,0.0,0.0,0.0,0.0,0.0,0.0,0.0,0.0,0.0,0.0,0.006839048849999999
747.0,0.9493109960951913,0.0,0.36640757,0.0,0.9272064721981101,0.0,0.022104523897081178,0.0,0.0,0.0,0.0,0.0,0.0,0.0,0.0,0.0,0.0,0.006839048849999999
748.0,0.9161930382769102,0.0,0.379053018,0.0,0.9161930382769102,0.0,0.0,0.0,0.0,0.0,0.0,0.0,0.0,0.0,0.04301315824306531,0.0,0.0,3.675e-09
749.0,0.8707415109527767,0.0,0.39459619,0.0,0.8707415109527767,0.0,0.0,0.0,0.0,0.0,0.0,0.0,0.0,0.0,0.12779719629258715,0.0,0.0,3.675e-09
750.0,0.829971534192773,0.0,0.417974963,0.0,0.829971534192773,0.0,0.0,0.0,0.0,0.0,0.0,0.0,0.0,0.0,0.22772793121501197,0.0,0.0,3.675e-09
751.0,0.8033663590800458,0.0,0.446730284,0.0,0.8033663590800457,0.0,0.0,0.0,0.0,0.0,0.0,0.0,0.0,0.0,0.32709939699508067,0.0,0.0,3.675e-09
752.0,0.7852498309261214,0.0,0.478876245,0.0,0.7852498309261214,0.0,0.0,0.0,0.0,0.0,0.0,0.0,0.0,0.0,0.4265623424575448,0.0,0.0,3.675e-09
753.0,0.7796159510551205,0.0,0.504638287,0.0,0.7796159510551205,0.0,0.0,0.0,0.0,0.0,0.0,0.0,0.0,0.0,0.49738792150506533,0.0,0.0,3.675e-09
754.0,0.7868607826506667,0.0,0.532398783,0.0,0.7868607826506667,0.0,0.0,0.0,0.0,0.0,0.0,0.0,0.0,0.0,0.5603919430176296,0.0,0.0,3.675e-09
755.0,0.8208131416536685,1.52e-05,0.564358191,7.363783063653068e-06,0.8208057778706048,0.0,0.0,0.0,0.0,0.0,0.0,0.0,0.0,0.0,0.6073212865708234,0.0,0.0,3.675e-09
756.0,0.8943650905255848,0.004599922,0.593272608,0.0022284755077450757,0.8921366150178396,0.0,0.0,0.0,0.0,0.0,0.0,0.0,0.0,0.0,0.6091593377798941,0.0,0.0,3.675e-09
757.0,0.964630609806059,0.026294607,0.614519905,0.012738669848158777,0.9518919399579001,0.0,0.0,0.0,0.0,0.0,0.0,0.0,0.0,0.0,0.6031710005009111,0.0,0.0,3.675e-09
758.0,0.9893555994626588,0.084495346,0.647761034,0.04093456564686224,0.9484210338157967,0.0,0.0,0.0,0.0,0.0,0.0,0.0,0.0,0.0,0.6907596827904131,0.0,0.0,3.675e-09
759.0,0.9974926848876704,0.186194204,0.704332905,0.09020353460299765,0.9072891502846727,0.0,0.0,0.0,0.0,0.0,0.0,0.0,0.0,0.0,0.8750485565975749,0.0,0.0,3.675e-09
760.0,1.003756259354086,0.285278587,0.738849464,0.13820589653772883,0.8655503628163572,0.0,0.0,0.0,0.0,0.0,0.0,0.0,0.0,0.0,1.0041326380040256,0.0,0.0,3.675e-09
761.0,1.0011751776627367,0.353994221,0.760095362,0.17149583218624087,0.8296793454764958,0.0,0.0,0.0,0.0,0.0,0.0,0.0,0.0,0.0,1.093767102789203,0.0,0.0,3.675e-09
762.0,0.9935342828835664,0.381048408,0.777425556,0.1846024877146292,0.8089317951689372,0.0,0.0,0.0,0.0,0.0,0.0,0.0,0.0,0.0,1.1583692820861375,0.0,0.0,3.675e-09
763.0,0.9854261242808895,0.366829349,0.793219225,0.1777139307511237,0.8077121935297659,0.0,0.0,0.0,0.0,0.0,0.0,0.0,0.0,0.0,1.1995552853925961,0.0,0.0,3.675e-09
764.0,0.9787753869608166,0.31439452,0.806795257,0.1523113843211405,0.826464002639676,0.0,0.0,0.0,0.0,0.0,0.0,0.0,0.0,0.0,1.2151580741889703,0.0,0.0,3.675e-09
765.0,0.9729724018203761,0.232678069,0.802627103,0.11272308051221709,0.860249321308159,0.0,0.0,0.0,0.0,0.0,0.0,0.0,0.0,0.0,1.170825103991567,0.0,0.0,3.675e-09
766.0,0.9753354269274327,0.136127144,0.774548925,0.06594807615070147,0.9093873507767313,0.0,0.0,0.0,0.0,0.0,0.0,0.0,0.0,0.0,1.0506343166088212,0.0,0.0,3.675e-09
767.0,1.138531039256937,0.049338026,0.717000511,0.023902271069268073,1.114628768187669,0.0,0.0,0.0,0.0,0.0,0.0,0.0,0.0,0.0,0.6997647345681616,0.0,0.0,3.675e-09
768.0,1.0285213009954979,0.00679426,0.687190852,0.0032915432051352296,1.0252297577903626,0.0,0.0,0.0,0.0,0.0,0.0,0.0,0.0,0.0,0.7137294171244284,0.0,0.0,3.675e-09
769.0,1.0437563620716457,2.26e-05,0.677958372,1.0948782713063113e-05,1.0437454132889326,0.0,0.0,0.0,0.0,0.0,0.0,0.0,0.0,0.0,0.6718506656875305,0.0,0.0,3.675e-09
770.0,1.0479839978073315,0.0,0.669515666,0.0,1.0479839978073315,0.0,0.0,0.0,0.0,0.0,0.0,0.0,0.0,0.0,0.6462475344539372,0.0,0.0,3.675e-09
771.0,1.026478685767387,0.0,0.660798104,0.0,1.026478685767387,0.0,0.0,0.0,0.0,0.0,0.0,0.0,0.0,0.0,0.6456927675817887,0.0,0.0,3.675e-09
772.0,0.9854194487834335,0.0,0.65670168,0.0,0.9854194487834335,0.0,0.0,0.0,0.0,0.0,0.0,0.0,0.0,0.0,0.6763858681737792,0.0,0.0,3.675e-09
773.0,0.9313146208959282,0.0,0.654735349,0.0,0.9313146208959282,0.0,0.0,0.0,0.0,0.0,0.0,0.0,0.0,0.0,0.7255148304434323,0.0,0.0,3.675e-09
774.0,0.8830394791387628,0.0,0.649784458,0.0,0.8830394791387628,0.0,0.0,0.0,0.0,0.0,0.0,0.0,0.0,0.0,0.7612615788097423,0.0,0.0,3.675e-09
775.0,0.8499014958280381,0.0,0.630816971,0.0,0.8499014958280381,0.0,0.0,0.0,0.0,0.0,0.0,0.0,0.0,0.0,0.7464017090528203,0.0,0.0,3.675e-09
776.0,0.8271768445822265,0.0,0.609251329,0.0,0.8271768445822265,0.0,0.0,0.0,0.0,0.0,0.0,0.0,0.0,0.0,0.7145537900880672,0.0,0.0,3.675e-09
777.0,0.816543230100585,0.0,0.578151669,0.0,0.816543230100585,0.0,0.0,0.0,0.0,0.0,0.0,0.0,0.0,0.0,0.6464886865406007,0.0,0.0,3.675e-09
778.0,0.8205817340744632,0.0,0.542534331,0.0,0.8205817340744632,0.0,0.0,0.0,0.0,0.0,0.0,0.0,0.0,0.0,0.5523193309686847,0.0,0.0,3.675e-09
779.0,0.8505156155959549,5.8e-06,0.508251394,2.8098645900781444e-06,0.8505128057313649,0.0,0.0,0.0,0.0,0.0,0.0,0.0,0.0,0.0,0.4356341535700263,0.0,0.0,3.675e-09
780.0,0.9231508354809416,0.002971595,0.473677212,0.0014396171666471143,0.9217112183142945,0.0,0.0,0.0,0.0,0.0,0.0,0.0,0.0,0.0,0.27694463014199244,0.0,0.0,3.675e-09
781.0,0.9881162357642729,0.032673723,0.454354954,0.015829092635124456,0.9722871431291483,0.0,0.0,0.0,0.0,0.0,0.0,0.0,0.0,0.0,0.17747309251247498,0.0,0.0,3.675e-09
782.0,1.0106272790908875,0.119917399,0.455922222,0.058095112617995215,0.9525321664728922,0.0,0.0,0.0,0.0,0.0,0.0,0.0,0.0,0.0,0.20119409266892493,0.0,0.0,3.675e-09
783.0,1.0176896544220821,0.243831622,0.442324949,0.11812652424122742,0.8995631301808548,0.0,0.0,0.0,0.0,0.0,0.0,0.0,0.0,0.0,0.21975478000178417,0.0,0.0,3.675e-09
784.0,1.0219818173000441,0.36151671,0.449001575,0.1751401727845775,0.8468416445154665,0.0,0.0,0.0,0.0,0.0,0.0,0.0,0.0,0.0,0.2893716885418857,0.0,0.0,3.675e-09
785.0,1.0175450253100318,0.447135224,0.478302735,0.21661886774038952,0.8009261575696422,0.0,0.0,0.0,0.0,0.0,0.0,0.0,0.0,0.0,0.4094347297942775,0.0,0.0,3.675e-09
786.0,1.0032578438757342,0.484077815,0.503106022,0.23451605365705153,0.7687417902186827,0.0,0.0,0.0,0.0,0.0,0.0,0.0,0.0,0.0,0.5043846350902833,0.0,0.0,3.675e-09
787.0,0.9697571738687414,0.463540503,0.509995605,0.2245665595597779,0.7451906143089634,0.0,0.0,0.0,0.0,0.0,0.0,0.0,0.0,0.0,0.5453701286052476,0.0,0.0,3.675e-09
788.0,0.9898317646160567,0.390593355,0.49582866,0.18922662712660723,0.8006051374894495,0.0,0.0,0.0,0.0,0.0,0.0,0.0,0.0,0.0,0.454105682631751,0.0,0.0,3.675e-09
789.0,0.9824000280910626,0.277500772,0.447804519,0.13443786085554285,0.8479621672355198,0.0,0.0,0.0,0.0,0.0,0.0,0.0,0.0,0.0,0.28522197602975585,0.0,0.0,3.675e-09
790.0,0.9854194487834335,0.14967635,0.37095724,0.07251211652364532,0.912907332259788,0.0,0.0,0.0,0.0,0.0,0.0,0.0,0.0,0.0,0.025812230321158692,0.0,0.0,3.675e-09
791.0,1.0072785471896792,0.050598685,0.32040478,0.024513009187244507,0.810794890889431,0.0,0.17197064711300367,0.0,0.0,0.0,0.0,0.0,0.0,0.0,0.0,0.0,0.0,0.006839048849999999
792.0,1.0393329210765454,0.00693218,0.313148426,0.0033583598472496394,0.792432447140355,0.0,0.2435421140889408,0.0,0.0,0.0,0.0,0.0,0.0,0.0,0.0,0.0,0.0,0.006839048849999999
793.0,1.0581481216331066,2.76e-05,0.312647542,1.3371079773475306e-05,0.7911649436151946,0.0,0.26696980693813854,0.0,0.0,0.0,0.0,0.0,0.0,0.0,0.0,0.0,0.0,0.006839048849999999
794.0,1.0554201849972713,0.0,0.316572468,0.0,0.8010970986470861,0.0,0.2543230863501853,0.0,0.0,0.0,0.0,0.0,0.0,0.0,0.0,0.0,0.0,0.006839048849999999
795.0,1.0320324626686892,0.0,0.321625025,0.0,0.8138827612128181,0.0,0.2181497014558711,0.0,0.0,0.0,0.0,0.0,0.0,0.0,0.0,0.0,0.0,0.006839048849999999
796.0,0.9888304829944072,0.0,0.321985936,0.0,0.8147960584328713,0.0,0.1740344245615359,0.0,0.0,0.0,0.0,0.0,0.0,0.0,0.0,0.0,0.0,0.006839048849999999
797.0,0.9352863728950196,0.0,0.318267397,0.0,0.8053861725292557,0.0,0.1299002003657638,0.0,0.0,0.0,0.0,0.0,0.0,0.0,0.0,0.0,0.0,0.006839048849999999
798.0,0.8894476837171537,0.0,0.320555997,0.0,0.8111775505083532,0.0,0.07827013320880054,0.0,0.0,0.0,0.0,0.0,0.0,0.0,0.0,0.0,0.0,0.006839048849999999
799.0,0.8556577544861352,0.0,0.328736626,0.0,0.8318789027087227,0.0,0.023778851777412596,0.0,0.0,0.0,0.0,0.0,0.0,0.0,0.0,0.0,0.0,0.006839048849999999
800.0,0.8324213377669845,0.0,0.335400043,0.0,0.8324213377669845,0.0,0.0,0.0,0.0,0.0,0.0,0.0,0.0,0.0,0.016319562005158324,0.0,0.0,3.675e-09
801.0,0.8219835285447573,0.0,0.325227611,0.0,0.8219835285447573,0.0,0.0,0.0,0.0,0.0,0.0,0.0,0.0,0.0,0.001015695670859375,0.0,0.0,3.675e-09
802.0,0.8264247711997155,0.0,0.305391106,0.0,0.7728022923624069,0.0,0.053622478837308474,0.0,0.0,0.0,0.0,0.0,0.0,0.0,0.0,0.0,0.0,0.006839048849999999
803.0,0.8544005891278915,2.66e-05,0.287110473,1.288662036139287e-05,0.7265425460545499,0.0,0.1278451564529801,0.0,0.0,0.0,0.0,0.0,0.0,0.0,0.0,0.0,0.0,0.006839048849999999
804.0,0.9244703021490265,0.007066993,0.269867247,0.0034236712739707095,0.6829079924650192,0.0,0.23813863841003663,0.0,0.0,0.0,0.0,0.0,0.0,0.0,0.0,0.0,0.0,0.006839048849999999
805.0,0.9944198612155756,0.044951616,0.250895264,0.02177723345951554,0.6348987621206993,0.0,0.33774386563536074,0.0,0.0,0.0,0.0,0.0,0.0,0.0,0.0,0.0,0.0,0.006839048849999999
806.0,1.0237685487915604,0.127421363,0.220437112,0.061730478605723005,0.557823401298886,0.0,0.4042146688869514,0.0,0.0,0.0,0.0,0.0,0.0,0.0,0.0,0.0,0.0,0.006839048849999999
807.0,1.0373526081582005,0.243294548,0.188474001,0.11786633368694266,0.47693969196180386,0.0,0.4425465825094541,0.0,0.0,0.0,0.0,0.0,0.0,0.0,0.0,0.0,0.0,0.006839048849999999
808.0,1.045545319395597,0.351855942,0.191670866,0.17045992279903263,0.48502946455777834,0.0,0.39005593203878614,0.0,0.0,0.0,0.0,0.0,0.0,0.0,0.0,0.0,0.0,0.006839048849999999
809.0,1.042410194413661,0.425233212,0.243212844,0.20600823188344702,0.6154581442695337,0.0,0.2209438182606803,0.0,0.0,0.0,0.0,0.0,0.0,0.0,0.0,0.0,0.0,0.006839048849999999
810.0,1.0282320417714725,0.451645008,0.294150886,0.21880367504564832,0.74435854396242,0.0,0.0650698227634043,0.0,0.0,0.0,0.0,0.0,0.0,0.0,0.0,0.0,0.0,0.006839048849999999
811.0,1.0206044979872144,0.427985098,0.326232254,0.2073414089571249,0.8132630890300896,0.0,0.0,0.0,0.0,0.0,0.0,0.0,0.0,0.0,0.012278417518418091,0.0,0.0,3.675e-09
812.0,1.0098195788960664,0.357687448,0.33650834,0.17328505076734788,0.8365345281287185,0.0,0.0,0.0,0.0,0.0,0.0,0.0,0.0,0.0,0.015010953850931031,0.0,0.0,3.675e-09
813.0,1.0007857899765689,0.253172906,0.316570904,0.1226519971959625,0.8010931408933679,0.0,0.07704065188723841,0.0,0.0,0.0,0.0,0.0,0.0,0.0,0.0,0.0,0.0,0.006839048849999999
814.0,1.0019628523651138,0.139943591,0.299276511,0.06779698982056526,0.7573291075183542,0.0,0.17683675502619434,0.0,0.0,0.0,0.0,0.0,0.0,0.0,0.0,0.0,0.0,0.006839048849999999
815.0,1.0199258510770215,0.051550967,0.298336421,0.024974351165101195,0.7549501786865925,0.0,0.24000132122532775,0.0,0.0,0.0,0.0,0.0,0.0,0.0,0.0,0.0,0.0,0.006839048849999999
816.0,1.0507542112604888,0.007674218,0.314268893,0.0037178471404724685,0.7952678259352974,0.0,0.251768538184719,0.0,0.0,0.0,0.0,0.0,0.0,0.0,0.0,0.0,0.0,0.006839048849999999
817.0,1.073585665465974,3.66e-05,0.323460404,1.7731214482217255e-05,0.8185272484643683,0.0,0.2550406857871234,0.0,0.0,0.0,0.0,0.0,0.0,0.0,0.0,0.0,0.0,0.006839048849999999
818.0,1.0747293513671634,0.0,0.322804917,0.0,0.8168685169353181,0.0,0.2578608344318453,0.0,0.0,0.0,0.0,0.0,0.0,0.0,0.0,0.0,0.0,0.006839048849999999
819.0,1.055827373343372,0.0,0.321673912,0.0,0.8140064713829065,0.0,0.24182090196046557,0.0,0.0,0.0,0.0,0.0,0.0,0.0,0.0,0.0,0.0,0.006839048849999999
820.0,1.0155602617267414,0.0,0.320650504,0.0,0.811416703596997,0.0,0.20414355812974438,0.0,0.0,0.0,0.0,0.0,0.0,0.0,0.0,0.0,0.0,0.006839048849999999
821.0,0.9648775932126867,0.0,0.32130221,0.0,0.8130658671805179,0.0,0.15181172603216894,0.0,0.0,0.0,0.0,0.0,0.0,0.0,0.0,0.0,0.0,0.006839048849999999
822.0,0.9184626104192803,0.0,0.320321692,0.0,0.8105846339578889,0.0,0.10787797646139148,0.0,0.0,0.0,0.0,0.0,0.0,0.0,0.0,0.0,0.0,0.006839048849999999
823.0,0.8942093362510575,0.0,0.320302019,0.0,0.810534850780845,0.0,0.08367448547021253,0.0,0.0,0.0,0.0,0.0,0.0,0.0,0.0,0.0,0.0,0.006839048849999999
824.0,0.8757946475432165,0.0,0.322191655,0.0,0.815316637165058,0.0,0.06047801037815845,0.0,0.0,0.0,0.0,0.0,0.0,0.0,0.0,0.0,0.0,0.006839048849999999
825.0,0.8602747769080642,0.0,0.32094832,0.0,0.812170336833134,0.0,0.04810444007493018,0.0,0.0,0.0,0.0,0.0,0.0,0.0,0.0,0.0,0.0,0.006839048849999999
826.0,0.8671858476297525,0.0,0.321890753,0.0,0.8145551947038735,0.0,0.05263065292587891,0.0,0.0,0.0,0.0,0.0,0.0,0.0,0.0,0.0,0.0,0.006839048849999999
827.0,0.9014274668567043,1.75e-05,0.331031852,8.478039711442675e-06,0.8376870479999278,0.0,0.06373194081706507,0.0,0.0,0.0,0.0,0.0,0.0,0.0,0.0,0.0,0.0,0.006839048849999999
828.0,0.9755112076943283,0.00508865,0.344803013,0.0024652443872933017,0.8725354262932097,0.0,0.10051053701382531,0.0,0.0,0.0,0.0,0.0,0.0,0.0,0.0,0.0,0.0,0.006839048849999999
829.0,1.051116897956757,0.035488175,0.340225492,0.017192580396378696,0.8609518580339002,0.0,0.17297245952647802,0.0,0.0,0.0,0.0,0.0,0.0,0.0,0.0,0.0,0.0,0.006839048849999999
830.0,1.0796200581856197,0.108309734,0.341952883,0.05247167005644532,0.8653230780805186,0.0,0.16182531004865577,0.0,0.0,0.0,0.0,0.0,0.0,0.0,0.0,0.0,0.0,0.006839048849999999
831.0,1.0848333997155324,0.218040709,0.352158841,0.10563187369217808,0.8911495922886777,0.0,0.08805193373467651,0.0,0.0,0.0,0.0,0.0,0.0,0.0,0.0,0.0,0.0,0.006839048849999999
832.0,1.081417914839613,0.322145419,0.377671263,0.15606638029379086,0.9253515345458222,0.0,0.0,0.0,0.0,0.0,0.0,0.0,0.0,0.0,0.030358085254976686,0.0,0.0,3.675e-09
833.0,1.0693580297302883,0.394038834,0.408845323,0.19089582185728965,0.8784622078729986,0.0,0.0,0.0,0.0,0.0,0.0,0.0,0.0,0.0,0.15613440161715697,0.0,0.0,3.675e-09
834.0,1.0484290113058843,0.422873637,0.440531199,0.2048651135661826,0.8435638977397016,0.0,0.0,0.0,0.0,0.0,0.0,0.0,0.0,0.0,0.27121486875246875,0.0,0.0,3.675e-09
835.0,1.0306150923709725,0.404382125,0.473001345,0.19590672653414723,0.8347083658368253,0.0,0.0,0.0,0.0,0.0,0.0,0.0,0.0,0.0,0.36223717882648815,0.0,0.0,3.675e-09
836.0,1.01575384315357,0.340519067,0.494379286,0.16496766700168053,0.8507861761518895,0.0,0.0,0.0,0.0,0.0,0.0,0.0,0.0,0.0,0.4002569551346189,0.0,0.0,3.675e-09
837.0,1.0048443194428907,0.246554441,0.492718645,0.11944561953317431,0.8853986999097163,0.0,0.0,0.0,0.0,0.0,0.0,0.0,0.0,0.0,0.3614421244124531,0.0,0.0,3.675e-09
838.0,1.0056831712925565,0.143222944,0.462858728,0.06938570324695602,0.9362974680456004,0.0,0.0,0.0,0.0,0.0,0.0,0.0,0.0,0.0,0.23498184890460486,0.0,0.0,3.675e-09
839.0,1.0274332409066935,0.054057638,0.430085503,0.026188731524045297,1.001244509382648,0.0,0.0,0.0,0.0,0.0,0.0,0.0,0.0,0.0,0.08710107796474109,0.0,0.0,3.675e-09
840.0,1.0637486260166764,0.007851972,0.438095087,0.0038039617388077704,1.0599446642778687,0.0,0.0,0.0,0.0,0.0,0.0,0.0,0.0,0.0,0.04866944024129859,0.0,0.0,3.675e-09
841.0,1.0927924785412133,3.74e-05,0.456622467,1.8118782011883206e-05,1.0927743597592015,0.0,0.0,0.0,0.0,0.0,0.0,0.0,0.0,0.0,0.06272389251071729,0.0,0.0,3.675e-09
842.0,1.1008294355040826,0.0,0.46517437,0.0,1.1008294355040824,0.0,0.0,0.0,0.0,0.0,0.0,0.0,0.0,0.0,0.0763096901004414,0.0,0.0,3.675e-09
843.0,1.0872142254825221,0.0,0.460681486,0.0,1.0872142254825221,0.0,0.0,0.0,0.0,0.0,0.0,0.0,0.0,0.0,0.07855550858995618,0.0,0.0,3.675e-09
844.0,1.0514929346480126,0.0,0.453835682,0.0,1.0514929346480126,0.0,0.0,0.0,0.0,0.0,0.0,0.0,0.0,0.0,0.09695326602639856,0.0,0.0,3.675e-09
845.0,1.0042524509998523,0.0,0.448783192,0.0,1.0042524509998523,0.0,0.0,0.0,0.0,0.0,0.0,0.0,0.0,0.0,0.13140825665454223,0.0,0.0,3.675e-09
846.0,0.9624700664557975,0.0,0.447342175,0.0,0.9624700664557975,0.0,0.0,0.0,0.0,0.0,0.0,0.0,0.0,0.0,0.16954410002875306,0.0,0.0,3.675e-09
847.0,0.9302955386143456,0.0,0.449818524,0.0,0.9302955386143456,0.0,0.0,0.0,0.0,0.0,0.0,0.0,0.0,0.0,0.2079851109022594,0.0,0.0,3.675e-09
848.0,0.9259410744265425,0.0,0.449923944,0.0,0.9259410744265425,0.0,0.0,0.0,0.0,0.0,0.0,0.0,0.0,0.0,0.21260634388607594,0.0,0.0,3.675e-09
849.0,0.9226435186726984,0.0,0.444739049,0.0,0.9226435186726984,0.0,0.0,0.0,0.0,0.0,0.0,0.0,0.0,0.0,0.2027833513890537,0.0,0.0,3.675e-09
850.0,0.931768535724372,0.0,0.435764739,0.0,0.931768535724372,0.0,0.0,0.0,0.0,0.0,0.0,0.0,0.0,0.0,0.1709485461211809,0.0,0.0,3.675e-09
851.0,0.9691586299282472,8.28e-06,0.429465789,4.011323932042592e-06,0.9691546186043152,0.0,0.0,0.0,0.0,0.0,0.0,0.0,0.0,0.0,0.11762276197346021,0.0,0.0,3.675e-09
852.0,1.0472563995822848,0.004266768,0.421197107,0.0020670759167721623,1.0451893236655125,0.0,0.0,0.0,0.0,0.0,0.0,0.0,0.0,0.0,0.020663883683669313,0.0,0.0,3.675e-09
853.0,1.1217228526086205,0.041928003,0.425928741,0.02031241568317072,1.077826763651178,0.0,0.023583673274271605,0.0,0.0,0.0,0.0,0.0,0.0,0.0,0.0,0.0,0.0,0.006839048849999999
854.0,1.1446210587888923,0.137813252,0.438711794,0.06676492704108895,1.0778561317478033,0.0,0.0,0.0,0.0,0.0,0.0,0.0,0.0,0.0,0.032318570228042846,0.0,0.0,3.675e-09
855.0,1.1384642872821504,0.270036111,0.435704252,0.13082153557608817,1.0076427517060622,0.0,0.0,0.0,0.0,0.0,0.0,0.0,0.0,0.0,0.09492126578581518,0.0,0.0,3.675e-09
856.0,1.1214135678921515,0.394058631,0.423886324,0.19090541270027064,0.930508155191881,0.0,0.0,0.0,0.0,0.0,0.0,0.0,0.0,0.0,0.14215020470244397,0.0,0.0,3.675e-09
857.0,1.0922072845957065,0.479389214,0.449138801,0.23224461677310237,0.8599626678226041,0.0,0.0,0.0,0.0,0.0,0.0,0.0,0.0,0.0,0.27659792016551793,0.0,0.0,3.675e-09
858.0,1.0582349001002613,0.51055512,0.496945962,0.24734323327087893,0.8108916668293824,0.0,0.0,0.0,0.0,0.0,0.0,0.0,0.0,0.0,0.4466465229496007,0.0,0.0,3.675e-09
859.0,1.0285057251680754,0.485667219,0.533878067,0.23528605538445296,0.7932196697836223,0.0,0.0,0.0,0.0,0.0,0.0,0.0,0.0,0.0,0.5577764329634258,0.0,0.0,3.675e-09
860.0,1.0059034537092848,0.408794651,0.547738255,0.1980444162859057,0.8078590374233792,0.0,0.0,0.0,0.0,0.0,0.0,0.0,0.0,0.0,0.578210729384383,0.0,0.0,3.675e-09
861.0,0.9877001470882054,0.291331807,0.521187478,0.1411384359401345,0.8465617111480709,0.0,0.0,0.0,0.0,0.0,0.0,0.0,0.0,0.0,0.47232043648389566,0.0,0.0,3.675e-09
862.0,0.9851235150618768,0.157937339,0.489857341,0.0765142303978048,0.908609284664072,0.0,0.0,0.0,0.0,0.0,0.0,0.0,0.0,0.0,0.330990915268906,0.0,0.0,3.675e-09
863.0,1.0078659659676965,0.054196248,0.507792045,0.026255882443154046,0.9816100835245425,0.0,0.0,0.0,0.0,0.0,0.0,0.0,0.0,0.0,0.30337447794266165,0.0,0.0,3.675e-09
864.0,1.0500466385278857,0.007273369,0.555488499,0.0035236520695986345,1.046522986458287,0.0,0.0,0.0,0.0,0.0,0.0,0.0,0.0,0.0,0.35915902907543507,0.0,0.0,3.675e-09
865.0,1.0762023484771899,3.26e-05,0.597567743,1.5793376833887502e-05,1.076186555100356,0.0,0.0,0.0,0.0,0.0,0.0,0.0,0.0,0.0,0.43597837884578733,0.0,0.0,3.675e-09
866.0,1.0831111943663676,0.0,0.623304399,0.0,1.0831111943663676,0.0,0.0,0.0,0.0,0.0,0.0,0.0,0.0,0.0,0.49418119864383486,0.0,0.0,3.675e-09
867.0,1.0761378213349135,0.0,0.632500189,0.0,1.0761378213349135,0.0,0.0,0.0,0.0,0.0,0.0,0.0,0.0,0.0,0.5244248223553571,0.0,0.0,3.675e-09
868.0,1.0518244696894354,0.0,0.638161732,0.0,1.0518244696894354,0.0,0.0,0.0,0.0,0.0,0.0,0.0,0.0,0.0,0.5630648957774294,0.0,0.0,3.675e-09
869.0,1.0111390455641514,0.0,0.645984475,0.0,1.0111390455641514,0.0,0.0,0.0,0.0,0.0,0.0,0.0,0.0,0.0,0.6235460297455596,0.0,0.0,3.675e-09
870.0,0.9765970419506974,0.0,0.650620603,0.0,0.9765970419506974,0.0,0.0,0.0,0.0,0.0,0.0,0.0,0.0,0.0,0.6698199085698312,0.0,0.0,3.675e-09
871.0,0.9514403887905323,0.0,0.649362569,0.0,0.9514403887905323,0.0,0.0,0.0,0.0,0.0,0.0,0.0,0.0,0.0,0.691793065092508,0.0,0.0,3.675e-09
872.0,0.9347924070816886,0.0,0.637669781,0.0,0.9347924070816886,0.0,0.0,0.0,0.0,0.0,0.0,0.0,0.0,0.0,0.6788520601119108,0.0,0.0,3.675e-09
873.0,0.9276810804356402,0.0,0.62340392,0.0,0.9276810804356402,0.0,0.0,0.0,0.0,0.0,0.0,0.0,0.0,0.0,0.6498631537560082,0.0,0.0,3.675e-09
874.0,0.9297481708212153,0.0,0.610688316,0.0,0.9297481708212153,0.0,0.0,0.0,0.0,0.0,0.0,0.0,0.0,0.0,0.615618806970659,0.0,0.0,3.675e-09
875.0,0.9445827200486432,5.36e-05,0.602873689,2.5967024487618714e-05,0.9445567530241555,0.0,0.0,0.0,0.0,0.0,0.0,0.0,0.0,0.0,0.5810350527312512,0.0,0.0,3.675e-09
876.0,0.9762098800969649,0.009022545,0.599779205,0.004371056846187347,0.9718388232507774,0.0,0.0,0.0,0.0,0.0,0.0,0.0,0.0,0.0,0.5459222884146749,0.0,0.0,3.675e-09
877.0,1.0141072901091583,0.053572986,0.595771902,0.025953937301060718,0.9881533528080977,0.0,0.0,0.0,0.0,0.0,0.0,0.0,0.0,0.0,0.5194671461029321,0.0,0.0,3.675e-09
878.0,1.04205863287987,0.148044009,0.574646443,0.07172131356246725,0.9703373193174027,0.0,0.0,0.0,0.0,0.0,0.0,0.0,0.0,0.0,0.4838245070204711,0.0,0.0,3.675e-09
879.0,1.0474143796892474,0.27857656,0.516895485,0.1349590364775482,0.9124553432116992,0.0,0.0,0.0,0.0,0.0,0.0,0.0,0.0,0.0,0.3955657742067568,0.0,0.0,3.675e-09
880.0,1.0341195795466327,0.399334928,0.473184346,0.19346156444286297,0.8406580151037698,0.0,0.0,0.0,0.0,0.0,0.0,0.0,0.0,0.0,0.3567506196414946,0.0,0.0,3.675e-09
881.0,1.0100265103178827,0.480528709,0.51472903,0.23279665585087325,0.7772298544670094,0.0,0.0,0.0,0.0,0.0,0.0,0.0,0.0,0.0,0.5253089769339225,0.0,0.0,3.675e-09
882.0,0.982424503248527,0.510100207,0.576534443,0.2471228463863503,0.7353016568621767,0.0,0.0,0.0,0.0,0.0,0.0,0.0,0.0,0.0,0.7236378159078111,0.0,0.0,3.675e-09
883.0,0.9568584369097505,0.487021141,0.613360108,0.23594197564057845,0.720916461269172,0.0,0.0,0.0,0.0,0.0,0.0,0.0,0.0,0.0,0.8312115745291379,0.0,0.0,3.675e-09
884.0,0.9335129913984909,0.414045642,0.624137125,0.20058830829861587,0.732924683099875,0.0,0.0,0.0,0.0,0.0,0.0,0.0,0.0,0.0,0.8464749505897915,0.0,0.0,3.675e-09
885.0,0.9205519521297342,0.300133398,0.607705425,0.1454024495413846,0.7751495025883496,0.0,0.0,0.0,0.0,0.0,0.0,0.0,0.0,0.0,0.7626691708902119,0.0,0.0,3.675e-09
886.0,0.9211593964001951,0.167163805,0.594409121,0.08098407869176341,0.8401753177084317,0.0,0.0,0.0,0.0,0.0,0.0,0.0,0.0,0.0,0.6639966188178511,0.0,0.0,3.675e-09
887.0,0.9423954747085574,0.060317108,0.618746586,0.02922119068019296,0.9131742840283645,0.0,0.0,0.0,0.0,0.0,0.0,0.0,0.0,0.0,0.6525844124682295,0.0,0.0,3.675e-09
888.0,0.9836660927793481,0.009096213,0.670103747,0.004406746002156636,0.9792593467771915,0.0,0.0,0.0,0.0,0.0,0.0,0.0,0.0,0.0,0.7164603439011556,0.0,0.0,3.675e-09
889.0,1.0119890225762946,4.12e-05,0.712024487,1.9959727777796473e-05,1.011969062848517,0.0,0.0,0.0,0.0,0.0,0.0,0.0,0.0,0.0,0.789832446628864,0.0,0.0,3.675e-09
890.0,1.0216436057612406,0.0,0.741175541,0.0,1.0216436057612406,0.0,0.0,0.0,0.0,0.0,0.0,0.0,0.0,0.0,0.8539256098260241,0.0,0.0,3.675e-09
891.0,1.0160898288599383,0.0,0.763534431,0.0,1.0160898288599383,0.0,0.0,0.0,0.0,0.0,0.0,0.0,0.0,0.0,0.9160592972329021,0.0,0.0,3.675e-09
892.0,0.9980778788331772,0.0,0.775250597,0.0,0.9980778788331772,0.0,0.0,0.0,0.0,0.0,0.0,0.0,0.0,0.0,0.9637193927511646,0.0,0.0,3.675e-09
893.0,0.9664106668000437,0.0,0.777341519,0.0,0.9664106668000437,0.0,0.0,0.0,0.0,0.0,0.0,0.0,0.0,0.0,1.0006777520476076,0.0,0.0,3.675e-09
894.0,0.9372666858133646,0.0,0.777406812,0.0,0.9372666858133646,0.0,0.0,0.0,0.0,0.0,0.0,0.0,0.0,0.0,1.029986959129886,0.0,0.0,3.675e-09
895.0,0.9173901261578987,0.0,0.774865256,0.0,0.9173901261578987,0.0,0.0,0.0,0.0,0.0,0.0,0.0,0.0,0.0,1.043432027283542,0.0,0.0,3.675e-09
896.0,0.9044468875490751,0.0,0.756675709,0.0,0.9044468875490751,0.0,0.0,0.0,0.0,0.0,0.0,0.0,0.0,0.0,1.0103460157195274,0.0,0.0,3.675e-09
897.0,0.8994182271160246,0.0,0.721185685,0.0,0.8994182271160245,0.0,0.0,0.0,0.0,0.0,0.0,0.0,0.0,0.0,0.9255659968415414,0.0,0.0,3.675e-09
898.0,0.9019570329899766,0.0,0.689007282,0.0,0.9019570329899766,0.0,0.0,0.0,0.0,0.0,0.0,0.0,0.0,0.0,0.8415986781052618,0.0,0.0,3.675e-09
899.0,0.914261676673419,5.26e-05,0.670628101,2.5482565075536274e-05,0.9142361941083433,0.0,0.0,0.0,0.0,0.0,0.0,0.0,0.0,0.0,0.782810391706267,0.0,0.0,3.675e-09
900.0,0.9389621901726297,0.007416087,0.656472455,0.003592793147972216,0.9353693970246576,0.0,0.0,0.0,0.0,0.0,0.0,0.0,0.0,0.0,0.7258558584900756,0.0,0.0,3.675e-09
901.0,0.9706828031856376,0.046013701,0.634822927,0.022291770534197116,0.9483910326514404,0.0,0.0,0.0,0.0,0.0,0.0,0.0,0.0,0.0,0.6580493763557979,0.0,0.0,3.675e-09
902.0,1.0016669176436324,0.132874533,0.591044436,0.0643723181379086,0.9372945995057238,0.0,0.0,0.0,0.0,0.0,0.0,0.0,0.0,0.0,0.5583628903651369,0.0,0.0,3.675e-09
903.0,1.0110989945792646,0.263515408,0.52673268,0.12766251963434397,0.8834364749449205,0.0,0.0,0.0,0.0,0.0,0.0,0.0,0.0,0.0,0.4494779897159923,0.0,0.0,3.675e-09
904.0,0.9972101011611011,0.392086409,0.560835252,0.1899499511896546,0.8072601499714466,0.0,0.0,0.0,0.0,0.0,0.0,0.0,0.0,0.0,0.6119520008344387,0.0,0.0,3.675e-09
905.0,0.9756091103240354,0.481990044,0.679663068,0.23350461334582873,0.7421044969782067,0.0,0.0,0.0,0.0,0.0,0.0,0.0,0.0,0.0,0.9778053715969001,0.0,0.0,3.675e-09
906.0,0.955981758907708,0.516796672,0.753827508,0.25036701188328087,0.7056147470244272,0.0,0.0,0.0,0.0,0.0,0.0,0.0,0.0,0.0,1.201970689429772,0.0,0.0,3.675e-09
907.0,0.9404218372876687,0.495523976,0.80436493,0.24006125408571244,0.7003605832019563,0.0,0.0,0.0,0.0,0.0,0.0,0.0,0.0,0.0,1.335111470787484,0.0,0.0,3.675e-09
908.0,0.9266886981440328,0.421377035,0.819226055,0.20414007064114117,0.7225486275028916,0.0,0.0,0.0,0.0,0.0,0.0,0.0,0.0,0.0,1.3505299947246048,0.0,0.0,3.675e-09
909.0,0.9191813083143606,0.307295457,0.803746441,0.1488721764338243,0.7703091318805363,0.0,0.0,0.0,0.0,0.0,0.0,0.0,0.0,0.0,1.2635978152422989,0.0,0.0,3.675e-09
910.0,0.9224232372558949,0.175543224,0.768708958,0.08504356709409584,0.837379670161799,0.0,0.0,0.0,0.0,0.0,0.0,0.0,0.0,0.0,1.10786376761506,0.0,0.0,3.675e-09
911.0,0.9455484003504264,0.066257383,0.759551976,0.03209901281430097,0.9134493875361254,0.0,0.0,0.0,0.0,0.0,0.0,0.0,0.0,0.0,1.008622004487963,0.0,0.0,3.675e-09
912.0,0.9724806608395556,0.010293306,0.766534138,0.004986688973144638,0.9674939718664111,0.0,0.0,0.0,0.0,0.0,0.0,0.0,0.0,0.0,0.9722460119838114,0.0,0.0,3.675e-09
913.0,0.9810115836157558,7.26e-05,0.765648288,3.517175331718505e-05,0.9809764118624387,0.0,0.0,0.0,0.0,0.0,0.0,0.0,0.0,0.0,0.9565218992696226,0.0,0.0,3.675e-09
914.0,0.989702711331429,0.0,0.753817645,0.0,0.989702711331429,0.0,0.0,0.0,0.0,0.0,0.0,0.0,0.0,0.0,0.9178577664751221,0.0,0.0,3.675e-09
915.0,0.9884010443233525,0.0,0.733063441,0.0,0.9884010443233525,0.0,0.0,0.0,0.0,0.0,0.0,0.0,0.0,0.0,0.8666402339641495,0.0,0.0,3.675e-09
916.0,0.975079544190763,0.0,0.71284084,0.0,0.975079544190763,0.0,0.0,0.0,0.0,0.0,0.0,0.0,0.0,0.0,0.828787773548162,0.0,0.0,3.675e-09
917.0,0.9569897160268134,0.0,0.708188955,0.0,0.9569897160268134,0.0,0.0,0.0,0.0,0.0,0.0,0.0,0.0,0.0,0.835105852891744,0.0,0.0,3.675e-09
918.0,0.9196619241327042,0.0,0.698494447,0.0,0.9196619241327042,0.0,0.0,0.0,0.0,0.0,0.0,0.0,0.0,0.0,0.8479013717152492,0.0,0.0,3.675e-09
919.0,0.8947522533792421,0.0,0.690617154,0.0,0.8947522533792421,0.0,0.0,0.0,0.0,0.0,0.0,0.0,0.0,0.0,0.8528772920470135,0.0,0.0,3.675e-09
920.0,0.883110681778495,0.0,0.679564183,0.0,0.8831106817784949,0.0,0.0,0.0,0.0,0.0,0.0,0.0,0.0,0.0,0.8365489550341967,0.0,0.0,3.675e-09
921.0,0.8829082000217,0.0,0.647143161,0.0,0.8829082000216999,0.0,0.0,0.0,0.0,0.0,0.0,0.0,0.0,0.0,0.7547089685262739,0.0,0.0,3.675e-09
922.0,0.8965768120230596,0.0,0.60947712,0.0,0.8965768120230596,0.0,0.0,0.0,0.0,0.0,0.0,0.0,0.0,0.0,0.6457251942391586,0.0,0.0,3.675e-09
923.0,0.9378607800888378,3.66e-05,0.578981898,1.7731214482217255e-05,0.9378430488743555,0.0,0.0,0.0,0.0,0.0,0.0,0.0,0.0,0.0,0.527289789705224,0.0,0.0,3.675e-09
924.0,1.0189846459327025,0.006548696,0.549992346,0.0031725774140666176,1.0158120685186358,0.0,0.0,0.0,0.0,0.0,0.0,0.0,0.0,0.0,0.3759617501025851,0.0,0.0,3.675e-09
925.0,1.091573139335346,0.040854533,0.507699407,0.01979236303808259,1.0717807762972635,0.0,0.0,0.0,0.0,0.0,0.0,0.0,0.0,0.0,0.21296936164760083,0.0,0.0,3.675e-09
926.0,1.1109846599998159,0.124866197,0.436963988,0.060492604387589965,1.050492055612226,0.0,0.0,0.0,0.0,0.0,0.0,0.0,0.0,0.0,0.05525976548442151,0.0,0.0,3.675e-09
927.0,1.104140341252914,0.249465252,0.393834722,0.1208557893189174,0.9832845519339967,0.0,0.0,0.0,0.0,0.0,0.0,0.0,0.0,0.0,0.01332723535725232,0.0,0.0,3.675e-09
928.0,1.093715883025599,0.369315187,0.409508878,0.1789182183671359,0.9147976646584632,0.0,0.0,0.0,0.0,0.0,0.0,0.0,0.0,0.0,0.12147809270153417,0.0,0.0,3.675e-09
929.0,1.0767497162703201,0.451828095,0.467787701,0.21889237326602823,0.8578573430042918,0.0,0.0,0.0,0.0,0.0,0.0,0.0,0.0,0.0,0.3258949031129877,0.0,0.0,3.675e-09
930.0,1.0591805549096012,0.485611939,0.492978297,0.23525927446815306,0.8239212804414481,0.0,0.0,0.0,0.0,0.0,0.0,0.0,0.0,0.0,0.42357660185285634,0.0,0.0,3.675e-09
931.0,1.045952507741698,0.467959028,0.493333266,0.22670715558354945,0.8192453521581485,0.0,0.0,0.0,0.0,0.0,0.0,0.0,0.0,0.0,0.4291507909287201,0.0,0.0,3.675e-09
932.0,1.0329914684729413,0.401939499,0.480907224,0.19472337337824994,0.8382680950946914,0.0,0.0,0.0,0.0,0.0,0.0,0.0,0.0,0.0,0.3786835378085979,0.0,0.0,3.675e-09
933.0,1.0302079050247965,0.296702339,0.448285228,0.1437402407154244,0.8864676643093721,0.0,0.0,0.0,0.0,0.0,0.0,0.0,0.0,0.0,0.24793292897642016,0.0,0.0,3.675e-09
934.0,1.0368475171823925,0.174838859,0.400052994,0.0847023308403044,0.9521451863420881,0.0,0.0,0.0,0.0,0.0,0.0,0.0,0.0,0.0,0.06020214387008972,0.0,0.0,3.675e-09
935.0,1.0633169625131111,0.067026306,0.383270856,0.032471524798817625,0.9698795750538393,0.0,0.06096586266045422,0.0,0.0,0.0,0.0,0.0,0.0,0.0,0.0,0.0,0.0,0.006839048849999999
936.0,1.1050058940924796,0.009781128,0.381084744,0.004738559520383079,0.9643475463478003,0.0,0.13591978822429637,0.0,0.0,0.0,0.0,0.0,0.0,0.0,0.0,0.0,0.0,0.006839048849999999
937.0,1.134074221774481,6.96e-05,0.37129836,3.371837508093773e-05,0.939582778021054,0.0,0.19445772537834582,0.0,0.0,0.0,0.0,0.0,0.0,0.0,0.0,0.0,0.0,0.006839048849999999
938.0,1.135711874488926,0.0,0.359103775,0.0,0.9087239774297619,0.0,0.2269878970591642,0.0,0.0,0.0,0.0,0.0,0.0,0.0,0.0,0.0,0.0,0.006839048849999999
939.0,1.1159532429556112,0.0,0.350763621,0.0,0.8876189419417424,0.0,0.22833430101386865,0.0,0.0,0.0,0.0,0.0,0.0,0.0,0.0,0.0,0.0,0.006839048849999999
940.0,1.0743733401683515,0.0,0.338062838,0.0,0.8554791905725669,0.0,0.21889414959578468,0.0,0.0,0.0,0.0,0.0,0.0,0.0,0.0,0.0,0.0,0.006839048849999999
941.0,1.0240288821931758,0.0,0.329255171,0.0,0.8331910979783946,0.0,0.19083778421478112,0.0,0.0,0.0,0.0,0.0,0.0,0.0,0.0,0.0,0.0,0.006839048849999999
942.0,0.9819416625976729,0.0,0.327315162,0.0,0.8282818410519545,0.0,0.1536598215457184,0.0,0.0,0.0,0.0,0.0,0.0,0.0,0.0,0.0,0.0,0.006839048849999999
943.0,0.9573479520581358,0.0,0.33006502,0.0,0.8352404476528654,0.0,0.12210750440527039,0.0,0.0,0.0,0.0,0.0,0.0,0.0,0.0,0.0,0.0,0.006839048849999999
944.0,0.9407845239839367,0.0,0.333309168,0.0,0.8434498714438875,0.0,0.09733465254004932,0.0,0.0,0.0,0.0,0.0,0.0,0.0,0.0,0.0,0.0,0.006839048849999999
945.0,0.9371242815338247,0.0,0.330597644,0.0,0.8365882702975997,0.0,0.10053601123622498,0.0,0.0,0.0,0.0,0.0,0.0,0.0,0.0,0.0,0.0,0.006839048849999999
946.0,0.9471282014200513,0.0,0.321566623,0.0,0.8137349730205891,0.0,0.13339322839946216,0.0,0.0,0.0,0.0,0.0,0.0,0.0,0.0,0.0,0.0,0.006839048849999999
947.0,0.9833479077329128,4.46e-05,0.316895121,2.1606889778876764e-05,0.8019135827330293,0.0,0.18141271811010462,0.0,0.0,0.0,0.0,0.0,0.0,0.0,0.0,0.0,0.0,0.006839048849999999
948.0,1.0576096551698673,0.004977657,0.312828571,0.0024114727837680353,0.7916230434859357,0.0,0.2635751389001636,0.0,0.0,0.0,0.0,0.0,0.0,0.0,0.0,0.0,0.0,0.006839048849999999
949.0,1.127532513246517,0.039676954,0.303840033,0.01922187380806196,0.7688772508452468,0.0,0.33943338859320826,0.0,0.0,0.0,0.0,0.0,0.0,0.0,0.0,0.0,0.0,0.006839048849999999
950.0,1.15095361106253,0.13308751,0.286562065,0.06447549685011567,0.7251547814758725,0.0,0.36132333273654177,0.0,0.0,0.0,0.0,0.0,0.0,0.0,0.0,0.0,0.0,0.006839048849999999
951.0,1.1525378617971758,0.261558458,0.247391152,0.12671445678786922,0.626031490831225,0.0,0.3997919141780815,0.0,0.0,0.0,0.0,0.0,0.0,0.0,0.0,0.0,0.0,0.006839048849999999
952.0,1.1470686375305934,0.380104071,0.263491843,0.18414499476680152,0.6667748218220718,0.0,0.29614882094172024,0.0,0.0,0.0,0.0,0.0,0.0,0.0,0.0,0.0,0.0,0.006839048849999999
953.0,1.1302003734050214,0.46170182,0.34518374,0.22367579227459192,0.8734988685565358,0.0,0.0330257125738938,0.0,0.0,0.0,0.0,0.0,0.0,0.0,0.0,0.0,0.0,0.006839048849999999
954.0,1.1119392151391219,0.494105705,0.394950333,0.23937415935087888,0.872565055788243,0.0,0.0,0.0,0.0,0.0,0.0,0.0,0.0,0.0,0.12686982202937097,0.0,0.0,3.675e-09
955.0,1.0970512649318198,0.47566198,0.432686843,0.23043892318076867,0.8666123417510512,0.0,0.0,0.0,0.0,0.0,0.0,0.0,0.0,0.0,0.22831602248707714,0.0,0.0,3.675e-09
956.0,1.0848423000454992,0.409600139,0.454269404,0.19843464252882514,0.886407657516674,0.0,0.0,0.0,0.0,0.0,0.0,0.0,0.0,0.0,0.2631360910209939,0.0,0.0,3.675e-09
957.0,1.0782783401926561,0.30470539,0.450469547,0.14761739409775018,0.930660946094906,0.0,0.0,0.0,0.0,0.0,0.0,0.0,0.0,0.0,0.20926713865113453,0.0,0.0,3.675e-09
958.0,1.0847666477407458,0.180041388,0.414756809,0.08722274498098623,0.9975439027597597,0.0,0.0,0.0,0.0,0.0,0.0,0.0,0.0,0.0,0.05201191753356934,0.0,0.0,3.675e-09
959.0,1.1102726366022668,0.069891342,0.400918728,0.03385951845497265,1.014538098727146,0.0,0.06187501942014819,0.0,0.0,0.0,0.0,0.0,0.0,0.0,0.0,0.0,0.0,0.006839048849999999
960.0,1.1528115451937786,0.01187243,0.431073873,0.005751710457789908,1.090846690315667,0.0,0.05621314442032165,0.0,0.0,0.0,0.0,0.0,0.0,0.0,0.0,0.0,0.0,0.006839048849999999
961.0,1.1783308860501365,0.000121448,0.453791528,5.883662667858801e-05,1.148334467517333,0.0,0.029937581906125,0.0,0.0,0.0,0.0,0.0,0.0,0.0,0.0,0.0,0.0,0.006839048849999999
962.0,1.1823004122167928,0.0,0.462084937,0.0,1.1693212132370951,0.0,0.01297919897969751,0.0,0.0,0.0,0.0,0.0,0.0,0.0,0.0,0.0,0.0,0.006839048849999999
963.0,1.1627954395875617,0.0,0.462389232,0.0,1.1627954395875617,0.0,0.0,0.0,0.0,0.0,0.0,0.0,0.0,0.0,0.007295802209416992,0.0,0.0,3.675e-09
964.0,1.1215804483290805,0.0,0.462620353,0.0,1.1215804483290805,0.0,0.0,0.0,0.0,0.0,0.0,0.0,0.0,0.0,0.04909565280107446,0.0,0.0,3.675e-09
965.0,1.0734988869988191,0.0,0.459421003,0.0,1.0734988869988191,0.0,0.0,0.0,0.0,0.0,0.0,0.0,0.0,0.0,0.08908115316068775,0.0,0.0,3.675e-09
966.0,1.034851628436625,0.0,0.450574485,0.0,1.034851628436625,0.0,0.0,0.0,0.0,0.0,0.0,0.0,0.0,0.0,0.10534200538849035,0.0,0.0,3.675e-09
967.0,1.0076946358657468,0.0,0.441999116,0.0,1.0076946358657468,0.0,0.0,0.0,0.0,0.0,0.0,0.0,0.0,0.0,0.11079874313579297,0.0,0.0,3.675e-09
968.0,0.9919344573214226,0.0,0.428990525,0.0,0.9919344573214226,0.0,0.0,0.0,0.0,0.0,0.0,0.0,0.0,0.0,0.09364025198839086,0.0,0.0,3.675e-09
969.0,0.9888371584918634,0.0,0.410739578,0.0,0.9888371584918634,0.0,0.0,0.0,0.0,0.0,0.0,0.0,0.0,0.0,0.050552925914745486,0.0,0.0,3.675e-09
970.0,1.0008525419513556,0.0,0.391099759,0.0,0.9896908729803837,0.0,0.011161668970971924,0.0,0.0,0.0,0.0,0.0,0.0,0.0,0.0,0.0,0.0,0.006839048849999999
971.0,1.0387254768060845,6.7e-05,0.380814934,3.245878060952339e-05,0.9636647832207619,0.0,0.07502823480471313,0.0,0.0,0.0,0.0,0.0,0.0,0.0,0.0,0.0,0.0,0.006839048849999999
972.0,1.1143511925609568,0.007653253,0.372507897,0.0037076904488981596,0.9426435513963506,0.0,0.167999950715708,0.0,0.0,0.0,0.0,0.0,0.0,0.0,0.0,0.0,0.0,0.006839048849999999
973.0,1.1827053757303831,0.053924975,0.36994729,0.026124461685060205,0.9361638507090646,0.0,0.22041706333625818,0.0,0.0,0.0,0.0,0.0,0.0,0.0,0.0,0.0,0.0,0.006839048849999999
974.0,1.1972039382515176,0.156476312,0.355539614,0.07580642211634825,0.8997047501600957,0.0,0.22169276597507373,0.0,0.0,0.0,0.0,0.0,0.0,0.0,0.0,0.0,0.0,0.006839048849999999
975.0,1.1826786747404834,0.294294142,0.333690309,0.1425735670126257,0.8444143613479036,0.0,0.1956907463799541,0.0,0.0,0.0,0.0,0.0,0.0,0.0,0.0,0.0,0.0,0.006839048849999999
976.0,1.1657036076552378,0.420472917,0.384572186,0.20370206216640802,0.9620015454888299,0.0,0.0,0.0,0.0,0.0,0.0,0.0,0.0,0.0,0.011171088162203613,0.0,0.0,3.675e-09
977.0,1.1378612926767104,0.505761864,0.420623127,0.2450210952871583,0.8928401973895521,0.0,0.0,0.0,0.0,0.0,0.0,0.0,0.0,0.0,0.17156053458934117,0.0,0.0,3.675e-09
978.0,1.1117078075599167,0.540182267,0.424668329,0.2616963834881789,0.8500114240717378,0.0,0.0,0.0,0.0,0.0,0.0,0.0,0.0,0.0,0.22462582533431666,0.0,0.0,3.675e-09
979.0,1.094875144754211,0.517388584,0.423753834,0.2506537692228054,0.8442213755314056,0.0,0.0,0.0,0.0,0.0,0.0,0.0,0.0,0.0,0.2281017140367589,0.0,0.0,3.675e-09
980.0,1.0815158184692448,0.443214849,0.419555115,0.21471960517274682,0.866796213296498,0.0,0.0,0.0,0.0,0.0,0.0,0.0,0.0,0.0,0.1949018789995272,0.0,0.0,3.675e-09
981.0,1.0763581037516419,0.32749823,0.400967299,0.15865959996383927,0.9176985037878026,0.0,0.0,0.0,0.0,0.0,0.0,0.0,0.0,0.0,0.09696250546098217,0.0,0.0,3.675e-09
982.0,1.0798381147699128,0.191884815,0.377021363,0.0929604046624475,0.9540650263599987,0.0,0.032812683747466556,0.0,0.0,0.0,0.0,0.0,0.0,0.0,0.0,0.0,0.0,0.006839048849999999
983.0,1.1070574096505568,0.076100295,0.387595837,0.03686750417500014,0.9808240824921922,0.0,0.0893658229833645,0.0,0.0,0.0,0.0,0.0,0.0,0.0,0.0,0.0,0.0,0.006839048849999999
984.0,1.1523665316952256,0.013329821,0.432089797,0.006457757244824144,1.0934175195920965,0.0,0.05249125485830481,0.0,0.0,0.0,0.0,0.0,0.0,0.0,0.0,0.0,0.0,0.006839048849999999
985.0,1.1811077740008251,0.000151804,0.469302479,7.354287659176252e-05,1.1810342311242334,0.0,0.0,0.0,0.0,0.0,0.0,0.0,0.0,0.0,0.006551210812508301,0.0,0.0,3.675e-09
986.0,1.1862944155407629,0.0,0.47878915,0.0,1.1862944155407629,0.0,0.0,0.0,0.0,0.0,0.0,0.0,0.0,0.0,0.0252973610653584,0.0,0.0,3.675e-09
987.0,1.171384214008582,0.0,0.480654333,0.0,1.171384214008582,0.0,0.0,0.0,0.0,0.0,0.0,0.0,0.0,0.0,0.0449274698566438,0.0,0.0,3.675e-09
988.0,1.1320316065463705,0.0,0.478531877,0.0,1.1320316065463703,0.0,0.0,0.0,0.0,0.0,0.0,0.0,0.0,0.0,0.07890913222578418,0.0,0.0,3.675e-09
989.0,1.0826439295429364,0.0,0.473192801,0.0,1.0826439295429364,0.0,0.0,0.0,0.0,0.0,0.0,0.0,0.0,0.0,0.11478610085941662,0.0,0.0,3.675e-09
990.0,1.042483621885904,0.0,0.471146981,0.0,1.042483621885904,0.0,0.0,0.0,0.0,0.0,0.0,0.0,0.0,0.0,0.14976939335556605,0.0,0.0,3.675e-09
991.0,1.0172802422433955,0.0,0.475182218,0.0,1.0172802422433955,0.0,0.0,0.0,0.0,0.0,0.0,0.0,0.0,0.0,0.18518407366321435,0.0,0.0,3.675e-09
992.0,1.0005454820673971,0.0,0.480551706,0.0,1.0005454820673971,0.0,0.0,0.0,0.0,0.0,0.0,0.0,0.0,0.0,0.21550650078067396,0.0,0.0,3.675e-09
993.0,0.9963378728240794,0.0,0.488846514,0.0,0.9963378728240794,0.0,0.0,0.0,0.0,0.0,0.0,0.0,0.0,0.0,0.24070439595951612,0.0,0.0,3.675e-09
994.0,1.0051091035094515,0.0,0.495780235,0.0,1.0051091035094515,0.0,0.0,0.0,0.0,0.0,0.0,0.0,0.0,0.0,0.24947917554793786,0.0,0.0,3.675e-09
995.0,1.043387000877846,0.000140722,0.50227309,6.817409738706494e-05,1.043318826780459,0.0,0.0,0.0,0.0,0.0,0.0,0.0,0.0,0.0,0.2276998365592307,0.0,0.0,3.675e-09
996.0,1.1198003913350958,0.01074676,0.506243339,0.005206369031391068,1.1145940223037045,0.0,0.0,0.0,0.0,0.0,0.0,0.0,0.0,0.0,0.16647148741811107,0.0,0.0,3.675e-09
997.0,1.1818153467334283,0.06065954,0.509472884,0.02938708508559117,1.1524282616478372,0.0,0.0,0.0,0.0,0.0,0.0,0.0,0.0,0.0,0.13680971849061083,0.0,0.0,3.675e-09
998.0,1.1874180759495088,0.168250272,0.568318432,0.0815104278558304,1.1059076480936785,0.0,0.0,0.0,0.0,0.0,0.0,0.0,0.0,0.0,0.33224093715493286,0.0,0.0,3.675e-09
999.0,1.165732533477648,0.308537993,0.633863563,0.14947413469387558,1.0162583987837723,0.0,0.0,0.0,0.0,0.0,0.0,0.0,0.0,0.0,0.5877543078973546,0.0,0.0,3.675e-09
1000.0,1.141821919513325,0.435506653,0.649688711,0.21098529707037064,0.9308366224429544,0.0,0.0,0.0,0.0,0.0,0.0,0.0,0.0,0.0,0.7132221445559028,0.0,0.0,3.675e-09
1001.0,1.1126356627092482,0.518048946,0.659225052,0.250973687809087,0.8616619749001613,0.0,0.0,0.0,0.0,0.0,0.0,0.0,0.0,0.0,0.806528818345556,0.0,0.0,3.675e-09
1002.0,1.0866045563795508,0.543894503,0.661849265,0.26349481115825013,0.8231097452213006,0.0,0.0,0.0,0.0,0.0,0.0,0.0,0.0,0.0,0.8517217057980164,0.0,0.0,3.675e-09
1003.0,1.0672241873699264,0.513514642,0.670151682,0.24877700155904395,0.8184471858108825,0.0,0.0,0.0,0.0,0.0,0.0,0.0,0.0,0.0,0.8773938059700724,0.0,0.0,3.675e-09
1004.0,1.0533708942717046,0.434344593,0.678993187,0.2104223261659661,0.8429485681057385,0.0,0.0,0.0,0.0,0.0,0.0,0.0,0.0,0.0,0.8752661444473391,0.0,0.0,3.675e-09
1005.0,1.0446152394137553,0.316411998,0.674732344,0.15328877052690976,0.8913264688868456,0.0,0.0,0.0,0.0,0.0,0.0,0.0,0.0,0.0,0.8161060395577853,0.0,0.0,3.675e-09
1006.0,1.049221136673207,0.184021768,0.647923314,0.08915107753565092,0.960070059137556,0.0,0.0,0.0,0.0,0.0,0.0,0.0,0.0,0.0,0.6795213123749059,0.0,0.0,3.675e-09
1007.0,1.0730494228353207,0.072997209,0.608337568,0.0353641849557989,1.0376852378795218,0.0,0.0,0.0,0.0,0.0,0.0,0.0,0.0,0.0,0.501733094364154,0.0,0.0,3.675e-09
1008.0,1.1174952178728592,0.013565159,0.58784383,0.006571768953944801,1.1109234489189144,0.0,0.0,0.0,0.0,0.0,0.0,0.0,0.0,0.0,0.3766348016317649,0.0,0.0,3.675e-09
1009.0,1.1473289709322085,0.000178139,0.583191131,8.630111520895354e-05,1.1472426698169995,0.0,0.0,0.0,0.0,0.0,0.0,0.0,0.0,0.0,0.3285417720593948,0.0,0.0,3.675e-09
1010.0,1.146567996219806,0.0,0.569994605,0.0,1.146567996219806,0.0,0.0,0.0,0.0,0.0,0.0,0.0,0.0,0.0,0.29582220023275413,0.0,0.0,3.675e-09
1011.0,1.1305408097763356,0.0,0.556721012,0.0,1.1305408097763356,0.0,0.0,0.0,0.0,0.0,0.0,0.0,0.0,0.0,0.27826012066044997,0.0,0.0,3.675e-09
1012.0,1.0917667207621748,0.0,0.550309942,0.0,1.0917667207621748,0.0,0.0,0.0,0.0,0.0,0.0,0.0,0.0,0.0,0.3008107850392654,0.0,0.0,3.675e-09
1013.0,1.0449601254500902,0.0,0.549947454,0.0,1.0449601254500902,0.0,0.0,0.0,0.0,0.0,0.0,0.0,0.0,0.0,0.34670009248064854,0.0,0.0,3.675e-09
1014.0,1.0008258409614559,0.0,0.554635124,0.0,1.0008258409614559,0.0,0.0,0.0,0.0,0.0,0.0,0.0,0.0,0.0,0.4026966809154838,0.0,0.0,3.675e-09
1015.0,0.9771577607387398,0.0,0.563328517,0.0,0.9771577607387398,0.0,0.0,0.0,0.0,0.0,0.0,0.0,0.0,0.0,0.4483636795965758,0.0,0.0,3.675e-09
1016.0,0.9583447840147644,0.0,0.564346239,0.0,0.9583447840147644,0.0,0.0,0.0,0.0,0.0,0.0,0.0,0.0,0.0,0.46975203549543704,0.0,0.0,3.675e-09
1017.0,0.9494979020245639,0.0,0.550732656,0.0,0.9494979020245639,0.0,0.0,0.0,0.0,0.0,0.0,0.0,0.0,0.0,0.4441492955321222,0.0,0.0,3.675e-09
1018.0,0.956228741314411,0.0,0.53224979,0.0,0.956228741314411,0.0,0.0,0.0,0.0,0.0,0.0,0.0,0.0,0.0,0.390646952640506,0.0,0.0,3.675e-09
1019.0,0.9886702780549343,9.46e-05,0.5155585,4.58298603829987e-05,0.9886244481945513,0.0,0.0,0.0,0.0,0.0,0.0,0.0,0.0,0.0,0.316013384470176,0.0,0.0,3.675e-09
1020.0,1.0588712701931322,0.008484219,0.495676111,0.0041102597487186554,1.0547610104444136,0.0,0.0,0.0,0.0,0.0,0.0,0.0,0.0,0.0,0.19956377938781836,0.0,0.0,3.675e-09
1021.0,1.1186122037840738,0.057164148,0.490718306,0.02769370953227351,1.0909184942518002,0.0,0.0,0.0,0.0,0.0,0.0,0.0,0.0,0.0,0.1508604060839452,0.0,0.0,3.675e-09
1022.0,1.1318669519418767,0.159614727,0.509888478,0.07732685680211895,1.0545400951397579,0.0,0.0,0.0,0.0,0.0,0.0,0.0,0.0,0.0,0.23574955935849318,0.0,0.0,3.675e-09
1023.0,1.1279107757702078,0.293261186,0.479001092,0.1420731417561587,0.9858376340140491,0.0,0.0,0.0,0.0,0.0,0.0,0.0,0.0,0.0,0.22629046883154003,0.0,0.0,3.675e-09
1024.0,1.1185588018042745,0.415603851,0.45659136,0.20134319731465744,0.9172156044896169,0.0,0.0,0.0,0.0,0.0,0.0,0.0,0.0,0.0,0.2382039304881599,0.0,0.0,3.675e-09
1025.0,1.1034505691802439,0.500478931,0.460024371,0.24246172867190738,0.8609888405083366,0.0,0.0,0.0,0.0,0.0,0.0,0.0,0.0,0.0,0.303118042327257,0.0,0.0,3.675e-09
1026.0,1.0833581777729955,0.534289863,0.467943992,0.2588417529105867,0.8245164248624088,0.0,0.0,0.0,0.0,0.0,0.0,0.0,0.0,0.0,0.35963132079857896,0.0,0.0,3.675e-09
1027.0,1.0712181896939719,0.512665605,0.455662973,0.24836567759318776,0.8228525121007841,0.0,0.0,0.0,0.0,0.0,0.0,0.0,0.0,0.0,0.33021770887372437,0.0,0.0,3.675e-09
1028.0,1.0630499536140399,0.439858443,0.435592708,0.21309356269527685,0.8499563909187631,0.0,0.0,0.0,0.0,0.0,0.0,0.0,0.0,0.0,0.2523253607925934,0.0,0.0,3.675e-09
1029.0,1.0582593752577256,0.327112278,0.40861967,0.15847262188482722,0.8997867533728985,0.0,0.0,0.0,0.0,0.0,0.0,0.0,0.0,0.0,0.13423883373889586,0.0,0.0,3.675e-09
1030.0,1.058904646680488,0.194624679,0.365144132,0.09428775756507335,0.9240093005599229,0.0,0.040607588555491576,0.0,0.0,0.0,0.0,0.0,0.0,0.0,0.0,0.0,0.0,0.006839048849999999
1031.0,1.0696695402791923,0.078863913,0.338223403,0.038206364926500584,0.8558855056146074,0.0,0.17557766973808422,0.0,0.0,0.0,0.0,0.0,0.0,0.0,0.0,0.0,0.0,0.006839048849999999
1032.0,1.096960036799644,0.014251852,0.343681234,0.006904443841005928,0.8696967274388822,0.0,0.22035886551975573,0.0,0.0,0.0,0.0,0.0,0.0,0.0,0.0,0.0,0.0,0.006839048849999999
1033.0,1.112766941826311,0.000191556,0.344841015,9.280110714086363e-05,0.8726315916108544,0.0,0.2400425491083158,0.0,0.0,0.0,0.0,0.0,0.0,0.0,0.0,0.0,0.0,0.006839048849999999
1034.0,1.1103393885770536,0.0,0.336699057,0.0,0.8520280976547521,0.0,0.25831129092230165,0.0,0.0,0.0,0.0,0.0,0.0,0.0,0.0,0.0,0.0,0.006839048849999999
1035.0,1.095151053983249,0.0,0.323797044,0.0,0.8193791271163317,0.0,0.27577192686691737,0.0,0.0,0.0,0.0,0.0,0.0,0.0,0.0,0.0,0.0,0.006839048849999999
1036.0,1.0665077143073567,0.0,0.311879725,0.0,0.7892219573066318,0.0,0.27728575700072483,0.0,0.0,0.0,0.0,0.0,0.0,0.0,0.0,0.0,0.0,0.006839048849999999
1037.0,1.0291443210933813,0.0,0.302838961,0.0,0.7663440050459411,0.0,0.2628003160474401,0.0,0.0,0.0,0.0,0.0,0.0,0.0,0.0,0.0,0.0,0.006839048849999999
1038.0,0.9934942318986794,0.0,0.294954363,0.0,0.7463917690801823,0.0,0.24710246281849696,0.0,0.0,0.0,0.0,0.0,0.0,0.0,0.0,0.0,0.0,0.006839048849999999
1039.0,0.9659256013166794,0.0,0.290815156,0.0,0.7359173688919775,0.0,0.2300082324247019,0.0,0.0,0.0,0.0,0.0,0.0,0.0,0.0,0.0,0.0,0.006839048849999999
1040.0,0.9498850638782965,0.0,0.289587372,0.0,0.7328104208797918,0.0,0.21707464299850476,0.0,0.0,0.0,0.0,0.0,0.0,0.0,0.0,0.0,0.0,0.006839048849999999
1041.0,0.9432499023856461,0.0,0.292554752,0.0,0.7403194740946891,0.0,0.20293042829095703,0.0,0.0,0.0,0.0,0.0,0.0,0.0,0.0,0.0,0.0,0.006839048849999999
1042.0,0.9467610640588375,0.0,0.296973683,0.0,0.7515017251147672,0.0,0.1952593389440703,0.0,0.0,0.0,0.0,0.0,0.0,0.0,0.0,0.0,0.0,0.006839048849999999
1043.0,0.9636137523569869,0.000159687,0.299295678,7.736187013720837e-05,0.7573776102456657,0.0,0.20615878024118384,0.0,0.0,0.0,0.0,0.0,0.0,0.0,0.0,0.0,0.0,0.006839048849999999
1044.0,0.9926642803789798,0.010638752,0.300298737,0.005154043539210868,0.7599158842141772,0.0,0.2275943526255918,0.0,0.0,0.0,0.0,0.0,0.0,0.0,0.0,0.0,0.0,0.006839048849999999
1045.0,1.0296249359118002,0.060028529,0.301254656,0.029081385867513618,0.7623348688538701,0.0,0.23820868119041638,0.0,0.0,0.0,0.0,0.0,0.0,0.0,0.0,0.0,0.0,0.006839048849999999
1046.0,1.0605000225776107,0.165241208,0.271315195,0.08005265847947196,0.6865720727595566,0.0,0.29387529133858226,0.0,0.0,0.0,0.0,0.0,0.0,0.0,0.0,0.0,0.0,0.006839048849999999
1047.0,1.0806435901322233,0.304616364,0.23456129,0.14757426461413012,0.5935651007841837,0.0,0.33950422473390957,0.0,0.0,0.0,0.0,0.0,0.0,0.0,0.0,0.0,0.0,0.006839048849999999
1048.0,1.081635972423831,0.431825256,0.237036214,0.20920180964410856,0.5998279778066165,0.0,0.27260618497310596,0.0,0.0,0.0,0.0,0.0,0.0,0.0,0.0,0.0,0.0,0.006839048849999999
1049.0,1.0699231981833517,0.517706817,0.26368823,0.25080794019489067,0.667271785619669,0.0,0.151843472368792,0.0,0.0,0.0,0.0,0.0,0.0,0.0,0.0,0.0,0.0,0.006839048849999999
1050.0,1.0514996101454686,0.550224053,0.283837281,0.26656122122999654,0.7182596254611051,0.0,0.06667876345436682,0.0,0.0,0.0,0.0,0.0,0.0,0.0,0.0,0.0,0.0,0.006839048849999999
1051.0,1.0304148364466126,0.528133141,0.299366624,0.2558590709901117,0.757557141444698,0.0,0.016998624011802858,0.0,0.0,0.0,0.0,0.0,0.0,0.0,0.0,0.0,0.0,0.006839048849999999
1052.0,1.0167618002726755,0.454440779,0.304580379,0.22015811262062546,0.7707507208799025,0.0,0.025852966772147584,0.0,0.0,0.0,0.0,0.0,0.0,0.0,0.0,0.0,0.0,0.006839048849999999
1053.0,1.0078681908002072,0.337385247,0.286513605,0.16344945840690836,0.7250321518434043,0.0,0.11938658054989452,0.0,0.0,0.0,0.0,0.0,0.0,0.0,0.0,0.0,0.0,0.006839048849999999
1054.0,1.0143453731858196,0.201395554,0.246215926,0.09756797168685702,0.6230575425760196,0.0,0.2937198589229429,0.0,0.0,0.0,0.0,0.0,0.0,0.0,0.0,0.0,0.0,0.006839048849999999
1055.0,1.0395710041532067,0.081054379,0.229543638,0.03926755679704716,0.580867766475185,0.0,0.4194356808809745,0.0,0.0,0.0,0.0,0.0,0.0,0.0,0.0,0.0,0.0,0.006839048849999999
1056.0,1.086375373632856,0.014186116,0.244938793,0.006872597417093277,0.6198257152874684,0.0,0.4596770609282944,0.0,0.0,0.0,0.0,0.0,0.0,0.0,0.0,0.0,0.0,0.006839048849999999
1057.0,1.116987901064616,0.000209977,0.265708601,0.00010172533397083423,0.6723844012445082,0.0,0.4445017744861368,0.0,0.0,0.0,0.0,0.0,0.0,0.0,0.0,0.0,0.0,0.006839048849999999
1058.0,1.1244263140869912,0.0,0.29274081,0.0,0.7407903000162285,0.0,0.3836360140707627,0.0,0.0,0.0,0.0,0.0,0.0,0.0,0.0,0.0,0.0,0.006839048849999999
1059.0,1.1184964994945088,0.0,0.325075737,0.0,0.8226149020364689,0.0,0.29588159745803994,0.0,0.0,0.0,0.0,0.0,0.0,0.0,0.0,0.0,0.0,0.006839048849999999
1060.0,1.0987957206059384,0.0,0.357323834,0.0,0.9042197778704275,0.0,0.194575942735511,0.0,0.0,0.0,0.0,0.0,0.0,0.0,0.0,0.0,0.0,0.006839048849999999
1061.0,1.0669749791307883,0.0,0.38922138,0.0,0.9849375728069156,0.0,0.08203740632387269,0.0,0.0,0.0,0.0,0.0,0.0,0.0,0.0,0.0,0.0,0.006839048849999999
1062.0,1.0337813690077535,0.0,0.421394066,0.0,1.0337813690077535,0.0,0.0,0.0,0.0,0.0,0.0,0.0,0.0,0.0,0.03257024960394043,0.0,0.0,3.675e-09
1063.0,1.0110455925994652,0.0,0.454567208,0.0,1.0110455925994652,0.0,0.0,0.0,0.0,0.0,0.0,0.0,0.0,0.0,0.139251758807943,0.0,0.0,3.675e-09
1064.0,0.9951140839531913,0.0,0.491019014,0.0,0.9951140839531912,0.0,0.0,0.0,0.0,0.0,0.0,0.0,0.0,0.0,0.24742576792032311,0.0,0.0,3.675e-09
1065.0,0.9875577428086656,0.0,0.52533731,0.0,0.9875577428086656,0.0,0.0,0.0,0.0,0.0,0.0,0.0,0.0,0.0,0.34182569192535167,0.0,0.0,3.675e-09
1066.0,0.9850367365947218,0.0,0.556100496,0.0,0.9850367365947218,0.0,0.0,0.0,0.0,0.0,0.0,0.0,0.0,0.0,0.42219395758492956,0.0,0.0,3.675e-09
1067.0,0.9937968421176169,0.000190167,0.587216913,9.212819301748112e-05,0.9937047139245994,0.0,0.0,0.0,0.0,0.0,0.0,0.0,0.0,0.0,0.49226710242677807,0.0,0.0,3.675e-09
1068.0,1.015230951517829,0.010789146,0.615856862,0.005226903328031595,1.0100040481897974,0.0,0.0,0.0,0.0,0.0,0.0,0.0,0.0,0.0,0.5484421061678165,0.0,0.0,3.675e-09
1069.0,1.0410751519181536,0.060591737,0.631078243,0.029354237284073745,1.0117209146340798,0.0,0.0,0.0,0.0,0.0,0.0,0.0,0.0,0.0,0.5852434476824839,0.0,0.0,3.675e-09
1070.0,1.0642203415050533,0.165272852,0.667767235,0.0800679887131079,0.9841523527919455,0.0,0.0,0.0,0.0,0.0,0.0,0.0,0.0,0.0,0.7056547170069574,0.0,0.0,3.675e-09
1071.0,1.0745357709402596,0.299444358,0.684814631,0.1450686376280833,0.9294671333121762,0.0,0.0,0.0,0.0,0.0,0.0,0.0,0.0,0.0,0.8034789357855786,0.0,0.0,3.675e-09
1072.0,1.0707197732156952,0.419159577,0.699687646,0.20306580224214368,0.8676539709735515,0.0,0.0,0.0,0.0,0.0,0.0,0.0,0.0,0.0,0.9029287544004357,0.0,0.0,3.675e-09
1073.0,1.0559497521304686,0.500766784,0.73916687,0.24260118176705353,0.813348570363415,0.0,0.0,0.0,0.0,0.0,0.0,0.0,0.0,0.0,1.057137636835904,0.0,0.0,3.675e-09
1074.0,1.0416937213510913,0.53408855,0.76337471,0.2587442249329621,0.7829494964181292,0.0,0.0,0.0,0.0,0.0,0.0,0.0,0.0,0.0,1.1487954504025801,0.0,0.0,3.675e-09
1075.0,1.0267278940065254,0.513250936,0.771025781,0.24864924670532138,0.778078647301204,0.0,0.0,0.0,0.0,0.0,0.0,0.0,0.0,0.0,1.1730275876895264,0.0,0.0,3.675e-09
1076.0,1.0126253926691655,0.440888604,0.762282292,0.21359263388768712,0.7990327587814784,0.0,0.0,0.0,0.0,0.0,0.0,0.0,0.0,0.0,1.1299477881663087,0.0,0.0,3.675e-09
1077.0,1.0098663053784098,0.327874773,0.736932336,0.15884201976424303,0.8510242856141668,0.0,0.0,0.0,0.0,0.0,0.0,0.0,0.0,0.0,1.0138073594069017,0.0,0.0,3.675e-09
1078.0,1.0176073276197974,0.194485973,0.706640226,0.09422056013786104,0.9233867674819364,0.0,0.0,0.0,0.0,0.0,0.0,0.0,0.0,0.0,0.8647896914889718,0.0,0.0,3.675e-09
1079.0,1.0444439093118052,0.079412074,0.683934982,0.03847192668228711,1.0059719826295181,0.0,0.0,0.0,0.0,0.0,0.0,0.0,0.0,0.0,0.7247481055856296,0.0,0.0,3.675e-09
1080.0,1.084813374223089,0.016417176,0.682873165,0.007953455433013921,1.0768599187900751,0.0,0.0,0.0,0.0,0.0,0.0,0.0,0.0,0.0,0.6511732063945597,0.0,0.0,3.675e-09
1081.0,1.106723648776699,0.00034696,0.690272976,0.00016808803761612294,1.1065555607390827,0.0,0.0,0.0,0.0,0.0,0.0,0.0,0.0,0.0,0.6402030308769439,0.0,0.0,3.675e-09
1082.0,1.1056311390228737,0.0,0.676076137,0.0,1.1056311390228737,0.0,0.0,0.0,0.0,0.0,0.0,0.0,0.0,0.0,0.6052018820446118,0.0,0.0,3.675e-09
1083.0,1.0856500002403198,0.0,0.647042206,0.0,1.0856500002403198,0.0,0.0,0.0,0.0,0.0,0.0,0.0,0.0,0.0,0.5517116983417886,0.0,0.0,3.675e-09
1084.0,1.0552533045603423,0.0,0.61704206,0.0,1.0552533045603423,0.0,0.0,0.0,0.0,0.0,0.0,0.0,0.0,0.0,0.5061920325282298,0.0,0.0,3.675e-09
1085.0,1.0157226924986495,0.0,0.586713667,0.0,1.0157226924986495,0.0,0.0,0.0,0.0,0.0,0.0,0.0,0.0,0.0,0.4689756432084613,0.0,0.0,3.675e-09
1086.0,0.9763901105288814,0.0,0.550747019,0.0,0.9763901105288814,0.0,0.0,0.0,0.0,0.0,0.0,0.0,0.0,0.0,0.41729343307425854,0.0,0.0,3.675e-09
1087.0,0.9485566968802451,0.0,0.512879703,0.0,0.9485566968802451,0.0,0.0,0.0,0.0,0.0,0.0,0.0,0.0,0.0,0.34930235139390603,0.0,0.0,3.675e-09
1088.0,0.9275631513135649,0.0,0.481886233,0.0,0.9275631513135649,0.0,0.0,0.0,0.0,0.0,0.0,0.0,0.0,0.0,0.29186589623795384,0.0,0.0,3.675e-09
1089.0,0.9210036421256677,0.0,0.454870172,0.0,0.9210036421256677,0.0,0.0,0.0,0.0,0.0,0.0,0.0,0.0,0.0,0.23006036970211072,0.0,0.0,3.675e-09
1090.0,0.9264617412297731,0.0,0.432786348,0.0,0.9264617412297731,0.0,0.0,0.0,0.0,0.0,0.0,0.0,0.0,0.0,0.16871842370127235,0.0,0.0,3.675e-09
1091.0,0.9487213524846636,9.68e-05,0.415708271,4.6895671089580056e-05,0.948674456813574,0.0,0.0,0.0,0.0,0.0,0.0,0.0,0.0,0.0,0.10328906953356433,0.0,0.0,3.675e-09
1092.0,0.9995130487909024,0.010818502,0.402016879,0.005241125118532687,0.9942719236723697,0.0,0.0,0.0,0.0,0.0,0.0,0.0,0.0,0.0,0.023045082473776367,0.0,0.0,3.675e-09
1093.0,1.0514106068458033,0.060818161,0.400654113,0.029463930521995103,1.0138684817193948,0.0,0.00807819460441333,0.0,0.0,0.0,0.0,0.0,0.0,0.0,0.0,0.0,0.0,0.006839048849999999
1094.0,1.0831601456812212,0.151967236,0.38854217,0.0736219578083532,0.9832188094418964,0.0,0.026319378430971437,0.0,0.0,0.0,0.0,0.0,0.0,0.0,0.0,0.0,0.0,0.006839048849999999
1095.0,1.1032213864335492,0.275778712,0.372857745,0.13360359268037217,0.9435288533290743,0.0,0.02608894042410254,0.0,0.0,0.0,0.0,0.0,0.0,0.0,0.0,0.0,0.0,0.006839048849999999
1096.0,1.115764112193728,0.394049927,0.37465982,0.1909011959655479,0.9248629162281802,0.0,0.0,0.0,0.0,0.0,0.0,0.0,0.0,0.0,0.023226147479152345,0.0,0.0,3.675e-09
1097.0,1.1183585448799898,0.473702708,0.368812113,0.2294897354195391,0.8888688094604507,0.0,0.0,0.0,0.0,0.0,0.0,0.0,0.0,0.0,0.04442243831224329,0.0,0.0,3.675e-09
1098.0,1.1113962980109375,0.5014607,0.352619218,0.24293735590444815,0.8684589421064893,0.0,0.0,0.0,0.0,0.0,0.0,0.0,0.0,0.0,0.023855649404369142,0.0,0.0,3.675e-09
1099.0,1.1026206176605444,0.47442319,0.347121062,0.22983877970567507,0.8727818379548694,0.0,0.0,0.0,0.0,0.0,0.0,0.0,0.0,0.0,0.0056194879857530515,0.0,0.0,3.675e-09
1100.0,1.0916487916400992,0.398999752,0.350350266,0.19329918527495882,0.8865729334454784,0.0,0.011776672919661987,0.0,0.0,0.0,0.0,0.0,0.0,0.0,0.0,0.0,0.0,0.006839048849999999
1101.0,1.0832068721635644,0.290695691,0.356551999,0.14083026355675823,0.902266623879998,0.0,0.04010998472680811,0.0,0.0,0.0,0.0,0.0,0.0,0.0,0.0,0.0,0.0,0.006839048849999999
1102.0,1.0844128613744441,0.174525547,0.354615692,0.08455054389298602,0.8973667349869751,0.0,0.10249558249448291,0.0,0.0,0.0,0.0,0.0,0.0,0.0,0.0,0.0,0.0,0.006839048849999999
1103.0,1.0999839081569605,0.079726394,0.339284252,0.03862420196469287,0.8585700190891105,0.0,0.20278968710315712,0.0,0.0,0.0,0.0,0.0,0.0,0.0,0.0,0.0,0.0,0.006839048849999999
1104.0,1.1258770598721388,0.018469489,0.335523748,0.008947717782403067,0.8490539393653022,0.0,0.2678754027244337,0.0,0.0,0.0,0.0,0.0,0.0,0.0,0.0,0.0,0.0,0.006839048849999999
1105.0,1.1367153819430107,0.000389948,0.338912783,0.0001889139788227228,0.8576300045009266,0.0,0.27889646346326136,0.0,0.0,0.0,0.0,0.0,0.0,0.0,0.0,0.0,0.0,0.006839048849999999
1106.0,1.1277639208257222,0.0,0.332920654,0.0,0.842466723919562,0.0,0.2852971969061602,0.0,0.0,0.0,0.0,0.0,0.0,0.0,0.0,0.0,0.0,0.006839048849999999
1107.0,1.0970023126170414,0.0,0.321773216,0.0,0.8142577634386768,0.0,0.2827445491783645,0.0,0.0,0.0,0.0,0.0,0.0,0.0,0.0,0.0,0.0,0.006839048849999999
1108.0,1.0500332875329734,0.0,0.312812577,0.0,0.7915825701400482,0.0,0.2584507173929252,0.0,0.0,0.0,0.0,0.0,0.0,0.0,0.0,0.0,0.0,0.006839048849999999
1109.0,0.9940794258441862,0.0,0.305588187,0.0,0.7733010123499533,0.0,0.2207784134942329,0.0,0.0,0.0,0.0,0.0,0.0,0.0,0.0,0.0,0.0,0.006839048849999999
1110.0,0.9465007306572222,0.0,0.301421982,0.0,0.7627582928299822,0.0,0.18374243782723998,0.0,0.0,0.0,0.0,0.0,0.0,0.0,0.0,0.0,0.0,0.006839048849999999
1111.0,0.9101942468771307,0.0,0.297392177,0.0,0.752560738020467,0.0,0.15763350885666383,0.0,0.0,0.0,0.0,0.0,0.0,0.0,0.0,0.0,0.0,0.006839048849999999
1112.0,0.8875452479360724,0.0,0.293083281,0.0,0.7416569342065104,0.0,0.145888313729562,0.0,0.0,0.0,0.0,0.0,0.0,0.0,0.0,0.0,0.0,0.006839048849999999
1113.0,0.8740679925290308,0.0,0.288964936,0.0,0.7312353259991671,0.0,0.14283266652986365,0.0,0.0,0.0,0.0,0.0,0.0,0.0,0.0,0.0,0.0,0.006839048849999999
1114.0,0.8758280240305721,0.0,0.289890451,0.0,0.7335773723114647,0.0,0.14225065171910742,0.0,0.0,0.0,0.0,0.0,0.0,0.0,0.0,0.0,0.0,0.006839048849999999
1115.0,0.900018996888954,0.000240342,0.295141547,0.00011643594401871746,0.7468654443819561,0.0,0.15303711656297914,0.0,0.0,0.0,0.0,0.0,0.0,0.0,0.0,0.0,0.0,0.006839048849999999
1116.0,0.9579131205111993,0.011063333,0.29567304,0.005359735800852242,0.7482104049937907,0.0,0.20434297971655627,0.0,0.0,0.0,0.0,0.0,0.0,0.0,0.0,0.0,0.0,0.006839048849999999
1117.0,1.0197945719599586,0.048091475,0.29309764,0.023298367704677296,0.7416932701308317,0.0,0.2548029341244496,0.0,0.0,0.0,0.0,0.0,0.0,0.0,0.0,0.0,0.0,0.006839048849999999
1118.0,1.045872404771999,0.125702515,0.294504315,0.060897766514183924,0.7452529077340596,0.0,0.23972173052375537,0.0,0.0,0.0,0.0,0.0,0.0,0.0,0.0,0.0,0.0,0.006839048849999999
1119.0,1.0512837773937613,0.240454986,0.312841124,0.11649068114985103,0.7916548092675365,0.0,0.1431382869763738,0.0,0.0,0.0,0.0,0.0,0.0,0.0,0.0,0.0,0.0,0.006839048849999999
1120.0,1.050282495772112,0.350557347,0.340488353,0.16983080622879942,0.8616170364866501,0.0,0.018834653056662355,0.0,0.0,0.0,0.0,0.0,0.0,0.0,0.0,0.0,0.0,0.006839048849999999
1121.0,1.041411137624522,0.424038158,0.367978552,0.20542927672520023,0.8359818608993219,0.0,0.0,0.0,0.0,0.0,0.0,0.0,0.0,0.0,0.09520003319879626,0.0,0.0,3.675e-09
1122.0,1.0290464174637495,0.450862493,0.395088998,0.2184245782888026,0.8106218391749469,0.0,0.0,0.0,0.0,0.0,0.0,0.0,0.0,0.0,0.18916393501052148,0.0,0.0,3.675e-09
1123.0,1.0188333413231963,0.431766885,0.426798525,0.2091735312637659,0.8096598100594304,0.0,0.0,0.0,0.0,0.0,0.0,0.0,0.0,0.0,0.2703679707656406,0.0,0.0,3.675e-09
1124.0,1.0117754156570222,0.373987388,0.462097742,0.18118171011672687,0.8305937055402954,0.0,0.0,0.0,0.0,0.0,0.0,0.0,0.0,0.0,0.3387599111727339,0.0,0.0,3.675e-09
1125.0,1.0063707185327162,0.285588995,0.482338771,0.1383562766149145,0.8680144419178016,0.0,0.0,0.0,0.0,0.0,0.0,0.0,0.0,0.0,0.3525597680071791,0.0,0.0,3.675e-09
1126.0,1.0105449512886782,0.183806479,0.476361419,0.08904677875328311,0.921498172535395,0.0,0.0,0.0,0.0,0.0,0.0,0.0,0.0,0.0,0.28395015049536476,0.0,0.0,3.675e-09
1127.0,1.0283655457210459,0.086038924,0.424276738,0.04168236653724562,0.9866831791838003,0.0,0.0,0.0,0.0,0.0,0.0,0.0,0.0,0.0,0.08696313624767896,0.0,0.0,3.675e-09
1128.0,1.0596255694080785,0.019969724,0.371440198,0.009674520748488565,0.9399417037703329,0.0,0.11000934488925708,0.0,0.0,0.0,0.0,0.0,0.0,0.0,0.0,0.0,0.0,0.006839048849999999
1129.0,1.0799983197093856,0.00046211,0.362349942,0.00022387353891741574,0.9169385103670478,0.0,0.16283593580342054,0.0,0.0,0.0,0.0,0.0,0.0,0.0,0.0,0.0,0.0,0.006839048849999999
1130.0,1.0777153965721034,0.0,0.355894271,0.0,0.9006022214263426,0.0,0.17711317514576075,0.0,0.0,0.0,0.0,0.0,0.0,0.0,0.0,0.0,0.0,0.006839048849999999
1131.0,1.0546614361173041,0.0,0.343291915,0.0,0.8687115428354373,0.0,0.1859498932818668,0.0,0.0,0.0,0.0,0.0,0.0,0.0,0.0,0.0,0.0,0.006839048849999999
1132.0,1.0100176099879161,0.0,0.327059189,0.0,0.8276340929109758,0.0,0.1823835170769403,0.0,0.0,0.0,0.0,0.0,0.0,0.0,0.0,0.0,0.0,0.006839048849999999
1133.0,0.9565358011983696,0.0,0.311093661,0.0,0.7872327963611799,0.0,0.16930300483718957,0.0,0.0,0.0,0.0,0.0,0.0,0.0,0.0,0.0,0.0,0.006839048849999999
1134.0,0.9126841014362291,0.0,0.299394725,0.0,0.7576282519544377,0.0,0.15505584948179138,0.0,0.0,0.0,0.0,0.0,0.0,0.0,0.0,0.0,0.0,0.006839048849999999
1135.0,0.8819959206997912,0.0,0.290390145,0.0,0.7348418645022744,0.0,0.14715405619751673,0.0,0.0,0.0,0.0,0.0,0.0,0.0,0.0,0.0,0.0,0.006839048849999999
1136.0,0.8629493125640249,0.0,0.287172047,0.0,0.7266983610976702,0.0,0.13625095146635474,0.0,0.0,0.0,0.0,0.0,0.0,0.0,0.0,0.0,0.0,0.006839048849999999
1137.0,0.8564966063358014,0.0,0.285730022,0.0,0.7230492691504936,0.0,0.13344733718530774,0.0,0.0,0.0,0.0,0.0,0.0,0.0,0.0,0.0,0.0,0.006839048849999999
1138.0,0.8635879074894062,0.0,0.283730802,0.0,0.7179901768305728,0.0,0.14559773065883339,0.0,0.0,0.0,0.0,0.0,0.0,0.0,0.0,0.0,0.0,0.006839048849999999
1139.0,0.8971753559635539,0.000238497,0.286574831,0.00011554211640342538,0.7251870862610168,0.0,0.17187272758613367,0.0,0.0,0.0,0.0,0.0,0.0,0.0,0.0,0.0,0.0,0.006839048849999999
1140.0,0.9685689863177194,0.009486515,0.29185504,0.004595831479611236,0.7385488297407128,0.0,0.22542432509739538,0.0,0.0,0.0,0.0,0.0,0.0,0.0,0.0,0.0,0.0,0.006839048849999999
1141.0,1.0336345140632681,0.05645525,0.293920465,0.027350277223967094,0.7437754560023913,0.0,0.2625087808369098,0.0,0.0,0.0,0.0,0.0,0.0,0.0,0.0,0.0,0.0,0.006839048849999999
1142.0,1.0508899400425726,0.161071469,0.314412497,0.07803258917499474,0.795631220605974,0.0,0.1772261302616039,0.0,0.0,0.0,0.0,0.0,0.0,0.0,0.0,0.0,0.0,0.006839048849999999
1143.0,1.0462973937780329,0.306444618,0.369864127,0.1484599794721075,0.8978374143059253,0.0,0.0,0.0,0.0,0.0,0.0,0.0,0.0,0.0,0.03811598968161719,0.0,0.0,3.675e-09
1144.0,1.0373459326607444,0.435760555,0.423753103,0.21110830228401717,0.8262376303767272,0.0,0.0,0.0,0.0,0.0,0.0,0.0,0.0,0.0,0.2460836093717649,0.0,0.0,3.675e-09
1145.0,1.0252126200791767,0.522280908,0.479652459,0.25302390163156224,0.7721887184476144,0.0,0.0,0.0,0.0,0.0,0.0,0.0,0.0,0.0,0.4415876901307853,0.0,0.0,3.675e-09
1146.0,1.0105316012936907,0.552957796,0.537755789,0.26788560875656103,0.7426459925371296,0.0,0.0,0.0,0.0,0.0,0.0,0.0,0.0,0.0,0.6181628139588747,0.0,0.0,3.675e-09
1147.0,1.0015823650089126,0.529691039,0.595128067,0.2566138093392761,0.7449685556696365,0.0,0.0,0.0,0.0,0.0,0.0,0.0,0.0,0.0,0.7610226974836499,0.0,0.0,3.675e-09
1148.0,0.9939592718896002,0.457028228,0.636924276,0.2214116266419587,0.7725476452476415,0.0,0.0,0.0,0.0,0.0,0.0,0.0,0.0,0.0,0.8392102968912052,0.0,0.0,3.675e-09
1149.0,0.9904881612012959,0.346780154,0.641923555,0.16800090952869753,0.8224872516725984,0.0,0.0,0.0,0.0,0.0,0.0,0.0,0.0,0.0,0.8019215312911909,0.0,0.0,3.675e-09
1150.0,0.9960219126101544,0.218701274,0.604268482,0.10595189062372032,0.890070021986434,0.0,0.0,0.0,0.0,0.0,0.0,0.0,0.0,0.0,0.6390513535782881,0.0,0.0,3.675e-09
1151.0,1.0144699768054266,0.098945742,0.508189844,0.047935195997380664,0.966534780808046,0.0,0.0,0.0,0.0,0.0,0.0,0.0,0.0,0.0,0.3194564241830187,0.0,0.0,3.675e-09
1152.0,1.0489096271242278,0.021157453,0.418938839,0.010249927241541829,1.0386596998826858,0.0,0.0,0.0,0.0,0.0,0.0,0.0,0.0,0.0,0.02147888561641284,0.0,0.0,3.675e-09
1153.0,1.0767897672552071,0.000488089,0.384400537,0.00023645930998390541,0.9727382701804689,0.0,0.1038150377647544,0.0,0.0,0.0,0.0,0.0,0.0,0.0,0.0,0.0,0.0,0.006839048849999999
1154.0,1.0877682677731837,0.0,0.359128114,0.0,0.9087855680741004,0.0,0.17898269969908337,0.0,0.0,0.0,0.0,0.0,0.0,0.0,0.0,0.0,0.0,0.006839048849999999
1155.0,1.0619952700125912,0.0,0.336339833,0.0,0.8511190694439841,0.0,0.21087620056860706,0.0,0.0,0.0,0.0,0.0,0.0,0.0,0.0,0.0,0.0,0.006839048849999999
1156.0,1.0229296969418944,0.0,0.31563137,0.0,0.798715619037992,0.0,0.22421407790390235,0.0,0.0,0.0,0.0,0.0,0.0,0.0,0.0,0.0,0.0,0.006839048849999999
1157.0,0.973259436211891,0.0,0.303072528,0.0,0.7669350540630013,0.0,0.20632438214888965,0.0,0.0,0.0,0.0,0.0,0.0,0.0,0.0,0.0,0.0,0.006839048849999999
1158.0,0.9314659255054345,0.0,0.296587456,0.0,0.7505243649195681,0.0,0.18094156058586633,0.0,0.0,0.0,0.0,0.0,0.0,0.0,0.0,0.0,0.0,0.006839048849999999
1159.0,0.9047806484229332,0.0,0.296421494,0.0,0.7501043925905604,0.0,0.15467625583237268,0.0,0.0,0.0,0.0,0.0,0.0,0.0,0.0,0.0,0.0,0.006839048849999999
1160.0,0.8888357887817471,0.0,0.302388838,0.0,0.7652049539098381,0.0,0.12363083487190893,0.0,0.0,0.0,0.0,0.0,0.0,0.0,0.0,0.0,0.0,0.006839048849999999
1161.0,0.8788808212102988,0.0,0.308841063,0.0,0.7815325226335915,0.0,0.09734829857670715,0.0,0.0,0.0,0.0,0.0,0.0,0.0,0.0,0.0,0.0,0.006839048849999999
1162.0,0.8861879551156109,0.0,0.312504239,0.0,0.7908023106349714,0.0,0.09538564448063941,0.0,0.0,0.0,0.0,0.0,0.0,0.0,0.0,0.0,0.0,0.006839048849999999
1163.0,0.9207700097139521,0.000362834,0.317108315,0.00017577834632351953,0.802453077199898,0.0,0.11814115416773059,0.0,0.0,0.0,0.0,0.0,0.0,0.0,0.0,0.0,0.0,0.006839048849999999
1164.0,0.996542579413385,0.013276125,0.318609038,0.0064317437122329655,0.8062507063770915,0.0,0.18386012932406054,0.0,0.0,0.0,0.0,0.0,0.0,0.0,0.0,0.0,0.0,0.006839048849999999
1165.0,1.0592272813919443,0.071828848,0.327829061,0.034798161472638846,0.8295822794649931,0.0,0.1948468404543125,0.0,0.0,0.0,0.0,0.0,0.0,0.0,0.0,0.0,0.0,0.006839048849999999
1166.0,1.0669260278159345,0.193367143,0.382200489,0.09367853241384083,0.9671709759655963,0.0,0.006076519436497315,0.0,0.0,0.0,0.0,0.0,0.0,0.0,0.0,0.0,0.0,0.006839048849999999
1167.0,1.0513505303684727,0.342859037,0.42451145,0.16610128749217107,0.8852492428763015,0.0,0.0,0.0,0.0,0.0,0.0,0.0,0.0,0.0,0.1889910190326006,0.0,0.0,3.675e-09
1168.0,1.0339883004295698,0.470609748,0.470777128,0.2279913218363446,0.8059969785932252,0.0,0.0,0.0,0.0,0.0,0.0,0.0,0.0,0.0,0.38532011140149863,0.0,0.0,3.675e-09
1169.0,1.0154757090920217,0.555511336,0.511991902,0.2691226952436901,0.7463530138483316,0.0,0.0,0.0,0.0,0.0,0.0,0.0,0.0,0.0,0.5492594246376432,0.0,0.0,3.675e-09
1170.0,0.9979822000360558,0.587788293,0.548369522,0.28475957085572023,0.7132226291803355,0.0,0.0,0.0,0.0,0.0,0.0,0.0,0.0,0.0,0.6744445796455736,0.0,0.0,3.675e-09
1171.0,0.9853081951588142,0.564785278,0.572311847,0.2736155437326967,0.7116926514261176,0.0,0.0,0.0,0.0,0.0,0.0,0.0,0.0,0.0,0.7365614025336698,0.0,0.0,3.675e-09
1172.0,0.9774025183129325,0.491589168,0.573523479,0.23815499931537518,0.7392475189975574,0.0,0.0,0.0,0.0,0.0,0.0,0.0,0.0,0.0,0.7120726098043034,0.0,0.0,3.675e-09
1173.0,0.9718442907466847,0.375583351,0.541578721,0.1819548894134122,0.7898894013332725,0.0,0.0,0.0,0.0,0.0,0.0,0.0,0.0,0.0,0.5805934610049006,0.0,0.0,3.675e-09
1174.0,0.9755178831917843,0.234863385,0.47360096,0.11378177741679145,0.8617361057749929,0.0,0.0,0.0,0.0,0.0,0.0,0.0,0.0,0.0,0.3367267844738037,0.0,0.0,3.675e-09
1175.0,0.9946223429723707,0.10092854,0.400610999,0.04889578115073889,0.9457265618216318,0.0,0.0,0.0,0.0,0.0,0.0,0.0,0.0,0.0,0.06803281849507568,0.0,0.0,3.675e-09
1176.0,1.0327889867161462,0.020898483,0.384379494,0.010124466787594839,0.972685020173122,0.0,0.04997949975542932,0.0,0.0,0.0,0.0,0.0,0.0,0.0,0.0,0.0,0.0,0.006839048849999999
1177.0,1.060448845430322,0.000530667,0.383172039,0.0002570866228315515,0.9696295153676728,0.0,0.09056224343981763,0.0,0.0,0.0,0.0,0.0,0.0,0.0,0.0,0.0,0.0,0.006839048849999999
1178.0,1.0649724148875646,0.0,0.372369264,0.0,0.9422927360055543,0.0,0.12267967888201026,0.0,0.0,0.0,0.0,0.0,0.0,0.0,0.0,0.0,0.0,0.006839048849999999
1179.0,1.0468113850838074,0.0,0.357085997,0.0,0.9036179234771675,0.0,0.14319346160664,0.0,0.0,0.0,0.0,0.0,0.0,0.0,0.0,0.0,0.0,0.006839048849999999
1180.0,1.009063053848685,0.0,0.339134118,0.0,0.8581901000375007,0.0,0.15087295381118432,0.0,0.0,0.0,0.0,0.0,0.0,0.0,0.0,0.0,0.0,0.006839048849999999
1181.0,0.9579620718260529,0.0,0.323409434,0.0,0.8183982671938996,0.0,0.1395638046321532,0.0,0.0,0.0,0.0,0.0,0.0,0.0,0.0,0.0,0.0,0.006839048849999999
1182.0,0.9144396822728248,0.0,0.312139874,0.0,0.7898802729537017,0.0,0.12455940931912317,0.0,0.0,0.0,0.0,0.0,0.0,0.0,0.0,0.0,0.0,0.006839048849999999
1183.0,1.0317454292770991,0.0,0.306110415,0.0,0.774622527572914,0.0,0.25712290170418506,0.0,0.0,0.0,0.0,0.0,0.0,0.0,0.0,0.0,0.0,0.006839048849999999
1184.0,0.869175060878064,0.0,0.304066685,0.0,0.7694508012261427,0.0,0.09972425965192126,0.0,0.0,0.0,0.0,0.0,0.0,0.0,0.0,0.0,0.0,0.006839048849999999
1185.0,0.8661845660081031,0.0,0.300564948,0.0,0.7605895399527046,0.0,0.10559502605539856,0.0,0.0,0.0,0.0,0.0,0.0,0.0,0.0,0.0,0.0,0.006839048849999999
1186.0,1.017747507066827,0.0,0.298357255,0.0,0.7550028998125282,0.0,0.2627446072542987,0.0,0.0,0.0,0.0,0.0,0.0,0.0,0.0,0.0,0.0,0.006839048849999999
1187.0,0.9027024318749564,0.000271544,0.299622535,0.0001315520465945137,0.7582047326926263,0.0,0.14436614713573548,0.0,0.0,0.0,0.0,0.0,0.0,0.0,0.0,0.0,0.0,0.006839048849999999
1188.0,0.9688404448818118,0.013326059,0.308372713,0.00645593470851589,0.7803473474712608,0.0,0.18203716270203515,0.0,0.0,0.0,0.0,0.0,0.0,0.0,0.0,0.0,0.0,0.006839048849999999
1189.0,1.0252037197492103,0.07383903,0.342134449,0.03577201306253755,0.865782536847517,0.0,0.12364916983915564,0.0,0.0,0.0,0.0,0.0,0.0,0.0,0.0,0.0,0.0,0.006839048849999999
1190.0,1.0328290387009578,0.19072675,0.34856848,0.09239936917339425,0.8820640650526339,0.0,0.05836560447492956,0.0,0.0,0.0,0.0,0.0,0.0,0.0,0.0,0.0,0.0,0.006839048849999999
1191.0,1.02609152291373,0.335546346,0.333199864,0.16255858550957053,0.8431732740574385,0.0,0.020359663346720947,0.0,0.0,0.0,0.0,0.0,0.0,0.0,0.0,0.0,0.0,0.006839048849999999
1192.0,1.0182103212253126,0.460917137,0.363101161,0.22329564520974082,0.7949146760155718,0.0,0.0,0.0,0.0,0.0,0.0,0.0,0.0,0.0,0.12392481887217846,0.0,0.0,3.675e-09
1193.0,1.0039253656234504,0.543900996,0.419893493,0.2634979567532128,0.7404274088702375,0.0,0.0,0.0,0.0,0.0,0.0,0.0,0.0,0.0,0.32212696014422315,0.0,0.0,3.675e-09
1194.0,0.9902167026372035,0.57460613,0.449468206,0.27837334791876533,0.7118433547184382,0.0,0.0,0.0,0.0,0.0,0.0,0.0,0.0,0.0,0.4255508035149011,0.0,0.0,3.675e-09
1195.0,0.978893316082892,0.549921338,0.465498007,0.26641456809906805,0.7124787479838239,0.0,0.0,0.0,0.0,0.0,0.0,0.0,0.0,0.0,0.4654793517511819,0.0,0.0,3.675e-09
1196.0,0.9721112986458313,0.473846086,0.470460715,0.22955919624112467,0.7425521024047067,0.0,0.0,0.0,0.0,0.0,0.0,0.0,0.0,0.0,0.4479642940304174,0.0,0.0,3.675e-09
1197.0,0.966969159755651,0.35556666,0.451396602,0.17225761505971635,0.7947115446959347,0.0,0.0,0.0,0.0,0.0,0.0,0.0,0.0,0.0,0.34756248338332774,0.0,0.0,3.675e-09
1198.0,0.9658521738444366,0.214371509,0.39622033,0.10385429521736521,0.8619978786270713,0.0,0.0,0.0,0.0,0.0,0.0,0.0,0.0,0.0,0.1406507685951217,0.0,0.0,3.675e-09
1199.0,0.9769085524996014,0.087515598,0.377723327,0.04239775515512305,0.9345107973444784,0.0,0.0,0.0,0.0,0.0,0.0,0.0,0.0,0.0,0.021330572129965454,0.0,0.0,3.675e-09
1200.0,0.9979933261984575,0.018121113,0.419524893,0.008778943750259437,0.9892143824481981,0.0,0.0,0.0,0.0,0.0,0.0,0.0,0.0,0.0,0.07240723207745044,0.0,0.0,3.675e-09
1201.0,1.0098485047184766,0.000588935,0.424291317,0.00028531510385477104,1.009563189614622,0.0,0.0,0.0,0.0,0.0,0.0,0.0,0.0,0.0,0.06412001845845361,0.0,0.0,3.675e-09
1202.0,1.1486996147475823,0.0,0.408187113,0.0,1.0329309873195613,0.0,0.11576862742802087,0.0,0.0,0.0,0.0,0.0,0.0,0.0,0.0,0.0,0.0,0.006839048849999999
1203.0,0.9852414431840275,0.0,0.396898276,0.0,0.9852414431840275,0.0,0.0,0.0,0.0,0.0,0.0,0.0,0.0,0.0,0.01912276880938684,0.0,0.0,3.675e-09
1204.0,0.952334867452508,0.0,0.386092329,0.0,0.952334867452508,0.0,0.0,0.0,0.0,0.0,0.0,0.0,0.0,0.0,0.02468453832789685,0.0,0.0,3.675e-09
1205.0,0.908420864380677,0.0,0.38092886,0.0,0.908420864380677,0.0,0.0,0.0,0.0,0.0,0.0,0.0,0.0,0.0,0.055532212350373415,0.0,0.0,3.675e-09
1206.0,1.0104626244863937,0.0,0.381664883,0.0,0.9658156072712538,0.0,0.04464701721513989,0.0,0.0,0.0,0.0,0.0,0.0,0.0,0.0,0.0,0.0,0.006839048849999999
1207.0,0.832176579192867,0.0,0.38072019,0.0,0.832176579192867,0.0,0.0,0.0,0.0,0.0,0.0,0.0,0.0,0.0,0.1312484512029137,0.0,0.0,3.675e-09
1208.0,0.8068908717481494,0.0,0.382233588,0.0,0.8068908717481494,0.0,0.0,0.0,0.0,0.0,0.0,0.0,0.0,0.0,0.16036386233145997,0.0,0.0,3.675e-09
1209.0,0.7937184513925559,0.0,0.381170495,0.0,0.7937184513925559,0.0,0.0,0.0,0.0,0.0,0.0,0.0,0.0,0.0,0.17084609069634618,0.0,0.0,3.675e-09
1210.0,0.788113497343965,0.0,0.384867216,0.0,0.788113497343965,0.0,0.0,0.0,0.0,0.0,0.0,0.0,0.0,0.0,0.18580571947807836,0.0,0.0,3.675e-09
1211.0,0.7932979130514677,0.00034354,0.387846576,0.00016643118642680098,0.7931314818650409,0.0,0.0,0.0,0.0,0.0,0.0,0.0,0.0,0.0,0.18832710395805274,0.0,0.0,3.675e-09
1212.0,0.8146452449844495,0.015233729,0.393517743,0.007380123395163195,0.8072651215892862,0.0,0.0,0.0,0.0,0.0,0.0,0.0,0.0,0.0,0.18854453986064637,0.0,0.0,3.675e-09
1213.0,0.8409300092183061,0.068464414,0.399582818,0.03316822975500868,0.8077617794632974,0.0,0.0,0.0,0.0,0.0,0.0,0.0,0.0,0.0,0.20339575483316785,0.0,0.0,3.675e-09
1214.0,0.8681938047488581,0.162207321,0.394412305,0.0785828633671274,0.7896109413817307,0.0,0.0,0.0,0.0,0.0,0.0,0.0,0.0,0.0,0.20846243879045032,0.0,0.0,3.675e-09
1215.0,0.8903799885315059,0.281022197,0.392216398,0.13614384834073526,0.7542361401907707,0.0,0.0,0.0,0.0,0.0,0.0,0.0,0.0,0.0,0.2382804247039718,0.0,0.0,3.675e-09
1216.0,0.8988152335105094,0.390311047,0.46059302,0.1890898603589011,0.7097253731516083,0.0,0.0,0.0,0.0,0.0,0.0,0.0,0.0,0.0,0.45582049478248915,0.0,0.0,3.675e-09
1217.0,0.8962719769716118,0.461613045,0.536456253,0.2236327843902843,0.6726391925813275,0.0,0.0,0.0,0.0,0.0,0.0,0.0,0.0,0.0,0.6848810950938066,0.0,0.0,3.675e-09
1218.0,0.888312897146006,0.483318561,0.572295656,0.23414822591059026,0.6541646712354158,0.0,0.0,0.0,0.0,0.0,0.0,0.0,0.0,0.0,0.7940484108634698,0.0,0.0,3.675e-09
1219.0,0.8777438098066408,0.455195708,0.605245298,0.2205238450801294,0.6572199647265113,0.0,0.0,0.0,0.0,0.0,0.0,0.0,0.0,0.0,0.8743732760274224,0.0,0.0,3.675e-09
1220.0,0.86633809545012,0.386373567,0.629478142,0.1871823111130147,0.6791557843371052,0.0,0.0,0.0,0.0,0.0,0.0,0.0,0.0,0.0,0.9137594694870473,0.0,0.0,3.675e-09
1221.0,0.8576647683943799,0.284122592,0.629758857,0.1376458638796586,0.7200189045147213,0.0,0.0,0.0,0.0,0.0,0.0,0.0,0.0,0.0,0.8736067078995748,0.0,0.0,3.675e-09
1222.0,0.8566479109453078,0.169852541,0.589260438,0.0822866621535683,0.7743612487917395,0.0,0.0,0.0,0.0,0.0,0.0,0.0,0.0,0.0,0.7167817751471306,0.0,0.0,3.675e-09
1223.0,0.8673772042240706,0.075893939,0.540314954,0.03676753306856046,0.8306096711555101,0.0,0.0,0.0,0.0,0.0,0.0,0.0,0.0,0.0,0.5366751869990963,0.0,0.0,3.675e-09
1224.0,0.8958336379705903,0.018594037,0.532343617,0.009008056233259112,0.8868255817373312,0.0,0.0,0.0,0.0,0.0,0.0,0.0,0.0,0.0,0.46028754454374377,0.0,0.0,3.675e-09
1225.0,0.9143039524908164,0.000692207,0.528832575,0.00033534619625934865,0.913968606294557,0.0,0.0,0.0,0.0,0.0,0.0,0.0,0.0,0.0,0.42425971210288344,0.0,0.0,3.675e-09
1226.0,0.9130289874725641,0.0,0.518100324,0.0,0.9130289874725641,0.0,0.0,0.0,0.0,0.0,0.0,0.0,0.0,0.0,0.39804101487683535,0.0,0.0,3.675e-09
1227.0,0.9012249850999091,0.0,0.51056028,0.0,0.901224985099909,0.0,0.0,0.0,0.0,0.0,0.0,0.0,0.0,0.0,0.39076468657439417,0.0,0.0,3.675e-09
1228.0,0.876802604662322,0.0,0.513888266,0.0,0.8768026046623221,0.0,0.0,0.0,0.0,0.0,0.0,0.0,0.0,0.0,0.4236086456343462,0.0,0.0,3.675e-09
1229.0,0.8422984282011692,0.0,0.513990375,0.0,0.8422984282011692,0.0,0.0,0.0,0.0,0.0,0.0,0.0,0.0,0.0,0.4583712122965249,0.0,0.0,3.675e-09
1230.0,0.8066216380165676,0.0,0.504514162,0.0,0.8066216380165676,0.0,0.0,0.0,0.0,0.0,0.0,0.0,0.0,0.0,0.47006813212657056,0.0,0.0,3.675e-09
1231.0,0.7789573296373709,0.0,0.493418341,0.0,0.7789573296373709,0.0,0.0,0.0,0.0,0.0,0.0,0.0,0.0,0.0,0.4696540985502456,0.0,0.0,3.675e-09
1232.0,0.7569424769565978,0.0,0.480380093,0.0,0.7569424769565978,0.0,0.0,0.0,0.0,0.0,0.0,0.0,0.0,0.0,0.458675233520099,0.0,0.0,3.675e-09
1233.0,0.7459528502762194,0.0,0.457696667,0.0,0.7459528502762194,0.0,0.0,0.0,0.0,0.0,0.0,0.0,0.0,0.0,0.4122637006151913,0.0,0.0,3.675e-09
1234.0,0.7412201245646503,0.0,0.434931159,0.0,0.7412201245646503,0.0,0.0,0.0,0.0,0.0,0.0,0.0,0.0,0.0,0.3593875555261986,0.0,0.0,3.675e-09
1235.0,0.7456502410572067,0.000535416,0.407596152,0.000259387320579531,0.7453908537366271,0.0,0.0,0.0,0.0,0.0,0.0,0.0,0.0,0.0,0.2860446872306205,0.0,0.0,3.675e-09
1236.0,0.7606583452190948,0.01165172,0.381961936,0.005644785420949193,0.7550135597981457,0.0,0.0,0.0,0.0,0.0,0.0,0.0,0.0,0.0,0.21155374991251427,0.0,0.0,3.675e-09
1237.0,0.7829980584437595,0.049391407,0.356124222,0.023928131997144445,0.7590699264466151,0.0,0.0,0.0,0.0,0.0,0.0,0.0,0.0,0.0,0.14211419358921423,0.0,0.0,3.675e-09
1238.0,0.9545999899298573,0.134962674,0.352290145,0.06538393769911383,0.8892160522307434,0.0,0.0,0.0,0.0,0.0,0.0,0.0,0.0,0.0,0.002265809171876221,0.0,0.0,3.675e-09
1239.0,0.8387961658580195,0.257822702,0.373451445,0.12490463463242579,0.7138915312255938,0.0,0.0,0.0,0.0,0.0,0.0,0.0,0.0,0.0,0.2311396995858672,0.0,0.0,3.675e-09
1240.0,0.8552260909825701,0.369408011,0.405010451,0.17896318782760304,0.6762629031549671,0.0,0.0,0.0,0.0,0.0,0.0,0.0,0.0,0.0,0.3486294359281897,0.0,0.0,3.675e-09
1241.0,0.8631962949707279,0.4463893,0.422012528,0.21625749783789133,0.6469387971328365,0.0,0.0,0.0,0.0,0.0,0.0,0.0,0.0,0.0,0.4209778600210703,0.0,0.0,3.675e-09
1242.0,0.8671680469698195,0.477567634,0.434541626,0.23136213519724125,0.6358059117725784,0.0,0.0,0.0,0.0,0.0,0.0,0.0,0.0,0.0,0.463816042180749,0.0,0.0,3.675e-09
1243.0,0.8651432324016418,0.460576119,0.451061251,0.2231304358299513,0.6420127965716905,0.0,0.0,0.0,0.0,0.0,0.0,0.0,0.0,0.0,0.499412614712733,0.0,0.0,3.675e-09
1244.0,0.8610335257880314,0.400277687,0.477193521,0.1939182929137384,0.667115232874293,0.0,0.0,0.0,0.0,0.0,0.0,0.0,0.0,0.0,0.5404387517832969,0.0,0.0,3.675e-09
1245.0,0.8600789706487251,0.307706504,0.49842316,0.14907131202178256,0.7110076586269425,0.0,0.0,0.0,0.0,0.0,0.0,0.0,0.0,0.0,0.5502686295388126,0.0,0.0,3.675e-09
1246.0,0.8662268418255006,0.196493581,0.507282729,0.09519316472923303,0.7710336770962676,0.0,0.0,0.0,0.0,0.0,0.0,0.0,0.0,0.0,0.5126620433909482,0.0,0.0,3.675e-09
1247.0,0.8856183369975267,0.089521672,0.498972994,0.043369616585756915,0.8422487204117698,0.0,0.0,0.0,0.0,0.0,0.0,0.0,0.0,0.0,0.4204189408728176,0.0,0.0,3.675e-09
1248.0,0.9183268816371967,0.022437535,0.489178657,0.01087007501467914,0.9074568066225175,0.0,0.0,0.0,0.0,0.0,0.0,0.0,0.0,0.0,0.3304259610058351,0.0,0.0,3.675e-09
1249.0,0.94473624949066,0.000883976,0.500017857,0.0004282504932549858,0.944307998997405,0.0,0.0,0.0,0.0,0.0,0.0,0.0,0.0,0.0,0.3210037226600625,0.0,0.0,3.675e-09
1250.0,0.9456641046399914,0.0,0.49924122,0.0,0.9456641046399915,0.0,0.0,0.0,0.0,0.0,0.0,0.0,0.0,0.0,0.3176823114072549,0.0,0.0,3.675e-09
1251.0,0.9300396548777512,0.0,0.479004921,0.0,0.9300396548777512,0.0,0.0,0.0,0.0,0.0,0.0,0.0,0.0,0.0,0.2820981373789546,0.0,0.0,3.675e-09
1252.0,0.8982456143925005,0.0,0.453322727,0.0,0.8982456143925005,0.0,0.0,0.0,0.0,0.0,0.0,0.0,0.0,0.0,0.2489025366920879,0.0,0.0,3.675e-09
1253.0,1.0003941774578908,0.0,0.428773723,0.0,1.0003941774578908,0.0,0.0,0.0,0.0,0.0,0.0,0.0,0.0,0.0,0.08463190722174511,0.0,0.0,3.675e-09
1254.0,0.8156287259461658,0.0,0.408099936,0.0,0.8156287259461658,0.0,0.0,0.0,0.0,0.0,0.0,0.0,0.0,0.0,0.21708165709213903,0.0,0.0,3.675e-09
1255.0,0.7861621102480302,0.0,0.391346633,0.0,0.7861621102480302,0.0,0.0,0.0,0.0,0.0,0.0,0.0,0.0,0.0,0.20415348555294763,0.0,0.0,3.675e-09
1256.0,0.9119342518863037,0.0,0.384679052,0.0,0.9119342518863037,0.0,0.0,0.0,0.0,0.0,0.0,0.0,0.0,0.0,0.06150880971155945,0.0,0.0,3.675e-09
1257.0,0.7602600572029605,0.0,0.377075935,0.0,0.7602600572029605,0.0,0.0,0.0,0.0,0.0,0.0,0.0,0.0,0.0,0.19394306540761708,0.0,0.0,3.675e-09
1258.0,0.7705154101608359,0.0,0.376742172,0.0,0.7705154101608359,0.0,0.0,0.0,0.0,0.0,0.0,0.0,0.0,0.0,0.1828431141414147,0.0,0.0,3.675e-09
1259.0,0.8041228831275026,0.00033845,0.379517436,0.00016396528801930138,0.8039589178394833,0.0,0.0,0.0,0.0,0.0,0.0,0.0,0.0,0.0,0.15642250378680028,0.0,0.0,3.675e-09
1260.0,0.8742370977984703,0.010785677,0.379744156,0.005225222738331081,0.8690118750601391,0.0,0.0,0.0,0.0,0.0,0.0,0.0,0.0,0.0,0.09194326902328893,0.0,0.0,3.675e-09
1261.0,0.9385928289788301,0.053949881,0.382178308,0.02613652763117753,0.9124563013476525,0.0,0.0,0.0,0.0,0.0,0.0,0.0,0.0,0.0,0.0546585448639657,0.0,0.0,3.675e-09
1262.0,0.9659278261491898,0.141479978,0.407461873,0.06854130696331637,0.8973865191858734,0.0,0.0,0.0,0.0,0.0,0.0,0.0,0.0,0.0,0.1337092243315553,0.0,0.0,3.675e-09
1263.0,0.9782814211474856,0.262605099,0.438335857,0.1272215118713906,0.851059909276095,0.0,0.0,0.0,0.0,0.0,0.0,0.0,0.0,0.0,0.2581634716898203,0.0,0.0,3.675e-09
1264.0,0.9853170954887807,0.375877609,0.449273661,0.18209744547109274,0.8032196500176879,0.0,0.0,0.0,0.0,0.0,0.0,0.0,0.0,0.0,0.3336822056599652,0.0,0.0,3.675e-09
1265.0,0.9824289539134726,0.453753174,0.44828688,0.21982499590658047,0.7626039580068922,0.0,0.0,0.0,0.0,0.0,0.0,0.0,0.0,0.0,0.37180081571952794,0.0,0.0,3.675e-09
1266.0,1.1207571723068372,0.486752223,0.452343513,0.23581169578440006,0.8849454765224372,0.0,0.0,0.0,0.0,0.0,0.0,0.0,0.0,0.0,0.2597247411546427,0.0,0.0,3.675e-09
1267.0,0.9688871713641548,0.467784285,0.459581687,0.22662249969250395,0.7422646716716509,0.0,0.0,0.0,0.0,0.0,0.0,0.0,0.0,0.0,0.42072198466333155,0.0,0.0,3.675e-09
1268.0,0.9623766134911113,0.403401606,0.468913965,0.19543170487587158,0.7669449086152397,0.0,0.0,0.0,0.0,0.0,0.0,0.0,0.0,0.0,0.41965738579717665,0.0,0.0,3.675e-09
1269.0,0.9567338332901437,0.305609833,0.471769231,0.14805556002179227,0.8086782732683514,0.0,0.0,0.0,0.0,0.0,0.0,0.0,0.0,0.0,0.38514936617459267,0.0,0.0,3.675e-09
1270.0,0.9605787558371933,0.195311166,0.466065696,0.09462033265349559,0.8659584231836978,0.0,0.0,0.0,0.0,0.0,0.0,0.0,0.0,0.0,0.31343623233806667,0.0,0.0,3.675e-09
1271.0,0.9768262246973921,0.090274942,0.454229083,0.043734545327096246,0.9330916793702959,0.0,0.0,0.0,0.0,0.0,0.0,0.0,0.0,0.0,0.21635003554354296,0.0,0.0,3.675e-09
1272.0,1.0129035267307138,0.022255789,0.435273046,0.010782026454370805,1.002121500276343,0.0,0.0,0.0,0.0,0.0,0.0,0.0,0.0,0.0,0.09935133617347608,0.0,0.0,3.675e-09
1273.0,1.0376796935346024,0.000904775,0.433158089,0.00043832676456688843,1.0372413667700355,0.0,0.0,0.0,0.0,0.0,0.0,0.0,0.0,0.0,0.05887950105418823,0.0,0.0,3.675e-09
1274.0,1.0355502998393369,0.0,0.432230674,0.0,1.0355502998393369,0.0,0.0,0.0,0.0,0.0,0.0,0.0,0.0,0.0,0.05822371365976013,0.0,0.0,3.675e-09
1275.0,1.0132706640919276,0.0,0.425432077,0.0,1.0132706640919276,0.0,0.0,0.0,0.0,0.0,0.0,0.0,0.0,0.0,0.06329927488363647,0.0,0.0,3.675e-09
1276.0,0.9716618344823331,0.0,0.424691131,0.0,0.9716618344823331,0.0,0.0,0.0,0.0,0.0,0.0,0.0,0.0,0.0,0.10303311613873462,0.0,0.0,3.675e-09
1277.0,0.917494704285062,0.0,0.428562618,0.0,0.917494704285062,0.0,0.0,0.0,0.0,0.0,0.0,0.0,0.0,0.0,0.16699717221128405,0.0,0.0,3.675e-09
1278.0,0.8708327390849525,0.0,0.432180128,0.0,0.8708327390849525,0.0,0.0,0.0,0.0,0.0,0.0,0.0,0.0,0.0,0.22281336608969665,0.0,0.0,3.675e-09
1279.0,0.8378215852262697,0.0,0.436049335,0.0,0.8378215852262697,0.0,0.0,0.0,0.0,0.0,0.0,0.0,0.0,0.0,0.26561567620826304,0.0,0.0,3.675e-09
1280.0,0.816870315476987,0.0,0.440346543,0.0,0.816870315476987,0.0,0.0,0.0,0.0,0.0,0.0,0.0,0.0,0.0,0.29744117290100525,0.0,0.0,3.675e-09
1281.0,0.8067262171436557,0.0,0.442462993,0.0,0.8067262171436557,0.0,0.0,0.0,0.0,0.0,0.0,0.0,0.0,0.0,0.3129410179458026,0.0,0.0,3.675e-09
1282.0,0.811156333636212,0.0,0.444578863,0.0,0.8111563336362121,0.0,0.0,0.0,0.0,0.0,0.0,0.0,0.0,0.0,0.3138651804555326,0.0,0.0,3.675e-09
1283.0,0.840785379106331,0.000345706,0.442816761,0.00016748052551337152,0.8406178985808176,0.0,0.0,0.0,0.0,0.0,0.0,0.0,0.0,0.0,0.27994455813099,0.0,0.0,3.675e-09
1284.0,0.91202770485099,0.012342012,0.438480543,0.005979203877434403,0.9060485009735555,0.0,0.0,0.0,0.0,0.0,0.0,0.0,0.0,0.0,0.20354101269981556,0.0,0.0,3.675e-09
1285.0,0.9736577232281005,0.066900131,0.442901165,0.03241039813249813,0.9412473250956023,0.0,0.0,0.0,0.0,0.0,0.0,0.0,0.0,0.0,0.17952871872926465,0.0,0.0,3.675e-09
1286.0,0.9997644818625512,0.169213344,0.429504467,0.08197699715074344,0.9177874847118077,0.0,0.0,0.0,0.0,0.0,0.0,0.0,0.0,0.0,0.1690877718239663,0.0,0.0,3.675e-09
1287.0,1.0137646299052585,0.301556519,0.418284924,0.14609189390436675,0.8676727360008919,0.0,0.0,0.0,0.0,0.0,0.0,0.0,0.0,0.0,0.19081109596713916,0.0,0.0,3.675e-09
1288.0,1.0229252472768735,0.42002344,0.432470365,0.20348430880324347,0.8194409384736301,0.0,0.0,0.0,0.0,0.0,0.0,0.0,0.0,0.0,0.2749396210270348,0.0,0.0,3.675e-09
1289.0,1.0206000473222687,0.501199808,0.460635626,0.2428109643195111,0.7777890830027576,0.0,0.0,0.0,0.0,0.0,0.0,0.0,0.0,0.0,0.387864600823229,0.0,0.0,3.675e-09
1290.0,1.015041820755946,0.532127645,0.49743261,0.2577942460495126,0.7572475747064333,0.0,0.0,0.0,0.0,0.0,0.0,0.0,0.0,0.0,0.5015220939289563,0.0,0.0,3.675e-09
1291.0,1.0099352821857068,0.51147908,0.538344467,0.2477908543892666,0.7621444277964402,0.0,0.0,0.0,0.0,0.0,0.0,0.0,0.0,0.0,0.6001540478448842,0.0,0.0,3.675e-09
1292.0,1.003455874967584,0.443943649,0.561843934,0.2150726791922725,0.7883831957753116,0.0,0.0,0.0,0.0,0.0,0.0,0.0,0.0,0.0,0.6333814581865261,0.0,0.0,3.675e-09
1293.0,0.9987498502459142,0.338696149,0.557063626,0.16408453721912603,0.834665313026788,0.0,0.0,0.0,0.0,0.0,0.0,0.0,0.0,0.0,0.5750026134665085,0.0,0.0,3.675e-09
1294.0,1.0028039290472903,0.215895847,0.529647127,0.10459277510866012,0.8982111539386302,0.0,0.0,0.0,0.0,0.0,0.0,0.0,0.0,0.0,0.44207841523029956,0.0,0.0,3.675e-09
1295.0,1.020083831183984,0.101154923,0.501192126,0.049005454525824346,0.9710783766581595,0.0,0.0,0.0,0.0,0.0,0.0,0.0,0.0,0.0,0.2972048715343673,0.0,0.0,3.675e-09
1296.0,1.0491766360232992,0.026183968,0.492677715,0.012685069743265387,1.0364915662800338,0.0,0.0,0.0,0.0,0.0,0.0,0.0,0.0,0.0,0.21024568332366808,0.0,0.0,3.675e-09
1297.0,1.0691243973185725,0.001151663,0.50065733,0.0005579339798970976,1.0685664633386753,0.0,0.0,0.0,0.0,0.0,0.0,0.0,0.0,0.0,0.19836346589129383,0.0,0.0,3.675e-09
1298.0,1.0649190129077653,0.0,0.511337719,0.0,1.0649190129077653,0.0,0.0,0.0,0.0,0.0,0.0,0.0,0.0,0.0,0.22903799386427967,0.0,0.0,3.675e-09
1299.0,1.0405544851149229,0.0,0.501733936,0.0,1.0405544851149229,0.0,0.0,0.0,0.0,0.0,0.0,0.0,0.0,0.0,0.2290998311990996,0.0,0.0,3.675e-09
1300.0,0.9947558469219441,0.0,0.487059093,0.0,0.9947558469219441,0.0,0.0,0.0,0.0,0.0,0.0,0.0,0.0,0.0,0.23776329391496923,0.0,0.0,3.675e-09
1301.0,0.940900227273577,0.0,0.481430345,0.0,0.940900227273577,0.0,0.0,0.0,0.0,0.0,0.0,0.0,0.0,0.0,0.27737518061870253,0.0,0.0,3.675e-09
1302.0,0.89290321957796,0.0,0.477186263,0.0,0.89290321957796,0.0,0.0,0.0,0.0,0.0,0.0,0.0,0.0,0.0,0.3146323984706232,0.0,0.0,3.675e-09
1303.0,0.8664204232523293,0.0,0.477795909,0.0,0.8664204232523293,0.0,0.0,0.0,0.0,0.0,0.0,0.0,0.0,0.0,0.3426579241589408,0.0,0.0,3.675e-09
1304.0,0.8382465732323788,0.0,0.480083482,0.0,0.8382465732323788,0.0,0.0,0.0,0.0,0.0,0.0,0.0,0.0,0.0,0.37662055330052796,0.0,0.0,3.675e-09
1305.0,0.8276040584207709,0.0,0.487595352,0.0,0.8276040584207709,0.0,0.0,0.0,0.0,0.0,0.0,0.0,0.0,0.0,0.40627210354857823,0.0,0.0,3.675e-09
1306.0,0.8309416651595019,0.0,0.49322732,0.0,0.8309416651595019,0.0,0.0,0.0,0.0,0.0,0.0,0.0,0.0,0.0,0.4171863780709596,0.0,0.0,3.675e-09
1307.0,0.8591288651744398,0.000818678,0.496892705,0.00039661626256482673,0.858732248911875,0.0,0.0,0.0,0.0,0.0,0.0,0.0,0.0,0.0,0.3986711722675132,0.0,0.0,3.675e-09
1308.0,0.9289093189715493,0.015193846,0.496098304,0.0073608017004311126,0.9215485172711182,0.0,0.0,0.0,0.0,0.0,0.0,0.0,0.0,0.0,0.3338446459086316,0.0,0.0,3.675e-09
1309.0,0.9946913207795925,0.068766904,0.482654888,0.0333147738825695,0.9613765468970231,0.0,0.0,0.0,0.0,0.0,0.0,0.0,0.0,0.0,0.2599976075497694,0.0,0.0,3.675e-09
1310.0,1.0209649598509722,0.176468646,0.478282577,0.085491896492144,0.9354730633588283,0.0,0.0,0.0,0.0,0.0,0.0,0.0,0.0,0.0,0.2748368135195094,0.0,0.0,3.675e-09
1311.0,1.0316185998250573,0.317643844,0.51915073,0.15388554991584585,0.8777330499092115,0.0,0.0,0.0,0.0,0.0,0.0,0.0,0.0,0.0,0.4359950395578634,0.0,0.0,3.675e-09
1312.0,1.0390013860351226,0.446028028,0.580854197,0.2160824762171695,0.8229189098179531,0.0,0.0,0.0,0.0,0.0,0.0,0.0,0.0,0.0,0.6469518432940418,0.0,0.0,3.675e-09
1313.0,1.0367496135527607,0.532663218,0.610011481,0.2580537094302199,0.7786959041225409,0.0,0.0,0.0,0.0,0.0,0.0,0.0,0.0,0.0,0.7649583203203505,0.0,0.0,3.675e-09
1314.0,1.026787970483856,0.564938436,0.618078388,0.2736897425673324,0.7530982279165237,0.0,0.0,0.0,0.0,0.0,0.0,0.0,0.0,0.0,0.8109695714451945,0.0,0.0,3.675e-09
1315.0,1.017251315421061,0.541954817,0.617395599,0.2625551120190656,0.7546962034019953,0.0,0.0,0.0,0.0,0.0,0.0,0.0,0.0,0.0,0.8076437758168539,0.0,0.0,3.675e-09
1316.0,0.9937812662901943,0.469309008,0.600126529,0.22736116610067253,0.7664201001895218,0.0,0.0,0.0,0.0,0.0,0.0,0.0,0.0,0.0,0.7522199263431909,0.0,0.0,3.675e-09
1317.0,0.9973769805981055,0.357886924,0.552684886,0.17338168879303242,0.8239952918050732,0.0,0.0,0.0,0.0,0.0,0.0,0.0,0.0,0.0,0.5745920883226753,0.0,0.0,3.675e-09
1318.0,0.9973547302731515,0.226149909,0.489962121,0.10956045195663701,0.8877942783165145,0.0,0.0,0.0,0.0,0.0,0.0,0.0,0.0,0.0,0.35207107087131334,0.0,0.0,3.675e-09
1319.0,1.0101399887750124,0.103427998,0.440787686,0.05010666710394364,0.9600333216710688,0.0,0.0,0.0,0.0,0.0,0.0,0.0,0.0,0.0,0.1553944936560769,0.0,0.0,3.675e-09
1320.0,1.0358818358806843,0.026846452,0.40957873,0.013006016352419408,1.0228758195282648,0.0,0.0,0.0,0.0,0.0,0.0,0.0,0.0,0.0,0.01357670062758838,0.0,0.0,3.675e-09
1321.0,1.056187834207205,0.001172104,0.396017614,0.0005678368147394746,1.0021356676808093,0.0,0.05348432971165625,0.0,0.0,0.0,0.0,0.0,0.0,0.0,0.0,0.0,0.0,0.006839048849999999
1322.0,1.0549284440164508,0.0,0.38599118,0.0,0.976763444891124,0.0,0.07816499912532678,0.0,0.0,0.0,0.0,0.0,0.0,0.0,0.0,0.0,0.0,0.006839048849999999
1323.0,1.0354968988594624,0.0,0.383106711,0.0,0.9694642007034158,0.0,0.06603269815604663,0.0,0.0,0.0,0.0,0.0,0.0,0.0,0.0,0.0,0.0,0.006839048849999999
1324.0,0.995176386262957,0.0,0.379487586,0.0,0.960305885214208,0.0,0.034870501048749024,0.0,0.0,0.0,0.0,0.0,0.0,0.0,0.0,0.0,0.0,0.006839048849999999
1325.0,0.9431631249184159,0.0,0.369681972,0.0,0.9354924547365671,0.0,0.007670670181848877,0.0,0.0,0.0,0.0,0.0,0.0,0.0,0.0,0.0,0.0,0.006839048849999999
1326.0,0.8989999136074468,0.0,0.356394519,0.0,0.8989999136074468,0.0,0.0,0.0,0.0,0.0,0.0,0.0,0.0,0.0,0.0028682019250252685,0.0,0.0,3.675e-09
1327.0,0.8695889247216209,0.0,0.344578345,0.0,0.8695889247216209,0.0,0.0,0.0,0.0,0.0,0.0,0.0,0.0,0.0,0.0023779717682995607,0.0,0.0,3.675e-09
1328.0,0.8506624695405157,0.0,0.33316193,0.0,0.8430772808160424,0.0,0.007585188724473389,0.0,0.0,0.0,0.0,0.0,0.0,0.0,0.0,0.0,0.0,0.006839048849999999
1329.0,0.8442653911245266,0.0,0.320210851,0.0,0.8103041471421146,0.0,0.03396124398241199,0.0,0.0,0.0,0.0,0.0,0.0,0.0,0.0,0.0,0.0,0.006839048849999999
1330.0,0.852909791357932,0.0,0.309047031,0.0,0.782053731468512,0.0,0.07085605988942005,0.0,0.0,0.0,0.0,0.0,0.0,0.0,0.0,0.0,0.0,0.006839048849999999
1331.0,0.8858408432468406,0.000574816,0.306578457,0.0002784750214155791,0.77580692333106,0.0,0.10975544489436512,0.0,0.0,0.0,0.0,0.0,0.0,0.0,0.0,0.0,0.0,0.006839048849999999
1332.0,0.9594239437736022,0.014680775,0.304654217,0.007112239625414563,0.7709375703805669,0.0,0.18137413376762074,0.0,0.0,0.0,0.0,0.0,0.0,0.0,0.0,0.0,0.0,0.006839048849999999
1333.0,1.0247920817380887,0.065881811,0.304014372,0.03191706342398634,0.7693184214497639,0.0,0.22355659686433837,0.0,0.0,0.0,0.0,0.0,0.0,0.0,0.0,0.0,0.0,0.006839048849999999
1334.0,1.0458056527972124,0.167503433,0.290721779,0.08114861467297016,0.7356810753057001,0.0,0.228975962818542,0.0,0.0,0.0,0.0,0.0,0.0,0.0,0.0,0.0,0.0,0.006839048849999999
1335.0,1.047527858146377,0.296986976,0.335861842,0.14387813578910133,0.8499094974123462,0.0,0.05374022494492944,0.0,0.0,0.0,0.0,0.0,0.0,0.0,0.0,0.0,0.0,0.006839048849999999
1336.0,1.045284985993982,0.411221585,0.416827383,0.1992201673047086,0.8460648186892733,0.0,0.0,0.0,0.0,0.0,0.0,0.0,0.0,0.0,0.2087306575805005,0.0,0.0,3.675e-09
1337.0,1.0339749504345823,0.487205345,0.452815964,0.2360312150021217,0.7979437354324606,0.0,0.0,0.0,0.0,0.0,0.0,0.0,0.0,0.0,0.34792203512306163,0.0,0.0,3.675e-09
1338.0,1.0198168232848372,0.516791757,0.46675651,0.2503646307652705,0.7694521925195668,0.0,0.0,0.0,0.0,0.0,0.0,0.0,0.0,0.0,0.4116905906729364,0.0,0.0,3.675e-09
1339.0,1.0091275809909614,0.496997232,0.486647098,0.24077498682131937,0.7683525941696421,0.0,0.0,0.0,0.0,0.0,0.0,0.0,0.0,0.0,0.4631239796959795,0.0,0.0,3.675e-09
1340.0,1.0011262253479583,0.43205279,0.516952018,0.20931204063197736,0.791814184715981,0.0,0.0,0.0,0.0,0.0,0.0,0.0,0.0,0.0,0.5163499913284001,0.0,0.0,3.675e-09
1341.0,0.9966382572105817,0.331065995,0.540955981,0.1603880372981876,0.8362502199123941,0.0,0.0,0.0,0.0,0.0,0.0,0.0,0.0,0.0,0.5326567782631016,0.0,0.0,3.675e-09
1342.0,1.0006678608544932,0.210404948,0.546912368,0.10193265740731608,0.8987352034471772,0.0,0.0,0.0,0.0,0.0,0.0,0.0,0.0,0.0,0.48524462899677184,0.0,0.0,3.675e-09
1343.0,1.0171912389437303,0.096837168,0.517616616,0.04691367747700834,0.9702775614667221,0.0,0.0,0.0,0.0,0.0,0.0,0.0,0.0,0.0,0.3395684017934906,0.0,0.0,3.675e-09
1344.0,1.051012318829669,0.023184016,0.47167621,0.011231714761069853,1.039780604068599,0.0,0.0,0.0,0.0,0.0,0.0,0.0,0.0,0.0,0.1538116426578396,0.0,0.0,3.675e-09
1345.0,1.078943636107937,0.001054736,0.461973645,0.0005109767824621829,1.078432659325475,0.0,0.0,0.0,0.0,0.0,0.0,0.0,0.0,0.0,0.09060692582543262,0.0,0.0,3.675e-09
1346.0,1.0838521425864018,0.0,0.462516546,0.0,1.0838521425864018,0.0,0.0,0.0,0.0,0.0,0.0,0.0,0.0,0.0,0.08656127149757813,0.0,0.0,3.675e-09
1347.0,1.0657578647574315,0.0,0.465226039,0.0,1.0657578647574315,0.0,0.0,0.0,0.0,0.0,0.0,0.0,0.0,0.0,0.11151201096017542,0.0,0.0,3.675e-09
1348.0,1.0301611785424534,0.0,0.462605161,0.0,1.0301611785424534,0.0,0.0,0.0,0.0,0.0,0.0,0.0,0.0,0.0,0.14047647872933472,0.0,0.0,3.675e-09
1349.0,0.9813809448095554,0.0,0.461986605,0.0,0.9813809448095554,0.0,0.0,0.0,0.0,0.0,0.0,0.0,0.0,0.0,0.18769143604991137,0.0,0.0,3.675e-09
1350.0,0.9388553872129559,0.0,0.465090678,0.0,0.9388553872129559,0.0,0.0,0.0,0.0,0.0,0.0,0.0,0.0,0.0,0.23807195301805287,0.0,0.0,3.675e-09
1351.0,0.9120900071607558,0.0,0.465824946,0.0,0.9120900071607558,0.0,0.0,0.0,0.0,0.0,0.0,0.0,0.0,0.0,0.2666954225249221,0.0,0.0,3.675e-09
1352.0,0.8845814530560864,0.0,0.462510769,0.0,0.8845814530560864,0.0,0.0,0.0,0.0,0.0,0.0,0.0,0.0,0.0,0.2858173421383606,0.0,0.0,3.675e-09
1353.0,0.8695488737367337,0.0,0.452899929,0.0,0.8695488737367337,0.0,0.0,0.0,0.0,0.0,0.0,0.0,0.0,0.0,0.2765293730278309,0.0,0.0,3.675e-09
1354.0,0.87934808603373,0.0,0.438725165,0.0,0.87934808603373,0.0,0.0,0.0,0.0,0.0,0.0,0.0,0.0,0.0,0.23086045169976624,0.0,0.0,3.675e-09
1355.0,0.9140436190892011,0.000639251,0.422453749,0.000309691163633111,0.913733927925568,0.0,0.0,0.0,0.0,0.0,0.0,0.0,0.0,0.0,0.1552992535590718,0.0,0.0,3.675e-09
1356.0,0.9879204295049338,0.014261183,0.402295406,0.00690896433178007,0.9810114651731537,0.0,0.0,0.0,0.0,0.0,0.0,0.0,0.0,0.0,0.037010362756783446,0.0,0.0,3.675e-09
1357.0,1.0484646126257504,0.071183606,0.395982358,0.03448556791266796,1.002046451206969,0.0,0.011932593506113526,0.0,0.0,0.0,0.0,0.0,0.0,0.0,0.0,0.0,0.0,0.006839048849999999
1358.0,1.1306097865836329,0.184230147,0.398631597,0.08925202870348126,1.0087504381011252,0.0,0.03260731977902637,0.0,0.0,0.0,0.0,0.0,0.0,0.0,0.0,0.0,0.0,0.006839048849999999
1359.0,1.0472986753996822,0.320983192,0.363661438,0.15550332848466453,0.8917953469150177,0.0,0.0,0.0,0.0,0.0,0.0,0.0,0.0,0.0,0.028461947448392214,0.0,0.0,3.675e-09
1360.0,1.029464730972327,0.439923525,0.328708055,0.21312509228273402,0.816339638689593,0.0,0.0,0.0,0.0,0.0,0.0,0.0,0.0,0.0,0.0154669641588479,0.0,0.0,3.675e-09
1361.0,1.0089607005540324,0.522461789,0.302722083,0.2531115311344791,0.7558491694195534,0.0,0.0,0.0,0.0,0.0,0.0,0.0,0.0,0.0,0.010199071982482788,0.0,0.0,3.675e-09
1362.0,0.9867033151315769,0.554187591,0.286990008,0.26848139451924297,0.718221920612334,0.0,0.0,0.0,0.0,0.0,0.0,0.0,0.0,0.0,0.008015784776196655,0.0,0.0,3.675e-09
1363.0,0.9670982140402035,0.529046558,0.282318256,0.2563015844529178,0.7107966295872856,0.0,0.0,0.0,0.0,0.0,0.0,0.0,0.0,0.0,0.0036190528804179688,0.0,0.0,3.675e-09
1364.0,0.9522325141578551,0.454698144,0.285449848,0.22028279551721602,0.72234027957874,0.0,0.009609439061899048,0.0,0.0,0.0,0.0,0.0,0.0,0.0,0.0,0.0,0.0,0.006839048849999999
1365.0,0.941572198686314,0.341507418,0.287946471,0.16544648294607162,0.7286580666382122,0.0,0.047467649102030274,0.0,0.0,0.0,0.0,0.0,0.0,0.0,0.0,0.0,0.0,0.006839048849999999
1366.0,0.9400658250889319,0.211366478,0.286122069,0.10239847966581571,0.7240413570481479,0.0,0.11362598837496839,0.0,0.0,0.0,0.0,0.0,0.0,0.0,0.0,0.0,0.0,0.006839048849999999
1367.0,0.9545755137724682,0.093478717,0.280694479,0.045286644280040665,0.7103066610743781,0.0,0.1989822084180493,0.0,0.0,0.0,0.0,0.0,0.0,0.0,0.0,0.0,0.0,0.006839048849999999
1368.0,0.986514184369694,0.023286538,0.266848895,0.011281382508915368,0.675269952918587,0.0,0.29996284894219155,0.0,0.0,0.0,0.0,0.0,0.0,0.0,0.0,0.0,0.0,0.006839048849999999
1369.0,1.0152176005229168,0.001194404,0.262750424,0.000578640259628913,0.6648986365254342,0.0,0.34974032373785363,0.0,0.0,0.0,0.0,0.0,0.0,0.0,0.0,0.0,0.0,0.006839048849999999
1370.0,1.021089563470579,0.0,0.26675276,0.0,0.6750266801221085,0.0,0.34606288334847046,0.0,0.0,0.0,0.0,0.0,0.0,0.0,0.0,0.0,0.0,0.006839048849999999
1371.0,1.0112614243512479,0.0,0.259844523,0.0,0.6575451579530157,0.0,0.35371626639823217,0.0,0.0,0.0,0.0,0.0,0.0,0.0,0.0,0.0,0.0,0.006839048849999999
1372.0,0.9862249251456685,0.0,0.2450896,0.0,0.6202073373878326,0.0,0.3660175877578358,0.0,0.0,0.0,0.0,0.0,0.0,0.0,0.0,0.0,0.0,0.006839048849999999
1373.0,0.9240341889804403,0.0,0.227612385,0.0,0.5759806668962871,0.0,0.3480535220841532,0.0,0.0,0.0,0.0,0.0,0.0,0.0,0.0,0.0,0.0,0.006839048849999999
1374.0,0.9122724624251827,0.0,0.211770108,0.0,0.5358912610776376,0.0,0.37638120134754505,0.0,0.0,0.0,0.0,0.0,0.0,0.0,0.0,0.0,0.0,0.006839048849999999
1375.0,0.8889136669189355,0.0,0.19860386,0.0,0.5025736351340321,0.0,0.38634003178490334,0.0,0.0,0.0,0.0,0.0,0.0,0.0,0.0,0.0,0.0,0.006839048849999999
1376.0,0.8868844016858123,0.0,0.188252877,0.0,0.47638013036770704,0.0,0.41050427131810524,0.0,0.0,0.0,0.0,0.0,0.0,0.0,0.0,0.0,0.0,0.006839048849999999
1377.0,0.8907671513851632,0.0,0.179453452,0.0,0.4541128944270799,0.0,0.4366542569580833,0.0,0.0,0.0,0.0,0.0,0.0,0.0,0.0,0.0,0.0,0.006839048849999999
1378.0,0.8940758313015594,0.0,0.174158466,0.0,0.4407137572602403,0.0,0.4533620740413192,0.0,0.0,0.0,0.0,0.0,0.0,0.0,0.0,0.0,0.0,0.006839048849999999
1379.0,0.9067520620112363,0.000965479,0.171463141,0.0004677353887179408,0.4338931482191188,0.0,0.47239117840339956,0.0,0.0,0.0,0.0,0.0,0.0,0.0,0.0,0.0,0.0,0.006839048849999999
1380.0,0.9390912444571821,0.019234338,0.17026946,0.00931825607927491,0.43087249897614627,0.0,0.49890048940176085,0.0,0.0,0.0,0.0,0.0,0.0,0.0,0.0,0.0,0.0,0.006839048849999999
1381.0,0.9727676952310705,0.086996817,0.177253668,0.04214642681686351,0.44854626827293725,0.0,0.48207500014126975,0.0,0.0,0.0,0.0,0.0,0.0,0.0,0.0,0.0,0.0,0.006839048849999999
1382.0,0.9876155944534857,0.206934688,0.173897028,0.10025145728794287,0.4400521797560459,0.0,0.447311957409497,0.0,0.0,0.0,0.0,0.0,0.0,0.0,0.0,0.0,0.0,0.006839048849999999
1383.0,0.9802439334058974,0.343478575,0.161116121,0.16640142850741382,0.4077096719553416,0.0,0.40613283294314206,0.0,0.0,0.0,0.0,0.0,0.0,0.0,0.0,0.0,0.0,0.006839048849999999
1384.0,0.9611817504426332,0.455261962,0.161414592,0.22055594245401755,0.4084649626906378,0.0,0.3321608452979778,0.0,0.0,0.0,0.0,0.0,0.0,0.0,0.0,0.0,0.0,0.006839048849999999
1385.0,0.9376427235045448,0.526269688,0.169050677,0.2549563036452884,0.42778832829210434,0.0,0.25489809156715204,0.0,0.0,0.0,0.0,0.0,0.0,0.0,0.0,0.0,0.0,0.006839048849999999
1386.0,0.9147912428066913,0.545947699,0.181501341,0.2644895012853002,0.4592951452608804,0.0,0.19100659626051075,0.0,0.0,0.0,0.0,0.0,0.0,0.0,0.0,0.0,0.0,0.006839048849999999
1387.0,0.893281481101726,0.514908097,0.196077264,0.24945207394910726,0.49618000040691707,0.0,0.1476494067457016,0.0,0.0,0.0,0.0,0.0,0.0,0.0,0.0,0.0,0.0,0.006839048849999999
1388.0,0.8770918638863473,0.439150319,0.212415726,0.2127505053585554,0.5375250187758412,0.0,0.1268163397519506,0.0,0.0,0.0,0.0,0.0,0.0,0.0,0.0,0.0,0.0,0.006839048849999999
1389.0,0.865799628986881,0.32786831,0.223688549,0.15883888870306273,0.5660512701454395,0.0,0.14090947013837865,0.0,0.0,0.0,0.0,0.0,0.0,0.0,0.0,0.0,0.0,0.006839048849999999
1390.0,0.8652633863562278,0.198522892,0.234497242,0.09617628354322547,0.5934030252022535,0.0,0.17568407761074878,0.0,0.0,0.0,0.0,0.0,0.0,0.0,0.0,0.0,0.0,0.006839048849999999
1391.0,0.8764020918136772,0.085127983,0.253761483,0.04124105259594383,0.6421518240799192,0.0,0.19300921513781422,0.0,0.0,0.0,0.0,0.0,0.0,0.0,0.0,0.0,0.0,0.006839048849999999
1392.0,0.9057596797196287,0.020905717,0.276189545,0.010127971366981844,0.698906776618865,0.0,0.19672493173378186,0.0,0.0,0.0,0.0,0.0,0.0,0.0,0.0,0.0,0.0,0.006839048849999999
1393.0,0.942026113514758,0.000952583,0.299286681,0.0004614878001397257,0.7573548430396543,0.0,0.18420978267496388,0.0,0.0,0.0,0.0,0.0,0.0,0.0,0.0,0.0,0.0,0.006839048849999999
1394.0,0.9505881869458788,0.0,0.317394298,0.0,0.8031767666382429,0.0,0.14741142030763588,0.0,0.0,0.0,0.0,0.0,0.0,0.0,0.0,0.0,0.0,0.006839048849999999
1395.0,0.9462159220981425,0.0,0.318708113,0.0,0.8065014189407894,0.0,0.13971450315735315,0.0,0.0,0.0,0.0,0.0,0.0,0.0,0.0,0.0,0.0,0.006839048849999999
1396.0,0.9278813363600003,0.0,0.314482925,0.0,0.7958094409888771,0.0,0.13207189537112318,0.0,0.0,0.0,0.0,0.0,0.0,0.0,0.0,0.0,0.0,0.006839048849999999
1397.0,0.8969795497042148,0.0,0.303612666,0.0,0.7683018911332073,0.0,0.12867765857100744,0.0,0.0,0.0,0.0,0.0,0.0,0.0,0.0,0.0,0.0,0.006839048849999999
1398.0,0.8671101953249993,0.0,0.291572969,0.0,0.7378350397477293,0.0,0.12927515557727,0.0,0.0,0.0,0.0,0.0,0.0,0.0,0.0,0.0,0.0,0.006839048849999999
1399.0,0.84373804882384,0.0,0.278313249,0.0,0.7042808798172051,0.0,0.13945716900663488,0.0,0.0,0.0,0.0,0.0,0.0,0.0,0.0,0.0,0.0,0.006839048849999999
1400.0,0.8283472324732402,0.0,0.266893716,0.0,0.6753833739412214,0.0,0.1529638585320187,0.0,0.0,0.0,0.0,0.0,0.0,0.0,0.0,0.0,0.0,0.006839048849999999
1401.0,0.8206418115517186,0.0,0.257855118,0.0,0.6525109028151558,0.0,0.16813090873656275,0.0,0.0,0.0,0.0,0.0,0.0,0.0,0.0,0.0,0.0,0.006839048849999999
1402.0,0.8214472869140288,0.0,0.25375313,0.0,0.6421306865372034,0.0,0.17931660037682545,0.0,0.0,0.0,0.0,0.0,0.0,0.0,0.0,0.0,0.0,0.006839048849999999
1403.0,0.8310684946115439,0.001277954,0.250833267,0.0006191168435084008,0.6347418766620915,0.0,0.19570750110594398,0.0,0.0,0.0,0.0,0.0,0.0,0.0,0.0,0.0,0.0,0.006839048849999999
1404.0,0.850849376469813,0.020610649,0.249645062,0.009985022897177504,0.6317350846181984,0.0,0.20912926895443715,0.0,0.0,0.0,0.0,0.0,0.0,0.0,0.0,0.0,0.0,0.006839048849999999
1405.0,0.8733871207863272,0.083451395,0.252829358,0.04042881375915936,0.639793050944043,0.0,0.19316525608312463,0.0,0.0,0.0,0.0,0.0,0.0,0.0,0.0,0.0,0.0,0.006839048849999999
1406.0,0.8843722968017598,0.195457309,0.249280397,0.09469113300535555,0.6308122877770083,0.0,0.15886887601939587,0.0,0.0,0.0,0.0,0.0,0.0,0.0,0.0,0.0,0.0,0.006839048849999999
1407.0,0.8816710601558997,0.330240868,0.271552026,0.15998829675687423,0.6871713814365502,0.0,0.03451138196247522,0.0,0.0,0.0,0.0,0.0,0.0,0.0,0.0,0.0,0.0,0.006839048849999999
1408.0,0.8702430954744247,0.446874979,0.317756801,0.21649278960069213,0.6537503058737325,0.0,0.0,0.0,0.0,0.0,0.0,0.0,0.0,0.0,0.15034378659320763,0.0,0.0,3.675e-09
1409.0,0.858528096401435,0.525301029,0.344602099,0.25448702767564,0.604041068725795,0.0,0.0,0.0,0.0,0.0,0.0,0.0,0.0,0.0,0.26798593804661924,0.0,0.0,3.675e-09
1410.0,0.8480902881791326,0.553575215,0.359720703,0.26818472320230957,0.579905564976823,0.0,0.0,0.0,0.0,0.0,0.0,0.0,0.0,0.0,0.33037956915742556,0.0,0.0,3.675e-09
1411.0,0.8402847387954686,0.526759172,0.368488923,0.2551934387761522,0.5850913000193164,0.0,0.0,0.0,0.0,0.0,0.0,0.0,0.0,0.0,0.347382104771177,0.0,0.0,3.675e-09
1412.0,0.8329887300526335,0.450280581,0.367527627,0.2181426655433989,0.6148460645092346,0.0,0.0,0.0,0.0,0.0,0.0,0.0,0.0,0.0,0.3151947489652601,0.0,0.0,3.675e-09
1413.0,0.8303364457215516,0.335900712,0.353357651,0.16273026145359254,0.6676061842679591,0.0,0.0,0.0,0.0,0.0,0.0,0.0,0.0,0.0,0.22657703636779628,0.0,0.0,3.675e-09
1414.0,0.8361305305320256,0.208233757,0.329760626,0.1008808034919374,0.7352497270400882,0.0,0.0,0.0,0.0,0.0,0.0,0.0,0.0,0.0,0.09922044153012012,0.0,0.0,3.675e-09
1415.0,0.8562340481016756,0.096734489,0.303925038,0.046863933669035136,0.7690923588086799,0.0,0.04027775562396045,0.0,0.0,0.0,0.0,0.0,0.0,0.0,0.0,0.0,0.0,0.006839048849999999
1416.0,0.9802928857206757,0.026410108,0.279324278,0.01279462539471371,0.7068393221342675,0.0,0.26065893819169456,0.0,0.0,0.0,0.0,0.0,0.0,0.0,0.0,0.0,0.0,0.006839048849999999
1417.0,1.0118466182967547,0.001605812,0.276489849,0.0007779507374349251,0.6996667058212748,0.0,0.311401961738045,0.0,0.0,0.0,0.0,0.0,0.0,0.0,0.0,0.0,0.0,0.006839048849999999
1418.0,1.1339429426574181,0.0,0.271538687,0.0,0.687137626655958,0.0,0.44680531600146023,0.0,0.0,0.0,0.0,0.0,0.0,0.0,0.0,0.0,0.0,0.006839048849999999
1419.0,1.0102890685520085,0.0,0.255872453,0.0,0.6474937034701732,0.0,0.36279536508183535,0.0,0.0,0.0,0.0,0.0,0.0,0.0,0.0,0.0,0.0,0.006839048849999999
1420.0,0.9450054832222419,0.0,0.238091945,0.0,0.6024995400128782,0.0,0.3425059432093637,0.0,0.0,0.0,0.0,0.0,0.0,0.0,0.0,0.0,0.0,0.006839048849999999
1421.0,0.8949725347960457,0.0,0.222969034,0.0,0.5642305136451206,0.0,0.33074202115092505,0.0,0.0,0.0,0.0,0.0,0.0,0.0,0.0,0.0,0.0,0.006839048849999999
1422.0,0.850715871520315,0.0,0.20574166,0.0,0.5206360740657814,0.0,0.33007979745453364,0.0,0.0,0.0,0.0,0.0,0.0,0.0,0.0,0.0,0.0,0.006839048849999999
1423.0,0.821000047583041,0.0,0.188998007,0.0,0.4782657064725593,0.0,0.34273434111048173,0.0,0.0,0.0,0.0,0.0,0.0,0.0,0.0,0.0,0.0,0.006839048849999999
1424.0,0.8006984989215413,0.0,0.175265207,0.0,0.44351440195829334,0.0,0.35718409696324804,0.0,0.0,0.0,0.0,0.0,0.0,0.0,0.0,0.0,0.0,0.006839048849999999
1425.0,0.7946618813693851,0.0,0.162066638,0.0,0.41011498665540175,0.0,0.3845468947139834,0.0,0.0,0.0,0.0,0.0,0.0,0.0,0.0,0.0,0.0,0.006839048849999999
1426.0,0.8000510036661934,0.0,0.154819621,0.0,0.3917761704935802,0.0,0.40827483317261315,0.0,0.0,0.0,0.0,0.0,0.0,0.0,0.0,0.0,0.0,0.006839048849999999
1427.0,0.83193627228362,0.000854574,0.152228518,0.00041400641762093796,0.38521929866985694,0.0,0.4463029671961421,0.0,0.0,0.0,0.0,0.0,0.0,0.0,0.0,0.0,0.0,0.006839048849999999
1428.0,0.9025466776004291,0.011872956,0.149015541,0.005751965283440663,0.3770887541250931,0.0,0.5197059581918954,0.0,0.0,0.0,0.0,0.0,0.0,0.0,0.0,0.0,0.0,0.006839048849999999
1429.0,0.9580354992982956,0.052460169,0.141162121,0.025414822631485375,0.357215415119324,0.0,0.5754052615474862,0.0,0.0,0.0,0.0,0.0,0.0,0.0,0.0,0.0,0.0,0.006839048849999999
1430.0,0.9700308572653441,0.143752384,0.126127822,0.06964219543808897,0.31917062434777527,0.0,0.5812180374794799,0.0,0.0,0.0,0.0,0.0,0.0,0.0,0.0,0.0,0.0,0.006839048849999999
1431.0,0.971299147786065,0.270664159,0.133037346,0.1311257993409277,0.33665540331292654,0.0,0.5035179451322107,0.0,0.0,0.0,0.0,0.0,0.0,0.0,0.0,0.0,0.0,0.006839048849999999
1432.0,0.9728411227033132,0.382461993,0.168379958,0.18528731227265777,0.4260910516833643,0.0,0.3614627587472912,0.0,0.0,0.0,0.0,0.0,0.0,0.0,0.0,0.0,0.0,0.006839048849999999
1433.0,0.9706205018757965,0.455936389,0.192095607,0.22088267496193006,0.4861042857035529,0.0,0.2636335412103135,0.0,0.0,0.0,0.0,0.0,0.0,0.0,0.0,0.0,0.0,0.006839048849999999
1434.0,0.965258080568888,0.485611956,0.208266064,0.23525928270396307,0.5270241618644118,0.0,0.202974636000513,0.0,0.0,0.0,0.0,0.0,0.0,0.0,0.0,0.0,0.0,0.006839048849999999
1435.0,0.9670270114004711,0.4703982,0.223714062,0.2278888354166374,0.5661158316355999,0.0,0.17302234434823388,0.0,0.0,0.0,0.0,0.0,0.0,0.0,0.0,0.0,0.0,0.006839048849999999
1436.0,0.9641677956475732,0.412163686,0.235767552,0.19967657700129082,0.5966175866636828,0.0,0.16787363198259936,0.0,0.0,0.0,0.0,0.0,0.0,0.0,0.0,0.0,0.0,0.006839048849999999
1437.0,0.9636404533468864,0.317646521,0.241148869,0.15388684681369202,0.6102351872808036,0.0,0.19951841925239086,0.0,0.0,0.0,0.0,0.0,0.0,0.0,0.0,0.0,0.0,0.006839048849999999
1438.0,0.9682485754388488,0.204823649,0.23240084,0.09922874457511976,0.588098010617732,0.0,0.28092182024599693,0.0,0.0,0.0,0.0,0.0,0.0,0.0,0.0,0.0,0.0,0.006839048849999999
1439.0,0.9822420479841001,0.096095303,0.215147282,0.04655427399526381,0.5444373115605443,0.0,0.391250462428292,0.0,0.0,0.0,0.0,0.0,0.0,0.0,0.0,0.0,0.0,0.006839048849999999
1440.0,1.0103068692119415,0.025068939,0.216877036,0.012144883449470517,0.5488145112568021,0.0,0.4493474745056688,0.0,0.0,0.0,0.0,0.0,0.0,0.0,0.0,0.0,0.0,0.006839048849999999
1441.0,1.0352899674376463,0.001515779,0.229541153,0.0007343334031869068,0.5808614781005115,0.0,0.453694155933948,0.0,0.0,0.0,0.0,0.0,0.0,0.0,0.0,0.0,0.0,0.006839048849999999
1442.0,1.0358128590733873,0.0,0.238043047,0.0,0.6023758020069262,0.0,0.4334370570664612,0.0,0.0,0.0,0.0,0.0,0.0,0.0,0.0,0.0,0.0,0.006839048849999999
1443.0,1.0119133702715413,0.0,0.249063539,0.0,0.6302635214369791,0.0,0.38164984883456227,0.0,0.0,0.0,0.0,0.0,0.0,0.0,0.0,0.0,0.0,0.006839048849999999
1444.0,0.9713748000908182,0.0,0.262909832,0.0,0.6653020237407153,0.0,0.3060727763501029,0.0,0.0,0.0,0.0,0.0,0.0,0.0,0.0,0.0,0.0,0.006839048849999999
1445.0,0.9181021485555227,0.0,0.27596855,0.0,0.698347541463534,0.0,0.21975460709198877,0.0,0.0,0.0,0.0,0.0,0.0,0.0,0.0,0.0,0.0,0.006839048849999999
1446.0,0.8731312380496575,0.0,0.287789316,0.0,0.7282603807139332,0.0,0.14487085733572436,0.0,0.0,0.0,0.0,0.0,0.0,0.0,0.0,0.0,0.0,0.006839048849999999
1447.0,0.840734202958967,0.0,0.298217891,0.0,0.7546502346020595,0.0,0.08608396835690747,0.0,0.0,0.0,0.0,0.0,0.0,0.0,0.0,0.0,0.0,0.006839048849999999
1448.0,0.8183789139068797,0.0,0.30361056,0.0,0.7682965618305664,0.0,0.05008235207631323,0.0,0.0,0.0,0.0,0.0,0.0,0.0,0.0,0.0,0.0,0.006839048849999999
1449.0,0.8082192397461255,0.0,0.300467897,0.0,0.7603439491879359,0.0,0.04787529055818957,0.0,0.0,0.0,0.0,0.0,0.0,0.0,0.0,0.0,0.0,0.006839048849999999
1450.0,0.8161938943992291,3.48e-10,0.299273449,1.6859187540468864e-10,0.7573213590261004,0.0,0.058872535204536745,0.0,0.0,0.0,0.0,0.0,0.0,0.0,0.0,0.0,0.0,0.006839048849999999
1451.0,0.8478232792800612,0.000670834,0.301162674,0.00032499184524491064,0.7621021053612224,0.0,0.08539618207359387,0.0,0.0,0.0,0.0,0.0,0.0,0.0,0.0,0.0,0.0,0.006839048849999999
1452.0,0.9205697527896672,0.015044872,0.30033325,0.007288629843975543,0.7600032205019482,0.0,0.1532779024437434,0.0,0.0,0.0,0.0,0.0,0.0,0.0,0.0,0.0,0.0,0.006839048849999999
1453.0,0.9852436690164627,0.071939753,0.303233852,0.03485189044373585,0.7673432897796403,0.0,0.18304848879308655,0.0,0.0,0.0,0.0,0.0,0.0,0.0,0.0,0.0,0.0,0.006839048849999999
1454.0,1.0093767892300995,0.178255257,0.304842093,0.08635743700682401,0.7714129968112236,0.0,0.151606355412052,0.0,0.0,0.0,0.0,0.0,0.0,0.0,0.0,0.0,0.0,0.006839048849999999
1455.0,1.015328854147536,0.311611741,0.344375988,0.15096324084284515,0.864365613304691,0.0,0.0,0.0,0.0,0.0,0.0,0.0,0.0,0.0,0.0070892121052172855,0.0,0.0,3.675e-09
1456.0,1.0160698033674949,0.428285067,0.439756566,0.20748673176250787,0.8085830716049871,0.0,0.0,0.0,0.0,0.0,0.0,0.0,0.0,0.0,0.3042354604652302,0.0,0.0,3.675e-09
1457.0,1.0078570656377301,0.502455997,0.516558356,0.24341953690391555,0.7644375287338145,0.0,0.0,0.0,0.0,0.0,0.0,0.0,0.0,0.0,0.5427304726020077,0.0,0.0,3.675e-09
1458.0,0.9966605085354605,0.525695891,0.569532312,0.25467832228801374,0.7419821862474466,0.0,0.0,0.0,0.0,0.0,0.0,0.0,0.0,0.0,0.6992381624815748,0.0,0.0,3.675e-09
1459.0,1.002016254344913,0.496281391,0.609285964,0.24042819091131487,0.7615880634335982,0.0,0.0,0.0,0.0,0.0,0.0,0.0,0.0,0.0,0.780230216249501,0.0,0.0,3.675e-09
1460.0,0.9811272869053961,0.41864457,0.628373068,0.2028163022537053,0.7783109846516908,0.0,0.0,0.0,0.0,0.0,0.0,0.0,0.0,0.0,0.8118078428730331,0.0,0.0,3.675e-09
1461.0,0.9803062357156632,0.306455936,0.619086825,0.14846546258373342,0.8318407731319298,0.0,0.0,0.0,0.0,0.0,0.0,0.0,0.0,0.0,0.7347789094051388,0.0,0.0,3.675e-09
1462.0,0.9828717425795149,0.183424673,0.577139446,0.08886180924299356,0.8940099333365213,0.0,0.0,0.0,0.0,0.0,0.0,0.0,0.0,0.0,0.566460519531119,0.0,0.0,3.675e-09
1463.0,0.9987587505758807,0.080397939,0.53545833,0.038949538260579765,0.959809212315301,0.0,0.0,0.0,0.0,0.0,0.0,0.0,0.0,0.0,0.39518579820915795,0.0,0.0,3.675e-09
1464.0,1.0346802973347504,0.022915351,0.527931644,0.011101557473122723,1.0235787398616276,0.0,0.0,0.0,0.0,0.0,0.0,0.0,0.0,0.0,0.3123697428484553,0.0,0.0,3.675e-09
1465.0,1.068701634144974,0.001814681,0.531629045,0.0008791392903771719,1.067822494854597,0.0,0.0,0.0,0.0,0.0,0.0,0.0,0.0,0.0,0.2774823833511134,0.0,0.0,3.675e-09
1466.0,1.0735812148010284,0.0,0.529819186,0.0,1.0735812148010284,0.0,0.0,0.0,0.0,0.0,0.0,0.0,0.0,0.0,0.26714375535702334,0.0,0.0,3.675e-09
1467.0,1.0549840708287603,0.0,0.523580926,0.0,1.0549840708287603,0.0,0.0,0.0,0.0,0.0,0.0,0.0,0.0,0.0,0.26995477611340196,0.0,0.0,3.675e-09
1468.0,1.0140917152816606,0.0,0.512459446,0.0,1.0140917152816606,0.0,0.0,0.0,0.0,0.0,0.0,0.0,0.0,0.0,0.28270385875699244,0.0,0.0,3.675e-09
1469.0,0.962178581399337,0.0,0.502152375,0.0,0.962178581399337,0.0,0.0,0.0,0.0,0.0,0.0,0.0,0.0,0.0,0.3085346086410663,0.0,0.0,3.675e-09
1470.0,0.9175169556099406,0.0,0.504432228,0.0,0.9175169556099406,0.0,0.0,0.0,0.0,0.0,0.0,0.0,0.0,0.0,0.35896547783681565,0.0,0.0,3.675e-09
1471.0,0.8789208721951858,0.0,0.506312353,0.0,0.8789208721951858,0.0,0.0,0.0,0.0,0.0,0.0,0.0,0.0,0.0,0.40231927973577514,0.0,0.0,3.675e-09
1472.0,0.8666740811564885,0.0,0.498634541,0.0,0.8666740811564885,0.0,0.0,0.0,0.0,0.0,0.0,0.0,0.0,0.0,0.39513711361968334,0.0,0.0,3.675e-09
1473.0,0.859062113199653,0.0,0.490121928,0.0,0.859062113199653,0.0,0.0,0.0,0.0,0.0,0.0,0.0,0.0,0.0,0.38120763288615,0.0,0.0,3.675e-09
1474.0,0.8663803722674421,1.07e-08,0.499663722,5.183715709282094e-09,0.8663803670837265,0.0,0.0,0.0,0.0,0.0,0.0,0.0,0.0,0.0,0.3980352042457555,0.0,0.0,3.675e-09
1475.0,0.8977649995740816,0.001572561,0.509351209,0.0007618419775237719,0.8970031575965579,0.0,0.0,0.0,0.0,0.0,0.0,0.0,0.0,0.0,0.3919269199308584,0.0,0.0,3.675e-09
1476.0,0.9681284214842629,0.017116242,0.515578434,0.008292124536380743,0.9598362969478822,0.0,0.0,0.0,0.0,0.0,0.0,0.0,0.0,0.0,0.34485197936301965,0.0,0.0,3.675e-09
1477.0,1.0218661130104794,0.05787724,0.521959223,0.028039173663354202,0.9938269393471251,0.0,0.0,0.0,0.0,0.0,0.0,0.0,0.0,0.0,0.32700813452729455,0.0,0.0,3.675e-09
1478.0,1.0322638702478946,0.139495377,0.565186516,0.06757984832963813,0.9646840219182563,0.0,0.0,0.0,0.0,0.0,0.0,0.0,0.0,0.0,0.46553914632660476,0.0,0.0,3.675e-09
1479.0,1.0322505202529073,0.260537606,0.640638607,0.12621989542812603,0.9060306248247812,0.0,0.0,0.0,0.0,0.0,0.0,0.0,0.0,0.0,0.7151265547345315,0.0,0.0,3.675e-09
1480.0,1.030232380182261,0.376065375,0.705005687,0.18218841047706183,0.8480439697051992,0.0,0.0,0.0,0.0,0.0,0.0,0.0,0.0,0.0,0.9359962342755074,0.0,0.0,3.675e-09
1481.0,1.0239599053858786,0.460337687,0.734454481,0.22301492520340968,0.8009449801824688,0.0,0.0,0.0,0.0,0.0,0.0,0.0,0.0,0.0,1.057616370823745,0.0,0.0,3.675e-09
1482.0,1.016868603232349,0.502160337,0.750733684,0.24327630163413924,0.7735923015982098,0.0,0.0,0.0,0.0,0.0,0.0,0.0,0.0,0.0,1.12616411091786,0.0,0.0,3.675e-09
1483.0,1.0142741705460874,0.496121402,0.769536631,0.24035068273443522,0.7739234878116522,0.0,0.0,0.0,0.0,0.0,0.0,0.0,0.0,0.0,1.1734144038610792,0.0,0.0,3.675e-09
1484.0,1.0135754981434508,0.442556619,0.784153558,0.2144007194539318,0.799174778689519,0.0,0.0,0.0,0.0,0.0,0.0,0.0,0.0,0.0,1.1851517301071632,0.0,0.0,3.675e-09
1485.0,1.015117473060699,0.349563178,0.763660364,0.16934917169954886,0.8457683013611502,0.0,0.0,0.0,0.0,0.0,0.0,0.0,0.0,0.0,1.0866995023525248,0.0,0.0,3.675e-09
1486.0,1.0203130139306789,0.236340011,0.722665523,0.11449714278061708,0.9058158711500618,0.0,0.0,0.0,0.0,0.0,0.0,0.0,0.0,0.0,0.9229131318015752,0.0,0.0,3.675e-09
1487.0,1.0353900948998638,0.119615833,0.658684618,0.05794901613093117,0.9774410787689326,0.0,0.0,0.0,0.0,0.0,0.0,0.0,0.0,0.0,0.6893821283687903,0.0,0.0,3.675e-09
1488.0,1.0611875688178456,0.036240125,0.571553576,0.017556869651294087,1.0436306991665516,0.0,0.0,0.0,0.0,0.0,0.0,0.0,0.0,0.0,0.40270452495333886,0.0,0.0,3.675e-09
1489.0,1.07626020012201,0.002613418,0.519931519,0.0012660949478056629,1.0749941051742042,0.0,0.0,0.0,0.0,0.0,0.0,0.0,0.0,0.0,0.24070979667638964,0.0,0.0,3.675e-09
1490.0,1.0713539184760557,0.0,0.483667557,0.0,1.0713539184760557,0.0,0.0,0.0,0.0,0.0,0.0,0.0,0.0,0.0,0.15258282836203052,0.0,0.0,3.675e-09
1491.0,1.0468336354087615,0.0,0.451405244,0.0,1.0468336354087615,0.0,0.0,0.0,0.0,0.0,0.0,0.0,0.0,0.0,0.09546226153727344,0.0,0.0,3.675e-09
1492.0,1.002815055209692,0.0,0.422150505,0.0,1.002815055209692,0.0,0.0,0.0,0.0,0.0,0.0,0.0,0.0,0.0,0.06545075730531873,0.0,0.0,3.675e-09
1493.0,0.9564134224112731,0.0,0.401058985,0.0,0.9564134224112731,0.0,0.0,0.0,0.0,0.0,0.0,0.0,0.0,0.0,0.05847960129237109,0.0,0.0,3.675e-09
1494.0,0.9072082006722659,0.0,0.390186908,0.0,0.9072082006722658,0.0,0.0,0.0,0.0,0.0,0.0,0.0,0.0,0.0,0.08017267266659155,0.0,0.0,3.675e-09
1495.0,0.8781821488076621,0.0,0.386988981,0.0,0.8781821488076621,0.0,0.0,0.0,0.0,0.0,0.0,0.0,0.0,0.0,0.10110626450910279,0.0,0.0,3.675e-09
1496.0,0.8581921106950665,0.0,0.379355828,0.0,0.8581921106950665,0.0,0.0,0.0,0.0,0.0,0.0,0.0,0.0,0.0,0.10178035654318676,0.0,0.0,3.675e-09
1497.0,0.8513900687654871,0.0,0.367804632,0.0,0.8513900687654871,0.0,0.0,0.0,0.0,0.0,0.0,0.0,0.0,0.0,0.07935171502146936,0.0,0.0,3.675e-09
1498.0,0.8546965238493729,2.76e-09,0.366356988,1.3371079773475308e-09,0.8546965225122649,0.0,0.0,0.0,0.0,0.0,0.0,0.0,0.0,0.0,0.07238195026220678,0.0,0.0,3.675e-09
1499.0,0.8824342597008124,0.000904456,0.367901747,0.00043817222201443415,0.881996087478798,0.0,0.0,0.0,0.0,0.0,0.0,0.0,0.0,0.0,0.04899144902704333,0.0,0.0,3.675e-09
1500.0,0.9487814289619942,0.016162489,0.366847966,0.007830069918728881,0.928320908839062,0.0,0.01263045020420337,0.0,0.0,0.0,0.0,0.0,0.0,0.0,0.0,0.0,0.0,0.006839048849999999
1501.0,1.007937168607429,0.072197887,0.361330241,0.03497694588961434,0.914358123267221,0.0,0.05860209945059363,0.0,0.0,0.0,0.0,0.0,0.0,0.0,0.0,0.0,0.0,0.006839048849999999
1502.0,1.0309733294022199,0.186719683,0.392694247,0.09045810785039932,0.9405152215518205,0.0,0.0,0.0,0.0,0.0,0.0,0.0,0.0,0.0,0.05321055603886426,0.0,0.0,3.675e-09
1503.0,1.0389880350402103,0.334563688,0.463544983,0.16208252759261246,0.8769055074475979,0.0,0.0,0.0,0.0,0.0,0.0,0.0,0.0,0.0,0.29611040047308984,0.0,0.0,3.675e-09
1504.0,1.0397245335952234,0.457741683,0.516912277,0.221757266631806,0.8179672669634174,0.0,0.0,0.0,0.0,0.0,0.0,0.0,0.0,0.0,0.49009634316631384,0.0,0.0,3.675e-09
1505.0,1.0335677620884816,0.536723403,0.547228165,0.2600207042682658,0.7735470578202158,0.0,0.0,0.0,0.0,0.0,0.0,0.0,0.0,0.0,0.6112319093749634,0.0,0.0,3.675e-09
1506.0,1.0164302642313279,0.566513246,0.572904595,0.2744526740940739,0.741977590137254,0.0,0.0,0.0,0.0,0.0,0.0,0.0,0.0,0.0,0.7077764322374395,0.0,0.0,3.675e-09
1507.0,1.006530923472189,0.547367159,0.596289302,0.26517717204237473,0.7413537514298143,0.0,0.0,0.0,0.0,0.0,0.0,0.0,0.0,0.0,0.7675760452905248,0.0,0.0,3.675e-09
1508.0,0.997679590817043,0.480009489,0.606310276,0.23254511483493182,0.7651344759821114,0.0,0.0,0.0,0.0,0.0,0.0,0.0,0.0,0.0,0.7691537268173626,0.0,0.0,3.675e-09
1509.0,0.9904770360388188,0.375701407,0.597925054,0.182012082753765,0.8084649532850537,0.0,0.0,0.0,0.0,0.0,0.0,0.0,0.0,0.0,0.7046041679620983,0.0,0.0,3.675e-09
1510.0,0.9894179017724245,0.25413618,0.580201159,0.1231186643516768,0.8662992374207478,0.0,0.0,0.0,0.0,0.0,0.0,0.0,0.0,0.0,0.6019189814376802,0.0,0.0,3.675e-09
1511.0,0.9954923454769573,0.130739873,0.535245151,0.06333816200931269,0.9321541834676446,0.0,0.0,0.0,0.0,0.0,0.0,0.0,0.0,0.0,0.42230137054794187,0.0,0.0,3.675e-09
1512.0,1.0125697658568558,0.040346202,0.475570432,0.01954609730067931,0.9930236685561764,0.0,0.0,0.0,0.0,0.0,0.0,0.0,0.0,0.0,0.2104230357148385,0.0,0.0,3.675e-09
1513.0,1.029660537231666,0.002981188,0.46062764,0.0014442645857872213,1.0282162726458788,0.0,0.0,0.0,0.0,0.0,0.0,0.0,0.0,0.0,0.1374172023430277,0.0,0.0,3.675e-09
1514.0,1.0234481389126147,0.0,0.461459047,0.0,1.0234481389126147,0.0,0.0,0.0,0.0,0.0,0.0,0.0,0.0,0.0,0.14428923898263976,0.0,0.0,3.675e-09
1515.0,1.0107429833804524,0.0,0.459007171,0.0,1.0107429833804524,0.0,0.0,0.0,0.0,0.0,0.0,0.0,0.0,0.0,0.1507898412185171,0.0,0.0,3.675e-09
1516.0,0.9794184325511436,0.0,0.456437116,0.0,0.9794184325511436,0.0,0.0,0.0,0.0,0.0,0.0,0.0,0.0,0.0,0.17561078288411475,0.0,0.0,3.675e-09
1517.0,0.934743455766835,0.0,0.459230306,0.0,0.934743455766835,0.0,0.0,0.0,0.0,0.0,0.0,0.0,0.0,0.0,0.2273540193282306,0.0,0.0,3.675e-09
1518.0,0.8955354784165984,0.0,0.458569856,0.0,0.8955354784165984,0.0,0.0,0.0,0.0,0.0,0.0,0.0,0.0,0.0,0.2648907061138013,0.0,0.0,3.675e-09
1519.0,0.8676864889405396,0.0,0.456264136,0.0,0.8676864889405396,0.0,0.0,0.0,0.0,0.0,0.0,0.0,0.0,0.0,0.2869049948846409,0.0,0.0,3.675e-09
1520.0,0.8497924670359291,0.0,0.452103913,0.0,0.8497924670359291,0.0,0.0,0.0,0.0,0.0,0.0,0.0,0.0,0.0,0.29427143491809227,0.0,0.0,3.675e-09
1521.0,0.8422761768762904,0.0,0.444887746,0.0,0.8422761768762904,0.0,0.0,0.0,0.0,0.0,0.0,0.0,0.0,0.0,0.28352697586105285,0.0,0.0,3.675e-09
1522.0,0.843313059817806,2.2e-08,0.431712405,1.065810706581365e-08,0.843313049159699,0.0,0.0,0.0,0.0,0.0,0.0,0.0,0.0,0.0,0.24914946749685302,0.0,0.0,3.675e-09
1523.0,0.8539889511167698,0.000858212,0.415350501,0.0004157688809620938,0.8535731822358077,0.0,0.0,0.0,0.0,0.0,0.0,0.0,0.0,0.0,0.1974849952956433,0.0,0.0,3.675e-09
1524.0,0.878796268575579,0.015834059,0.398158289,0.0076709589140186475,0.8711253096615603,0.0,0.0,0.0,0.0,0.0,0.0,0.0,0.0,0.0,0.1364274068942837,0.0,0.0,3.675e-09
1525.0,0.9078156459426515,0.078511501,0.396852707,0.038035635616169794,0.8697800103264817,0.0,0.0,0.0,0.0,0.0,0.0,0.0,0.0,0.0,0.1344688878055636,0.0,0.0,3.675e-09
1526.0,0.9297014443388723,0.208316656,0.39332108,0.1009209646927396,0.8287804796461326,0.0,0.0,0.0,0.0,0.0,0.0,0.0,0.0,0.0,0.16653151957907616,0.0,0.0,3.675e-09
1527.0,0.9377250503068294,0.366237309,0.371906734,0.17742711140079442,0.7602979389060349,0.0,0.0,0.0,0.0,0.0,0.0,0.0,0.0,0.0,0.18082434963964367,0.0,0.0,3.675e-09
1528.0,0.9363811074813554,0.505008116,0.372248803,0.24465593497421997,0.6917251725071354,0.0,0.0,0.0,0.0,0.0,0.0,0.0,0.0,0.0,0.250262732954532,0.0,0.0,3.675e-09
1529.0,0.9263682882650868,0.601701073,0.380456488,0.2914997480749525,0.6348685401901343,0.0,0.0,0.0,0.0,0.0,0.0,0.0,0.0,0.0,0.3278891835745864,0.0,0.0,3.675e-09
1530.0,0.9169117361719903,0.643691916,0.387912089,0.3118426071875785,0.6050691289844118,0.0,0.0,0.0,0.0,0.0,0.0,0.0,0.0,0.0,0.3765552396515564,0.0,0.0,3.675e-09
1531.0,0.906324848172692,0.627922341,0.393295761,0.3042028881542886,0.6021219600184035,0.0,0.0,0.0,0.0,0.0,0.0,0.0,0.0,0.0,0.39312596864006033,0.0,0.0,3.675e-09
1532.0,0.9007065431291889,0.556752303,0.392338065,0.26972389338692376,0.6309826497422651,0.0,0.0,0.0,0.0,0.0,0.0,0.0,0.0,0.0,0.3618417975192443,0.0,0.0,3.675e-09
1533.0,0.8965456603682144,0.439292667,0.376192745,0.2128194671869465,0.6837261931812678,0.0,0.0,0.0,0.0,0.0,0.0,0.0,0.0,0.0,0.26824198792910936,0.0,0.0,3.675e-09
1534.0,0.8985437739464924,0.292574681,0.333135319,0.14174055794746704,0.7568032159990253,0.0,0.0,0.0,0.0,0.0,0.0,0.0,0.0,0.0,0.08620672480154822,0.0,0.0,3.675e-09
1535.0,0.9063470984976459,0.141846568,0.293245866,0.06871890493919165,0.742068360925348,0.0,0.09555983263310633,0.0,0.0,0.0,0.0,0.0,0.0,0.0,0.0,0.0,0.0,0.006839048849999999
1536.0,0.9287468891995659,0.03941445,0.313049877,0.019094701274552674,0.7921830656370507,0.0,0.11746912228796252,0.0,0.0,0.0,0.0,0.0,0.0,0.0,0.0,0.0,0.0,0.006839048849999999
1537.0,0.9505414604635356,0.002977764,0.352409409,0.0014426057967602509,0.8917836628984246,0.0,0.05731519176835083,0.0,0.0,0.0,0.0,0.0,0.0,0.0,0.0,0.0,0.0,0.006839048849999999
1538.0,0.9544064085030286,0.0,0.382428039,0.0,0.9544064085030286,0.0,0.0,0.0,0.0,0.0,0.0,0.0,0.0,0.0,0.013340390262158691,0.0,0.0,3.675e-09
1539.0,0.9426535832776624,0.0,0.40483738,0.0,0.9426535832776624,0.0,0.0,0.0,0.0,0.0,0.0,0.0,0.0,0.0,0.08180079391690748,0.0,0.0,3.675e-09
1540.0,0.9119253515563372,0.0,0.418458402,0.0,0.9119253515563372,0.0,0.0,0.0,0.0,0.0,0.0,0.0,0.0,0.0,0.1469974722272395,0.0,0.0,3.675e-09
1541.0,0.8997519879898827,0.0,0.425604852,0.0,0.8997519879898827,0.0,0.0,0.0,0.0,0.0,0.0,0.0,0.0,0.0,0.17725516383648035,0.0,0.0,3.675e-09
1542.0,0.8421649232516711,0.0,0.422538572,0.0,0.8421649232516711,0.0,0.0,0.0,0.0,0.0,0.0,0.0,0.0,0.0,0.22708290563938355,0.0,0.0,3.675e-09
1543.0,0.8234520759897629,0.0,0.417063091,0.0,0.8234520759897629,0.0,0.0,0.0,0.0,0.0,0.0,0.0,0.0,0.0,0.23193986716836926,0.0,0.0,3.675e-09
1544.0,0.8015062001162868,0.0,0.411358224,0.0,0.8015062001162868,0.0,0.0,0.0,0.0,0.0,0.0,0.0,0.0,0.0,0.2394493884506194,0.0,0.0,3.675e-09
1545.0,0.793380240853677,0.0,0.403564336,0.0,0.793380240853677,0.0,0.0,0.0,0.0,0.0,0.0,0.0,0.0,0.0,0.2278526564020559,0.0,0.0,3.675e-09
1546.0,0.7934047160111414,3.3e-07,0.394935706,1.5987160598720476e-07,0.7934045561395354,0.0,0.0,0.0,0.0,0.0,0.0,0.0,0.0,0.0,0.2059933075708949,0.0,0.0,3.675e-09
1547.0,0.799272228293858,0.002291997,0.389990762,0.0011103795191147131,0.7981618487747433,0.0,0.0,0.0,0.0,0.0,0.0,0.0,0.0,0.0,0.1887226706249862,0.0,0.0,3.675e-09
1548.0,0.8162228202216392,0.0301561,0.386757784,0.01460940647669923,0.80161341374494,0.0,0.0,0.0,0.0,0.0,0.0,0.0,0.0,0.0,0.1770899479181355,0.0,0.0,3.675e-09
1549.0,0.840602923841904,0.119219701,0.363530604,0.05775710625510413,0.7828458175867999,0.0,0.0,0.0,0.0,0.0,0.0,0.0,0.0,0.0,0.13708039701320995,0.0,0.0,3.675e-09
1550.0,0.8629226115741252,0.272311719,0.315105761,0.13192397528989824,0.730998636284227,0.0,0.0,0.0,0.0,0.0,0.0,0.0,0.0,0.0,0.0663869117985017,0.0,0.0,3.675e-09
1551.0,0.8767336278550248,0.44494926,0.294883061,0.21555985690611615,0.6611737709489087,0.0,0.0,0.0,0.0,0.0,0.0,0.0,0.0,0.0,0.08503756606246936,0.0,0.0,3.675e-09
1552.0,0.8772164685058789,0.589275806,0.327527041,0.28548021052916517,0.5917362579767137,0.0,0.0,0.0,0.0,0.0,0.0,0.0,0.0,0.0,0.23708174989112524,0.0,0.0,3.675e-09
1553.0,0.8715336363200996,0.684111427,0.35779194,0.33142421972329816,0.5401094165968015,0.0,0.0,0.0,0.0,0.0,0.0,0.0,0.0,0.0,0.3652949189858881,0.0,0.0,3.675e-09
1554.0,0.8673972297165142,0.718702685,0.373042152,0.3481822802371701,0.5192149494793442,0.0,0.0,0.0,0.0,0.0,0.0,0.0,0.0,0.0,0.42478055186117436,0.0,0.0,3.675e-09
1555.0,0.8619613809373627,0.690496776,0.386053517,0.3345176621457794,0.5274437187915835,0.0,0.0,0.0,0.0,0.0,0.0,0.0,0.0,0.0,0.44947747193939164,0.0,0.0,3.675e-09
1556.0,0.8573999853277435,0.601629711,0.395436799,0.2914651760823875,0.5659348092453561,0.0,0.0,0.0,0.0,0.0,0.0,0.0,0.0,0.0,0.43473108687164586,0.0,0.0,3.675e-09
1557.0,0.853748643207598,0.464385552,0.379217353,0.22497595150149874,0.6287726917060993,0.0,0.0,0.0,0.0,0.0,0.0,0.0,0.0,0.0,0.3308493599655825,0.0,0.0,3.675e-09
1558.0,0.8596384068151933,0.300332298,0.334608155,0.14549880851844776,0.7141395982967456,0.0,0.0,0.0,0.0,0.0,0.0,0.0,0.0,0.0,0.13259740270535816,0.0,0.0,3.675e-09
1559.0,0.8740101408842107,0.145025027,0.337389725,0.07025873931765979,0.8037514015665509,0.0,0.0,0.0,0.0,0.0,0.0,0.0,0.0,0.0,0.05002445430111157,0.0,0.0,3.675e-09
1560.0,0.9096424284190547,0.041619417,0.38853918,0.02016291829103385,0.8894795101280208,0.0,0.0,0.0,0.0,0.0,0.0,0.0,0.0,0.0,0.09373173302000269,0.0,0.0,3.675e-09
1561.0,0.9493399219176014,0.003240841,0.443497223,0.0015700559255126627,0.9477698659920888,0.0,0.0,0.0,0.0,0.0,0.0,0.0,0.0,0.0,0.17451452231213904,0.0,0.0,3.675e-09
1562.0,0.9609214170410179,0.0,0.480152236,0.0,0.9609214170410179,0.0,0.0,0.0,0.0,0.0,0.0,0.0,0.0,0.0,0.25411969376243626,0.0,0.0,3.675e-09
1563.0,0.9448185772928693,0.0,0.491084149,0.0,0.9448185772928693,0.0,0.0,0.0,0.0,0.0,0.0,0.0,0.0,0.0,0.29788610085202,0.0,0.0,3.675e-09
1564.0,0.9142928273283394,0.0,0.478928443,0.0,0.9142928273283394,0.0,0.0,0.0,0.0,0.0,0.0,0.0,0.0,0.0,0.29765143482040285,0.0,0.0,3.675e-09
1565.0,0.874815616246521,0.0,0.46586897,0.0,0.874815616246521,0.0,0.0,0.0,0.0,0.0,0.0,0.0,0.0,0.0,0.3040812176269363,0.0,0.0,3.675e-09
1566.0,0.8349712688034135,0.0,0.447259332,0.0,0.8349712688034135,0.0,0.0,0.0,0.0,0.0,0.0,0.0,0.0,0.0,0.29683326073019656,0.0,0.0,3.675e-09
1567.0,0.815072457823069,0.0,0.429560245,0.0,0.8150724578230689,0.0,0.0,0.0,0.0,0.0,0.0,0.0,0.0,0.0,0.27194394678616396,0.0,0.0,3.675e-09
1568.0,0.8035198895219874,0.0,0.410502079,0.0,0.8035198895219874,0.0,0.0,0.0,0.0,0.0,0.0,0.0,0.0,0.0,0.23526919581153857,0.0,0.0,3.675e-09
1569.0,0.7941745910535103,0.0,0.389650993,0.0,0.7941745910535103,0.0,0.0,0.0,0.0,0.0,0.0,0.0,0.0,0.0,0.19185013165628662,0.0,0.0,3.675e-09
1570.0,0.8078298520599578,5.26e-07,0.373234287,2.5482565075536276e-07,0.8078295972343071,0.0,0.0,0.0,0.0,0.0,0.0,0.0,0.0,0.0,0.1366521080772041,0.0,0.0,3.675e-09
1571.0,0.8353806819820248,0.002184698,0.359412405,0.0010583975086576798,0.8343222844733671,0.0,0.0,0.0,0.0,0.0,0.0,0.0,0.0,0.0,0.07518269137712744,0.0,0.0,3.675e-09
1572.0,0.9091328877782259,0.029482703,0.339540605,0.01428317296198115,0.8592187288326548,0.0,0.035630985983589845,0.0,0.0,0.0,0.0,0.0,0.0,0.0,0.0,0.0,0.0,0.006839048849999999
1573.0,0.960507553197461,0.114749966,0.284530149,0.05559170106483982,0.720012950846765,0.0,0.18490290128585607,0.0,0.0,0.0,0.0,0.0,0.0,0.0,0.0,0.0,0.0,0.006839048849999999
1574.0,0.9706027012158636,0.256990773,0.229108655,0.12450159879819145,0.5797670276097295,0.0,0.26633407480794263,0.0,0.0,0.0,0.0,0.0,0.0,0.0,0.0,0.0,0.0,0.006839048849999999
1575.0,0.972805521383447,0.416494004,0.220911574,0.20177444031370084,0.5590240430793275,0.0,0.2120070379904187,0.0,0.0,0.0,0.0,0.0,0.0,0.0,0.0,0.0,0.0,0.006839048849999999
1576.0,0.9643569264094561,0.550317041,0.243055507,0.26660627014180727,0.6150599977882363,0.0,0.0826906584794126,0.0,0.0,0.0,0.0,0.0,0.0,0.0,0.0,0.0,0.0,0.006839048849999999
1577.0,0.9693677861825736,0.637966169,0.263865928,0.3090687151622257,0.6602990710203479,0.0,0.0,0.0,0.0,0.0,0.0,0.0,0.0,0.0,0.0074223852644132084,0.0,0.0,3.675e-09
1578.0,0.9534540781962327,0.668935836,0.281082657,0.32407226182943455,0.6293818163667982,0.0,0.0,0.0,0.0,0.0,0.0,0.0,0.0,0.0,0.08190714197279456,0.0,0.0,3.675e-09
1579.0,0.9535430814958982,0.643009408,0.295809789,0.31151195976315693,0.6420311217327412,0.0,0.0,0.0,0.0,0.0,0.0,0.0,0.0,0.0,0.10652533112754578,0.0,0.0,3.675e-09
1580.0,0.9520500578935035,0.56274396,0.29659993,0.2726266080145434,0.6794234498789602,0.0,0.0,0.0,0.0,0.0,0.0,0.0,0.0,0.0,0.07113248091009632,0.0,0.0,3.675e-09
1581.0,0.9380232098608212,0.434692441,0.275493831,0.21059084440354017,0.6971462493360941,0.0,0.03028611612118689,0.0,0.0,0.0,0.0,0.0,0.0,0.0,0.0,0.0,0.0,0.006839048849999999
1582.0,0.9453503692585769,0.280660209,0.254221421,0.13596847984707436,0.6433157123980832,0.0,0.16606617701341944,0.0,0.0,0.0,0.0,0.0,0.0,0.0,0.0,0.0,0.0,0.006839048849999999
1583.0,0.941743528788264,0.135422608,0.251734873,0.06560675705435055,0.6370234204592696,0.0,0.23911335127464367,0.0,0.0,0.0,0.0,0.0,0.0,0.0,0.0,0.0,0.0,0.006839048849999999
1584.0,0.9752731246176669,0.042947404,0.268352458,0.020806274092306978,0.6790747688096932,0.0,0.27539208171566665,0.0,0.0,0.0,0.0,0.0,0.0,0.0,0.0,0.0,0.0,0.006839048849999999
1585.0,0.9946312433023373,0.003878517,0.293584232,0.0018789840655717438,0.7429246072773865,0.0,0.24982765195937903,0.0,0.0,0.0,0.0,0.0,0.0,0.0,0.0,0.0,0.0,0.006839048849999999
1586.0,0.9963512228190669,0.0,0.310534261,0.0,0.7858172161630206,0.0,0.21053400665604627,0.0,0.0,0.0,0.0,0.0,0.0,0.0,0.0,0.0,0.0,0.006839048849999999
1587.0,0.9757092387861778,0.0,0.317764261,0.0,0.8041129702436265,0.0,0.17159626854255128,0.0,0.0,0.0,0.0,0.0,0.0,0.0,0.0,0.0,0.0,0.006839048849999999
1588.0,0.9280682422893729,0.0,0.30788972,0.0,0.7791251177132171,0.0,0.14894312457615577,0.0,0.0,0.0,0.0,0.0,0.0,0.0,0.0,0.0,0.0,0.006839048849999999
1589.0,0.8802803908480824,0.0,0.292175175,0.0,0.7393589419443912,0.0,0.14092144890369115,0.0,0.0,0.0,0.0,0.0,0.0,0.0,0.0,0.0,0.0,0.006839048849999999
1590.0,0.8276107339182269,0.0,0.276676635,0.0,0.7001393739708875,0.0,0.12747135994733935,0.0,0.0,0.0,0.0,0.0,0.0,0.0,0.0,0.0,0.0,0.006839048849999999
1591.0,0.7938786563320288,0.0,0.262769915,0.0,0.66494795914546,0.0,0.12893069718656885,0.0,0.0,0.0,0.0,0.0,0.0,0.0,0.0,0.0,0.0,0.006839048849999999
1592.0,0.7773997798926248,0.0,0.247239362,0.0,0.6256473812168549,0.0,0.15175239867576978,0.0,0.0,0.0,0.0,0.0,0.0,0.0,0.0,0.0,0.0,0.006839048849999999
1593.0,0.76689076903059,0.0,0.231259148,0.0,0.5852089212584243,0.0,0.18168184777216564,0.0,0.0,0.0,0.0,0.0,0.0,0.0,0.0,0.0,0.0,0.006839048849999999
1594.0,0.7727916578006624,1.1e-06,0.222826051,5.329053532906825e-07,0.5638686904354792,0.0,0.20892243445982997,0.0,0.0,0.0,0.0,0.0,0.0,0.0,0.0,0.0,0.0,0.006839048849999999
1595.0,0.7993634564260339,0.0019071,0.221091291,0.0009239125447824188,0.5594788228906836,0.0,0.23896072099056787,0.0,0.0,0.0,0.0,0.0,0.0,0.0,0.0,0.0,0.0,0.006839048849999999
1596.0,0.8629915883814223,0.026175832,0.217184275,0.012681128181488683,0.5495919897060375,0.0,0.3007184704938962,0.0,0.0,0.0,0.0,0.0,0.0,0.0,0.0,0.0,0.0,0.006839048849999999
1597.0,0.9159527303677384,0.095896344,0.194515701,0.04645788643509529,0.49222841359787517,0.0,0.37726643033476787,0.0,0.0,0.0,0.0,0.0,0.0,0.0,0.0,0.0,0.0,0.006839048849999999
1598.0,0.9338022506225162,0.224879607,0.154871222,0.10894504219654987,0.39190674853041474,0.0,0.4329504598955516,0.0,0.0,0.0,0.0,0.0,0.0,0.0,0.0,0.0,0.0,0.006839048849999999
1599.0,0.9428093385521144,0.380746634,0.15496663,0.18445629046000744,0.3921481816293528,0.0,0.36620486646275413,0.0,0.0,0.0,0.0,0.0,0.0,0.0,0.0,0.0,0.0,0.006839048849999999
1600.0,0.9485566968802451,0.513434176,0.180031635,0.24873801904799134,0.4555760056278526,0.0,0.24424267220440118,0.0,0.0,0.0,0.0,0.0,0.0,0.0,0.0,0.0,0.0,0.006839048849999999
1601.0,0.9494266993848317,0.598190249,0.202257628,0.28979889634398753,0.5118196158803097,0.0,0.14780818716053443,0.0,0.0,0.0,0.0,0.0,0.0,0.0,0.0,0.0,0.0,0.006839048849999999
1602.0,0.9460601668236904,0.629278659,0.21313272,0.3048599691751654,0.5393393958022963,0.0,0.10186080184622875,0.0,0.0,0.0,0.0,0.0,0.0,0.0,0.0,0.0,0.0,0.006839048849999999
1603.0,0.9444358651041577,0.605079308,0.216182907,0.2931363658169288,0.5470579948689437,0.0,0.10424150441828521,0.0,0.0,0.0,0.0,0.0,0.0,0.0,0.0,0.0,0.0,0.006839048849999999
1604.0,0.944220033352375,0.52908277,0.214822488,0.25631912769714815,0.5436154096033028,0.0,0.144285496051924,0.0,0.0,0.0,0.0,0.0,0.0,0.0,0.0,0.0,0.0,0.006839048849999999
1605.0,0.9417190536307996,0.413115632,0.202992786,0.20013775620078508,0.5136799575094093,0.0,0.2279013399206051,0.0,0.0,0.0,0.0,0.0,0.0,0.0,0.0,0.0,0.0,0.006839048849999999
1606.0,0.9417947059355528,0.274608764,0.185234946,0.13303680036012516,0.46874315617569645,0.0,0.34001474939973125,0.0,0.0,0.0,0.0,0.0,0.0,0.0,0.0,0.0,0.0,0.006839048849999999
1607.0,0.9460601668236904,0.141797682,0.188143071,0.0686952216563726,0.4761022626536579,0.0,0.40126268251366,0.0,0.0,0.0,0.0,0.0,0.0,0.0,0.0,0.0,0.0,0.006839048849999999
1608.0,0.9663772913126127,0.045886031,0.211522515,0.022229919601056556,0.5352647188037677,0.0,0.40888265290778864,0.0,0.0,0.0,0.0,0.0,0.0,0.0,0.0,0.0,0.0,0.006839048849999999
1609.0,0.9939993228744873,0.004046726,0.23648056,0.0019604744988187183,0.5984218769853294,0.0,0.39361697139033913,0.0,0.0,0.0,0.0,0.0,0.0,0.0,0.0,0.0,0.0,0.006839048849999999
1610.0,0.9907151181155555,8.56e-10,0.251886336,4.146972567425675e-10,0.6374067025893264,0.0,0.3533084151115317,0.0,0.0,0.0,0.0,0.0,0.0,0.0,0.0,0.0,0.0,0.006839048849999999
1611.0,0.9636271033518989,0.0,0.266468176,0.0,0.6743065308995256,0.0,0.2893205724523733,0.0,0.0,0.0,0.0,0.0,0.0,0.0,0.0,0.0,0.0,0.006839048849999999
1612.0,0.9209880662982451,0.0,0.280697802,0.0,0.7103150700357626,0.0,0.21067299626248254,0.0,0.0,0.0,0.0,0.0,0.0,0.0,0.0,0.0,0.0,0.006839048849999999
1613.0,0.8679201213522553,0.0,0.291363129,0.0,0.7373040326887701,0.0,0.13061608866348512,0.0,0.0,0.0,0.0,0.0,0.0,0.0,0.0,0.0,0.0,0.006839048849999999
1614.0,0.8192600415739432,0.0,0.293876635,0.0,0.743664542738027,0.0,0.07559549883591614,0.0,0.0,0.0,0.0,0.0,0.0,0.0,0.0,0.0,0.0,0.006839048849999999
1615.0,0.7809309680581844,0.0,0.287998642,0.0,0.7287900870788954,0.0,0.05214088097928906,0.0,0.0,0.0,0.0,0.0,0.0,0.0,0.0,0.0,0.0,0.006839048849999999
1616.0,0.7558343913753499,0.0,0.277673827,0.0,0.7026628013018898,0.0,0.05317159007345996,0.0,0.0,0.0,0.0,0.0,0.0,0.0,0.0,0.0,0.0,0.006839048849999999
1617.0,0.7450249961268127,0.0,0.261300212,0.0,0.6612288271040313,0.0,0.08379616902278149,0.0,0.0,0.0,0.0,0.0,0.0,0.0,0.0,0.0,0.0,0.006839048849999999
1618.0,0.7482624744034015,9.48e-07,0.248455387,4.592675226541518e-07,0.6287245726906957,0.0,0.1195374424451831,0.0,0.0,0.0,0.0,0.0,0.0,0.0,0.0,0.0,0.0,0.006839048849999999
1619.0,0.7774709825323569,0.001585976,0.241581908,0.0007683410005368577,0.6113310067899754,0.0,0.1653716347418446,0.0,0.0,0.0,0.0,0.0,0.0,0.0,0.0,0.0,0.0,0.006839048849999999
1620.0,0.835794544825657,0.020703458,0.230917463,0.010029985090753462,0.5843442760671337,0.0,0.2414202836677699,0.0,0.0,0.0,0.0,0.0,0.0,0.0,0.0,0.0,0.0,0.006839048849999999
1621.0,0.888428601435571,0.080272614,0.20618353,0.03888882338476054,0.5217542407124754,0.0,0.3277855373383351,0.0,0.0,0.0,0.0,0.0,0.0,0.0,0.0,0.0,0.0,0.006839048849999999
1622.0,0.9122746882576179,0.20094168,0.153083431,0.09734808815565753,0.3873826842864977,0.0,0.42754391581546275,0.0,0.0,0.0,0.0,0.0,0.0,0.0,0.0,0.0,0.0,0.006839048849999999
1623.0,0.9259165982691533,0.351438918,0.124992364,0.17025789159716836,0.31629731033161257,0.0,0.4393613963403724,0.0,0.0,0.0,0.0,0.0,0.0,0.0,0.0,0.0,0.0,0.006839048849999999
1624.0,0.9369106746145525,0.483117189,0.157161379,0.2340506693498604,0.3977020665494988,0.0,0.30515793871519337,0.0,0.0,0.0,0.0,0.0,0.0,0.0,0.0,0.0,0.0,0.006839048849999999
1625.0,0.9425712554754531,0.573038194,0.189730881,0.2776137465660224,0.48012026836413185,0.0,0.18483724054529882,0.0,0.0,0.0,0.0,0.0,0.0,0.0,0.0,0.0,0.0,0.006839048849999999
1626.0,0.9441888826974545,0.609613608,0.210952981,0.2953330501291342,0.5338234941834988,0.0,0.11503233838482148,0.0,0.0,0.0,0.0,0.0,0.0,0.0,0.0,0.0,0.0,0.006839048849999999
1627.0,0.9445092925764004,0.589809863,0.226641223,0.2857389394694037,0.5735231093410411,0.0,0.08524724376595556,0.0,0.0,0.0,0.0,0.0,0.0,0.0,0.0,0.0,0.0,0.006839048849999999
1628.0,0.9447763014754719,0.518759808,0.232927865,0.25131807159567876,0.5894316648078195,0.0,0.10402656507197376,0.0,0.0,0.0,0.0,0.0,0.0,0.0,0.0,0.0,0.0,0.006839048849999999
1629.0,0.9432031759033029,0.407718941,0.225311089,0.1975232784517345,0.5701571612693602,0.0,0.17552273618220826,0.0,0.0,0.0,0.0,0.0,0.0,0.0,0.0,0.0,0.0,0.006839048849999999
1630.0,0.9447050988357395,0.274216982,0.220366039,0.13284699788274065,0.5576435487221543,0.0,0.2542145522308445,0.0,0.0,0.0,0.0,0.0,0.0,0.0,0.0,0.0,0.0,0.006839048849999999
1631.0,0.949824987400966,0.145593957,0.236966927,0.07053436281097585,0.5996526447619438,0.0,0.2796379798280463,0.0,0.0,0.0,0.0,0.0,0.0,0.0,0.0,0.0,0.0,0.006839048849999999
1632.0,0.971150068009069,0.048834113,0.274926363,0.023658145673547376,0.6957102527971434,0.0,0.25178166953837816,0.0,0.0,0.0,0.0,0.0,0.0,0.0,0.0,0.0,0.0,0.006839048849999999
1633.0,0.9932249981670975,0.004660875,0.313826119,0.002258004762289736,0.7941473716867102,0.0,0.19681962171809753,0.0,0.0,0.0,0.0,0.0,0.0,0.0,0.0,0.0,0.0,0.006839048849999999
1634.0,0.986910246553393,1.15e-08,0.339500659,5.571283238948045e-09,0.859117644158726,0.0,0.12779259682338368,0.0,0.0,0.0,0.0,0.0,0.0,0.0,0.0,0.0,0.0,0.006839048849999999
1635.0,0.9612618524124072,0.0,0.35209863,0.0,0.8909972263621291,0.0,0.0702646260502782,0.0,0.0,0.0,0.0,0.0,0.0,0.0,0.0,0.0,0.0,0.006839048849999999
1636.0,0.9178796423062088,0.0,0.354019962,0.0,0.8958592205224608,0.0,0.022020421783747926,0.0,0.0,0.0,0.0,0.0,0.0,0.0,0.0,0.0,0.0,0.006839048849999999
1637.0,0.8627112294873635,0.0,0.349712034,0.0,0.8627112294873635,0.0,0.0,0.0,0.0,0.0,0.0,0.0,0.0,0.0,0.022246636777150514,0.0,0.0,3.675e-09
1638.0,0.8132456753466657,0.0,0.345086376,0.0,0.8132456753466657,0.0,0.0,0.0,0.0,0.0,0.0,0.0,0.0,0.0,0.0600068103882511,0.0,0.0,3.675e-09
1639.0,0.776022460579795,0.0,0.341731554,0.0,0.776022460579795,0.0,0.0,0.0,0.0,0.0,0.0,0.0,0.0,0.0,0.0887405371473479,0.0,0.0,3.675e-09
1640.0,0.7503206654589347,0.0,0.335483854,0.0,0.7503206654589347,0.0,0.0,0.0,0.0,0.0,0.0,0.0,0.0,0.0,0.09863232082015833,0.0,0.0,3.675e-09
1641.0,0.7377467880439108,0.0,0.323863173,0.0,0.7377467880439108,0.0,0.0,0.0,0.0,0.0,0.0,0.0,0.0,0.0,0.08179968069366528,0.0,0.0,3.675e-09
1642.0,0.7391886344990167,3.2e-06,0.312248862,1.5502701186638037e-06,0.7391870842288981,0.0,0.0,0.0,0.0,0.0,0.0,0.0,0.0,0.0,0.050968986462803345,0.0,0.0,3.675e-09
1643.0,0.7658561109215849,0.002124818,0.300298275,0.0010293880790621832,0.7599147151078999,0.0,0.004912007734622803,0.0,0.0,0.0,0.0,0.0,0.0,0.0,0.0,0.0,0.0,0.006839048849999999
1644.0,0.8194046716859182,0.019511648,0.282078546,0.009452601518839488,0.7138090883860077,0.0,0.09614298178107104,0.0,0.0,0.0,0.0,0.0,0.0,0.0,0.0,0.0,0.0,0.006839048849999999
1645.0,0.8755587902989903,0.074920834,0.245973296,0.03629610319236598,0.6224435593377656,0.0,0.21681912776885875,0.0,0.0,0.0,0.0,0.0,0.0,0.0,0.0,0.0,0.0,0.006839048849999999
1646.0,0.9054481701706493,0.19640839,0.183250321,0.09515189314745831,0.4637209969859008,0.0,0.3465752800372901,0.0,0.0,0.0,0.0,0.0,0.0,0.0,0.0,0.0,0.0,0.006839048849999999
1647.0,0.9270736351652548,0.351924166,0.157975994,0.17049297455796256,0.39976347674457113,0.0,0.35681718386272115,0.0,0.0,0.0,0.0,0.0,0.0,0.0,0.0,0.0,0.0,0.006839048849999999
1648.0,0.9442511840072956,0.486909009,0.177489692,0.23588765223778282,0.4491435348097451,0.0,0.25921999695976755,0.0,0.0,0.0,0.0,0.0,0.0,0.0,0.0,0.0,0.0,0.006839048849999999
1649.0,0.9512890841810258,0.574900653,0.202788066,0.2785160323581901,0.5131619067797576,0.0,0.15961114504307813,0.0,0.0,0.0,0.0,0.0,0.0,0.0,0.0,0.0,0.0,0.006839048849999999
1650.0,0.9546800918996314,0.61028409,0.220508698,0.2956578714446661,0.5580045520390816,0.0,0.10101766841588367,0.0,0.0,0.0,0.0,0.0,0.0,0.0,0.0,0.0,0.0,0.006839048849999999
1651.0,0.9585472657715597,0.590927836,0.233460678,0.2862805520117077,0.5907799657233035,0.0,0.08148674803654858,0.0,0.0,0.0,0.0,0.0,0.0,0.0,0.0,0.0,0.0,0.006839048849999999
1652.0,0.9607790117615533,0.519513855,0.238568562,0.25168337676198127,0.603705635092081,0.0,0.1053899999074911,0.0,0.0,0.0,0.0,0.0,0.0,0.0,0.0,0.0,0.0,0.006839048849999999
1653.0,0.9619338238251444,0.407427339,0.231577138,0.19738200911825243,0.5860136054686721,0.0,0.17853820923821984,0.0,0.0,0.0,0.0,0.0,0.0,0.0,0.0,0.0,0.0,0.006839048849999999
1654.0,0.963856285098669,0.270806765,0.215227083,0.13119488615984712,0.5446392506298924,0.0,0.2880221483089295,0.0,0.0,0.0,0.0,0.0,0.0,0.0,0.0,0.0,0.0,0.006839048849999999
1655.0,0.9674163990866389,0.132874678,0.210596858,0.06437238838452335,0.5329223131557744,0.0,0.37012169754634117,0.0,0.0,0.0,0.0,0.0,0.0,0.0,0.0,0.0,0.0,0.006839048849999999
1656.0,0.980575469447245,0.035174188,0.223546668,0.01704046643895717,0.565692235583239,0.0,0.3978427674250488,0.0,0.0,0.0,0.0,0.0,0.0,0.0,0.0,0.0,0.0,0.006839048849999999
1657.0,0.9982336331077045,0.002156996,0.240048095,0.001044977014024172,0.6074496422735666,0.0,0.3897390138201138,0.0,0.0,0.0,0.0,0.0,0.0,0.0,0.0,0.0,0.0,0.006839048849999999
1658.0,0.994726921099534,1.34e-08,0.254068473,6.491756121904678e-09,0.6429286724264206,0.0,0.3517982421813572,0.0,0.0,0.0,0.0,0.0,0.0,0.0,0.0,0.0,0.0,0.006839048849999999
1659.0,0.9710165640594957,0.0,0.269660406,0.0,0.6823845744747307,0.0,0.2886319895847649,0.0,0.0,0.0,0.0,0.0,0.0,0.0,0.0,0.0,0.0,0.006839048849999999
1660.0,0.927988139319674,0.0,0.283036507,0.0,0.716233240374225,0.0,0.2117548989454491,0.0,0.0,0.0,0.0,0.0,0.0,0.0,0.0,0.0,0.0,0.006839048849999999
1661.0,0.8740279415441436,0.0,0.289254083,0.0,0.7319670220441388,0.0,0.14206091950000488,0.0,0.0,0.0,0.0,0.0,0.0,0.0,0.0,0.0,0.0,0.006839048849999999
1662.0,0.8269298621755234,0.0,0.288409412,0.0,0.729829554147179,0.0,0.09710030802834448,0.0,0.0,0.0,0.0,0.0,0.0,0.0,0.0,0.0,0.0,0.006839048849999999
1663.0,0.789312810057464,0.0,0.284924997,0.0,0.7210121267675422,0.0,0.06830068328992175,0.0,0.0,0.0,0.0,0.0,0.0,0.0,0.0,0.0,0.0,0.006839048849999999
1664.0,0.7622537211162176,0.0,0.281949028,0.0,0.713481338804125,0.0,0.04877238231209253,0.0,0.0,0.0,0.0,0.0,0.0,0.0,0.0,0.0,0.0,0.006839048849999999
1665.0,0.7483225508807321,0.0,0.277738135,0.0,0.7028255348224176,0.0,0.04549701605831445,0.0,0.0,0.0,0.0,0.0,0.0,0.0,0.0,0.0,0.0,0.006839048849999999
1666.0,0.7482802750633346,2.16e-06,0.273443353,1.0464323300980676e-06,0.6919574469521809,0.0,0.05632178167882361,0.0,0.0,0.0,0.0,0.0,0.0,0.0,0.0,0.0,0.0,0.006839048849999999
1667.0,0.7692204186502155,0.001539929,0.26742496,0.0007460330979886977,0.676727704450322,0.0,0.09174668110190479,0.0,0.0,0.0,0.0,0.0,0.0,0.0,0.0,0.0,0.0,0.006839048849999999
1668.0,0.8243843808041151,0.01974776,0.254898426,0.0095669881995451,0.6450288959376878,0.0,0.1697884966668823,0.0,0.0,0.0,0.0,0.0,0.0,0.0,0.0,0.0,0.0,0.006839048849999999
1669.0,0.8799533054716805,0.088980079,0.226122776,0.04310723675938895,0.5722111620636099,0.0,0.2646349066486818,0.0,0.0,0.0,0.0,0.0,0.0,0.0,0.0,0.0,0.0,0.006839048849999999
1670.0,0.9108239414725454,0.216831476,0.189779894,0.10504604938392739,0.48024429738138674,0.0,0.3255335947072313,0.0,0.0,0.0,0.0,0.0,0.0,0.0,0.0,0.0,0.0,0.006839048849999999
1671.0,0.9302955386143456,0.363302335,0.165315207,0.17600523562227716,0.41833559793311664,0.0,0.3359547050589517,0.0,0.0,0.0,0.0,0.0,0.0,0.0,0.0,0.0,0.0,0.006839048849999999
1672.0,0.9459911900163934,0.48483261,0.181281197,0.23488172119899425,0.45873806358919006,0.0,0.2523714052282091,0.0,0.0,0.0,0.0,0.0,0.0,0.0,0.0,0.0,0.0,0.006839048849999999
1673.0,0.9555968218864858,0.562407609,0.214986314,0.27246365960683,0.5440299767136776,0.0,0.1391031855659782,0.0,0.0,0.0,0.0,0.0,0.0,0.0,0.0,0.0,0.0,0.006839048849999999
1674.0,0.9569830405293573,0.587892622,0.237844032,0.2848101140217234,0.6018721879684266,0.0,0.0703007385392074,0.0,0.0,0.0,0.0,0.0,0.0,0.0,0.0,0.0,0.0,0.006839048849999999
1675.0,0.9572099984435416,0.558098694,0.248324308,0.2703761651792168,0.6283928729466941,0.0,0.058440960317630734,0.0,0.0,0.0,0.0,0.0,0.0,0.0,0.0,0.0,0.0,0.006839048849999999
1676.0,0.9555812460590631,0.478144546,0.248525124,0.23164162564558458,0.6289010444752487,0.0,0.09503857593822973,0.0,0.0,0.0,0.0,0.0,0.0,0.0,0.0,0.0,0.0,0.006839048849999999
1677.0,0.9505103088086904,0.35957632,0.234553024,0.17420013258596684,0.5935441833978448,0.0,0.1827659928248788,0.0,0.0,0.0,0.0,0.0,0.0,0.0,0.0,0.0,0.0,0.006839048849999999
1678.0,0.946494056159691,0.223886412,0.218395812,0.10846387953076665,0.5526578241474696,0.0,0.2853723524814547,0.0,0.0,0.0,0.0,0.0,0.0,0.0,0.0,0.0,0.0,0.006839048849999999
1679.0,0.9418125065954859,0.102359576,0.243003767,0.0495890600099677,0.6149290680073054,0.0,0.27729437857821276,0.0,0.0,0.0,0.0,0.0,0.0,0.0,0.0,0.0,0.0,0.006839048849999999
1680.0,0.9464295290174147,0.02855397,0.314291201,0.013833239518819592,0.7953242770669752,0.0,0.13727201243161988,0.0,0.0,0.0,0.0,0.0,0.0,0.0,0.0,0.0,0.0,0.006839048849999999
1681.0,0.9592926646565394,0.002910186,0.384579661,0.0014098669986105437,0.9578827976579288,0.0,0.0,0.0,0.0,0.0,0.0,0.0,0.0,0.0,0.015308751727786864,0.0,0.0,3.675e-09
1682.0,0.9545087617976815,4.06e-08,0.427176588,1.966905213054701e-08,0.9545087421286294,0.0,0.0,0.0,0.0,0.0,0.0,0.0,0.0,0.0,0.12647573961967493,0.0,0.0,3.675e-09
1683.0,0.9300886071925295,0.0,0.45673844,0.0,0.9300886071925295,0.0,0.0,0.0,0.0,0.0,0.0,0.0,0.0,0.0,0.2257031185888679,0.0,0.0,3.675e-09
1684.0,0.9016277227810642,0.0,0.474504368,0.0,0.9016277227810642,0.0,0.0,0.0,0.0,0.0,0.0,0.0,0.0,0.0,0.29912127128549876,0.0,0.0,3.675e-09
1685.0,0.8511675615162484,0.0,0.478560056,0.0,0.8511675615162484,0.0,0.0,0.0,0.0,0.0,0.0,0.0,0.0,0.0,0.3598444851472252,0.0,0.0,3.675e-09
1686.0,0.8131744727069334,0.0,0.478383414,0.0,0.8131744727069334,0.0,0.0,0.0,0.0,0.0,0.0,0.0,0.0,0.0,0.3973905755343678,0.0,0.0,3.675e-09
1687.0,0.7795313984204006,0.0,0.477805348,0.0,0.7795313984204006,0.0,0.0,0.0,0.0,0.0,0.0,0.0,0.0,0.0,0.42957083469249685,0.0,0.0,3.675e-09
1688.0,0.7556853115983538,0.0,0.475223915,0.0,0.7556853115983538,0.0,0.0,0.0,0.0,0.0,0.0,0.0,0.0,0.0,0.4468845199455863,0.0,0.0,3.675e-09
1689.0,0.738501087258857,0.0,0.457034589,0.0,0.7385010872588569,0.0,0.0,0.0,0.0,0.0,0.0,0.0,0.0,0.0,0.41804005336005323,0.0,0.0,3.675e-09
1690.0,0.7322753389448179,8.04e-06,0.436757917,3.8950536731428065e-06,0.7322714438911447,0.0,0.0,0.0,0.0,0.0,0.0,0.0,0.0,0.0,0.37295890772567625,0.0,0.0,3.675e-09
1691.0,0.7357664751255658,0.003082986,0.423113188,0.0014935815850183893,0.7342728935405474,0.0,0.0,0.0,0.0,0.0,0.0,0.0,0.0,0.0,0.3364290201398269,0.0,0.0,3.675e-09
1692.0,0.7535180917507117,0.029206977,0.408674385,0.014149594906125306,0.7393684968445863,0.0,0.0,0.0,0.0,0.0,0.0,0.0,0.0,0.0,0.2947955483840159,0.0,0.0,3.675e-09
1693.0,0.7791575865616557,0.099009892,0.383915027,0.04796627406866575,0.7311913124929899,0.0,0.0,0.0,0.0,0.0,0.0,0.0,0.0,0.0,0.24031835857770387,0.0,0.0,3.675e-09
1694.0,0.8054201004705581,0.214979878,0.337111467,0.1041490253054344,0.7012710751651237,0.0,0.0,0.0,0.0,0.0,0.0,0.0,0.0,0.0,0.15180063963214319,0.0,0.0,3.675e-09
1695.0,0.8407230777964899,0.350623392,0.327249755,0.16986280235067042,0.6708602754458195,0.0,0.0,0.0,0.0,0.0,0.0,0.0,0.0,0.0,0.15725605102976561,0.0,0.0,3.675e-09
1696.0,0.8662646679778773,0.470312953,0.409695999,0.22784753670513558,0.6384171312727417,0.0,0.0,0.0,0.0,0.0,0.0,0.0,0.0,0.0,0.39833214196544603,0.0,0.0,3.675e-09
1697.0,0.8756210926087561,0.555338349,0.446351166,0.2690388900633721,0.6065822025453841,0.0,0.0,0.0,0.0,0.0,0.0,0.0,0.0,0.0,0.5229241828941226,0.0,0.0,3.675e-09
1698.0,0.8792768843939226,0.588563834,0.44788061,0.285135288992626,0.5941415954012966,0.0,0.0,0.0,0.0,0.0,0.0,0.0,0.0,0.0,0.5392350986556456,0.0,0.0,3.675e-09
1699.0,0.8759659786450911,0.566784089,0.433313519,0.27458388653462057,0.6013820921104704,0.0,0.0,0.0,0.0,0.0,0.0,0.0,0.0,0.0,0.4951320964684901,0.0,0.0,3.675e-09
1700.0,0.8759548524826894,0.495893358,0.413824147,0.24024020467226628,0.6357146478104231,0.0,0.0,0.0,0.0,0.0,0.0,0.0,0.0,0.0,0.4114810404507722,0.0,0.0,3.675e-09
1701.0,0.866649605999024,0.387288607,0.390527293,0.18762561085344664,0.6790239951455773,0.0,0.0,0.0,0.0,0.0,0.0,0.0,0.0,0.0,0.30921823369158263,0.0,0.0,3.675e-09
1702.0,0.8703699249264667,0.25943585,0.376972223,0.12568613936410775,0.7446837855623589,0.0,0.0,0.0,0.0,0.0,0.0,0.0,0.0,0.0,0.2092568904026853,0.0,0.0,3.675e-09
1703.0,0.8755788157914338,0.135930818,0.399248253,0.06585296417216498,0.8097258516192688,0.0,0.0,0.0,0.0,0.0,0.0,0.0,0.0,0.0,0.20058505488134887,0.0,0.0,3.675e-09
1704.0,0.8891094731782746,0.045718318,0.448012119,0.022148669459677976,0.8669608037185966,0.0,0.0,0.0,0.0,0.0,0.0,0.0,0.0,0.0,0.26674867821156617,0.0,0.0,3.675e-09
1705.0,0.9076532151707434,0.00511612,0.479190695,0.002478552487343206,0.9051746626834002,0.0,0.0,0.0,0.0,0.0,0.0,0.0,0.0,0.0,0.30743323682345386,0.0,0.0,3.675e-09
1706.0,0.9020037594723198,3.14e-07,0.482075132,1.521202553938857e-07,0.9020036073520644,0.0,0.0,0.0,0.0,0.0,0.0,0.0,0.0,0.0,0.3179034553654397,0.0,0.0,3.675e-09
1707.0,0.8908316775275147,0.0,0.473052611,0.0,0.8908316775275147,0.0,0.0,0.0,0.0,0.0,0.0,0.0,0.0,0.0,0.30624359744405566,0.0,0.0,3.675e-09
1708.0,0.8611269797526424,0.0,0.451660727,0.0,0.8611269797526424,0.0,0.0,0.0,0.0,0.0,0.0,0.0,0.0,0.0,0.28181542537316784,0.0,0.0,3.675e-09
1709.0,0.8197651335496758,0.0,0.425291469,0.0,0.8197651335496757,0.0,0.0,0.0,0.0,0.0,0.0,0.0,0.0,0.0,0.25644899223228296,0.0,0.0,3.675e-09
1710.0,0.7638557725107965,0.0,0.40000801,0.0,0.7638557725107965,0.0,0.0,0.0,0.0,0.0,0.0,0.0,0.0,0.0,0.24837772420185694,0.0,0.0,3.675e-09
1711.0,0.734998825915632,0.0,0.375800205,0.0,0.734998825915632,0.0,0.0,0.0,0.0,0.0,0.0,0.0,0.0,0.0,0.21597601974428857,0.0,0.0,3.675e-09
1712.0,0.6788825334549365,0.0,0.359761151,0.0,0.6788825334549365,0.0,0.0,0.0,0.0,0.0,0.0,0.0,0.0,0.0,0.2315049556808408,0.0,0.0,3.675e-09
1713.0,0.6749374824457447,0.0,0.347375629,0.0,0.6749374824457447,0.0,0.0,0.0,0.0,0.0,0.0,0.0,0.0,0.0,0.2041080337063629,0.0,0.0,3.675e-09
1714.0,0.7268439398306874,1.26e-05,0.345516768,6.104188592238727e-06,0.7268378356420951,0.0,0.0,0.0,0.0,0.0,0.0,0.0,0.0,0.0,0.14750377128096276,0.0,0.0,3.675e-09
1715.0,0.7493149331723397,0.003563038,0.351438614,0.0017261472947073882,0.7475887858776322,0.0,0.0,0.0,0.0,0.0,0.0,0.0,0.0,0.0,0.14173824817118214,0.0,0.0,3.675e-09
1716.0,0.6889598798134814,0.02570744,0.354925081,0.012454211268544567,0.6765056685449369,0.0,0.0,0.0,0.0,0.0,0.0,0.0,0.0,0.0,0.2216439855373694,0.0,0.0,3.675e-09
1717.0,0.762887866376578,0.085087176,0.343600924,0.04122128326071499,0.7216665831158631,0.0,0.0,0.0,0.0,0.0,0.0,0.0,0.0,0.0,0.14782691721233948,0.0,0.0,3.675e-09
1718.0,0.7780250248230185,0.202181202,0.286796075,0.09794858625504077,0.6800764385679778,0.0,0.0,0.0,0.0,0.0,0.0,0.0,0.0,0.0,0.045670512951104004,0.0,0.0,3.675e-09
1719.0,0.7744493360075508,0.342725675,0.298062509,0.16603667901605695,0.6084126569914939,0.0,0.0,0.0,0.0,0.0,0.0,0.0,0.0,0.0,0.14584437832141578,0.0,0.0,3.675e-09
1720.0,0.7941011635812676,0.459415728,0.389955364,0.22256827348830557,0.571532890092962,0.0,0.0,0.0,0.0,0.0,0.0,0.0,0.0,0.0,0.41526205349723155,0.0,0.0,3.675e-09
1721.0,0.8879190597948174,0.536618864,0.438653812,0.25997005936578615,0.6279490004290313,0.0,0.0,0.0,0.0,0.0,0.0,0.0,0.0,0.0,0.48207897617847423,0.0,0.0,3.675e-09
1722.0,0.8271390184298498,0.56811908,0.455426814,0.2752306354896159,0.5519083829402339,0.0,0.0,0.0,0.0,0.0,0.0,0.0,0.0,0.0,0.6005642298755024,0.0,0.0,3.675e-09
1723.0,0.8852022483214593,0.547148138,0.462733154,0.265071065257481,0.6201311830639784,0.0,0.0,0.0,0.0,0.0,0.0,0.0,0.0,0.0,0.5508303647267638,0.0,0.0,3.675e-09
1724.0,0.8815486813688033,0.479721028,0.46219827,0.2324053671884631,0.6491433141803401,0.0,0.0,0.0,0.0,0.0,0.0,0.0,0.0,0.0,0.5204646919609348,0.0,0.0,3.675e-09
1725.0,0.907668790998166,0.374365964,0.4565962,0.18136511482311538,0.7263036761750506,0.0,0.0,0.0,0.0,0.0,0.0,0.0,0.0,0.0,0.4291281065827748,0.0,0.0,3.675e-09
1726.0,0.8197072809049311,0.249196979,0.437692958,0.12072582193905981,0.6989814589658712,0.0,0.0,0.0,0.0,0.0,0.0,0.0,0.0,0.0,0.4086150448212518,0.0,0.0,3.675e-09
1727.0,0.9496447569690494,0.12719949,0.3956168,0.061622990142586036,0.8880217668264633,0.0,0.0,0.0,0.0,0.0,0.0,0.0,0.0,0.0,0.11309962777328601,0.0,0.0,3.675e-09
1728.0,0.876297513686514,0.038382604,0.374998191,0.01859481376803306,0.8577026999184809,0.0,0.0,0.0,0.0,0.0,0.0,0.0,0.0,0.0,0.09124262279355543,0.0,0.0,3.675e-09
1729.0,0.9141081462314773,0.003380577,0.387043024,0.0016377523459194143,0.9124703938855578,0.0,0.0,0.0,0.0,0.0,0.0,0.0,0.0,0.0,0.06695477702979322,0.0,0.0,3.675e-09
1730.0,0.9591791861994096,7.78e-07,0.400880651,3.769094226001373e-07,0.9591788092899869,0.0,0.0,0.0,0.0,0.0,0.0,0.0,0.0,0.0,0.05526293432953418,0.0,0.0,3.675e-09
1731.0,0.869370867137403,0.0,0.411096921,0.0,0.869370867137403,0.0,0.0,0.0,0.0,0.0,0.0,0.0,0.0,0.0,0.17092348554727319,0.0,0.0,3.675e-09
1732.0,0.8863036584052512,0.0,0.410953464,0.0,0.8863036584052513,0.0,0.0,0.0,0.0,0.0,0.0,0.0,0.0,0.0,0.15362767159710924,0.0,0.0,3.675e-09
1733.0,1.0309021267624876,0.0,0.414931915,0.0,1.0309021267624876,0.0,0.0,0.0,0.0,0.0,0.0,0.0,0.0,0.0,0.01909680505422156,0.0,0.0,3.675e-09
1734.0,0.8045478721335364,0.0,0.422134834,0.0,0.8045478721335364,0.0,0.0,0.0,0.0,0.0,0.0,0.0,0.0,0.0,0.2636782843977678,0.0,0.0,3.675e-09
1735.0,0.7713231113555814,0.0,0.433997659,0.0,0.7713231113555814,0.0,0.0,0.0,0.0,0.0,0.0,0.0,0.0,0.0,0.32692231611642286,0.0,0.0,3.675e-09
1736.0,0.7434162692347779,0.0,0.441706065,0.0,0.7434162692347779,0.0,0.0,0.0,0.0,0.0,0.0,0.0,0.0,0.0,0.37433553452069335,0.0,0.0,3.675e-09
1737.0,0.7258649085339919,0.0,0.435623087,0.0,0.7258649085339918,0.0,0.0,0.0,0.0,0.0,0.0,0.0,0.0,0.0,0.37649371824143324,0.0,0.0,3.675e-09
1738.0,0.7457792953417591,1.18e-05,0.433590583,5.716621062572776e-06,0.7457735787206965,0.0,0.0,0.0,0.0,0.0,0.0,0.0,0.0,0.0,0.3514417294721768,0.0,0.0,3.675e-09
1739.0,0.7925146880141113,0.001455418,0.438560186,0.0007050909486141987,0.791809597065497,0.0,0.0,0.0,0.0,0.0,0.0,0.0,0.0,0.0,0.3179814558529976,0.0,0.0,3.675e-09
1740.0,0.8593891985760551,0.017150839,0.435833829,0.008308885378660561,0.8510803131973945,0.0,0.0,0.0,0.0,0.0,0.0,0.0,0.0,0.0,0.25181160317781665,0.0,0.0,3.675e-09
1741.0,0.9044357623865982,0.078961529,0.406999809,0.03825365591647043,0.8661821064701277,0.0,0.0,0.0,0.0,0.0,0.0,0.0,0.0,0.0,0.16374436881583485,0.0,0.0,3.675e-09
1742.0,0.9315393529776772,0.203998019,0.364097606,0.09882876035072215,0.8327105926269551,0.0,0.0,0.0,0.0,0.0,0.0,0.0,0.0,0.0,0.08865043928359595,0.0,0.0,3.675e-09
1743.0,0.954201701913723,0.347120692,0.38259642,0.16816588636796928,0.7860358155457537,0.0,0.0,0.0,0.0,0.0,0.0,0.0,0.0,0.0,0.18213707690793224,0.0,0.0,3.675e-09
1744.0,0.9719021423915049,0.468357804,0.419601146,0.22690034637006204,0.7450017960214429,0.0,0.0,0.0,0.0,0.0,0.0,0.0,0.0,0.0,0.3168127792422289,0.0,0.0,3.675e-09
1745.0,0.979874572212098,0.550873652,0.472889481,0.26687592557962597,0.7129986466324719,0.0,0.0,0.0,0.0,0.0,0.0,0.0,0.0,0.0,0.48366382247973877,0.0,0.0,3.675e-09
1746.0,0.9872573574222385,0.5851288,0.519298858,0.2834711544405028,0.7037862029817357,0.0,0.0,0.0,0.0,0.0,0.0,0.0,0.0,0.0,0.6103167292876146,0.0,0.0,3.675e-09
1747.0,0.9945444658351071,0.569027541,0.555233063,0.27567074797157576,0.7188737178635315,0.0,0.0,0.0,0.0,0.0,0.0,0.0,0.0,0.0,0.6861619084254695,0.0,0.0,3.675e-09
1748.0,0.9985117671692529,0.505065363,0.574622135,0.2446836688221835,0.7538280983470694,0.0,0.0,0.0,0.0,0.0,0.0,0.0,0.0,0.0,0.7002722157929908,0.0,0.0,3.675e-09
1749.0,1.0007101376718157,0.401520127,0.563312894,0.1945202046656861,0.8061899330061296,0.0,0.0,0.0,0.0,0.0,0.0,0.0,0.0,0.0,0.6192919728110668,0.0,0.0,3.675e-09
1750.0,1.0042858264872834,0.272630877,0.522719676,0.13207859438693964,0.8722072321003437,0.0,0.0,0.0,0.0,0.0,0.0,0.0,0.0,0.0,0.4505521932371271,0.0,0.0,3.675e-09
1751.0,1.0042591254973836,0.139873955,0.501056729,0.06776325400494548,0.9364958714924382,0.0,0.0,0.0,0.0,0.0,0.0,0.0,0.0,0.0,0.3314447501143,0.0,0.0,3.675e-09
1752.0,1.0048042684580034,0.04405506,0.521881746,0.02134288846685656,0.9834613799911468,0.0,0.0,0.0,0.0,0.0,0.0,0.0,0.0,0.0,0.33717763577277454,0.0,0.0,3.675e-09
1753.0,1.0165014668710601,0.004098819,0.560289041,0.001985711442972329,1.014515755428088,0.0,0.0,0.0,0.0,0.0,0.0,0.0,0.0,0.0,0.4033141903802703,0.0,0.0,3.675e-09
1754.0,1.0082731543137973,7.26e-07,0.576059459,3.5171753317185046e-07,1.008272802596264,0.0,0.0,0.0,0.0,0.0,0.0,0.0,0.0,0.0,0.44946470745502065,0.0,0.0,3.675e-09
1755.0,0.9687558922470919,0.0,0.581901449,0.0,0.9687558922470919,0.0,0.0,0.0,0.0,0.0,0.0,0.0,0.0,0.0,0.5037649666812823,0.0,0.0,3.675e-09
1756.0,0.9154832407117965,0.0,0.579980442,0.0,0.9154832407117965,0.0,0.0,0.0,0.0,0.0,0.0,0.0,0.0,0.0,0.552176446479493,0.0,0.0,3.675e-09
1757.0,1.0253260985363066,0.0,0.568278901,0.0,1.0253260985363066,0.0,0.0,0.0,0.0,0.0,0.0,0.0,0.0,0.0,0.41272245220959913,0.0,0.0,3.675e-09
1758.0,0.8061921993455128,0.0,0.555791337,0.0,0.8061921993455128,0.0,0.0,0.0,0.0,0.0,0.0,0.0,0.0,0.0,0.6002561577614132,0.0,0.0,3.675e-09
1759.0,0.7881112725114545,0.0,0.540142938,0.0,0.7881112725114545,0.0,0.0,0.0,0.0,0.0,0.0,0.0,0.0,0.0,0.5787382934669518,0.0,0.0,3.675e-09
1760.0,0.7567622455247565,0.0,0.526261636,0.0,0.7567622455247565,0.0,0.0,0.0,0.0,0.0,0.0,0.0,0.0,0.0,0.5749602267177408,0.0,0.0,3.675e-09
1761.0,0.7548264342562443,0.0,0.508353005,0.0,0.7548264342562443,0.0,0.0,0.0,0.0,0.0,0.0,0.0,0.0,0.0,0.5315776550407052,0.0,0.0,3.675e-09
1762.0,0.7730542160347881,5.78e-06,0.493498683,2.8001754018364953e-06,0.7730514158593862,0.0,0.0,0.0,0.0,0.0,0.0,0.0,0.0,0.0,0.475763320415968,0.0,0.0,3.675e-09
1763.0,0.830636830108054,0.00280581,0.48459724,0.0013593010630150273,0.8292775290450389,0.0,0.0,0.0,0.0,0.0,0.0,0.0,0.0,0.0,0.3970118113671715,0.0,0.0,3.675e-09
1764.0,0.8909829831369458,0.032061523,0.472895202,0.015532506583047586,0.8754504765538982,0.0,0.0,0.0,0.0,0.0,0.0,0.0,0.0,0.0,0.3212264697379939,0.0,0.0,3.675e-09
1765.0,0.9194950436957751,0.115894319,0.450127008,0.0561460936464346,0.8633489500493404,0.0,0.0,0.0,0.0,0.0,0.0,0.0,0.0,0.0,0.2757123284301693,0.0,0.0,3.675e-09
1766.0,0.9373979649304274,0.254105428,0.381818633,0.12310376625583645,0.814294198674591,0.0,0.0,0.0,0.0,0.0,0.0,0.0,0.0,0.0,0.15191047805584582,0.0,0.0,3.675e-09
1767.0,0.95682728625483,0.399095031,0.357796444,0.19334534408328263,0.7634819421715475,0.0,0.0,0.0,0.0,0.0,0.0,0.0,0.0,0.0,0.14193379093207983,0.0,0.0,3.675e-09
1768.0,0.9678547380876602,0.521489261,0.445594716,0.2526403807913654,0.7152143572962947,0.0,0.0,0.0,0.0,0.0,0.0,0.0,0.0,0.0,0.4123778064040315,0.0,0.0,3.675e-09
1769.0,0.9767483475601285,0.60369549,0.531563445,0.2924659621622197,0.6842823853979089,0.0,0.0,0.0,0.0,0.0,0.0,0.0,0.0,0.0,0.6608564898385502,0.0,0.0,3.675e-09
1770.0,0.985083463077065,0.634450484,0.584223559,0.30736550847405864,0.6777179546030063,0.0,0.0,0.0,0.0,0.0,0.0,0.0,0.0,0.0,0.8006790804675693,0.0,0.0,3.675e-09
1771.0,0.9913181127209953,0.612566845,0.62343287,0.29676377358989436,0.6945543391311011,0.0,0.0,0.0,0.0,0.0,0.0,0.0,0.0,0.0,0.8830631539928618,0.0,0.0,3.675e-09
1772.0,0.9956881517362963,0.537852782,0.633729533,0.260567842554624,0.7351203091816723,0.0,0.0,0.0,0.0,0.0,0.0,0.0,0.0,0.0,0.8685532301523697,0.0,0.0,3.675e-09
1773.0,1.002665975432696,0.417787454,0.599138978,0.20240106434025887,0.8002649110924371,0.0,0.0,0.0,0.0,0.0,0.0,0.0,0.0,0.0,0.7158760849785805,0.0,0.0,3.675e-09
1774.0,1.008811621776961,0.27051576,0.537281484,0.13105390604863407,0.877757715728327,0.0,0.0,0.0,0.0,0.0,0.0,0.0,0.0,0.0,0.4818508462809277,0.0,0.0,3.675e-09
1775.0,1.0059880063440045,0.129574728,0.519624541,0.0627736965476219,0.9432143097963825,0.0,0.0,0.0,0.0,0.0,0.0,0.0,0.0,0.0,0.3717127740741067,0.0,0.0,3.675e-09
1776.0,1.0094012653874889,0.037897612,0.538966018,0.01835985482884837,0.9910414105586405,0.0,0.0,0.0,0.0,0.0,0.0,0.0,0.0,0.0,0.37282992044154334,0.0,0.0,3.675e-09
1777.0,1.0173736952080819,0.003519321,0.562720104,0.0017049681825893803,1.0156687270254925,0.0,0.0,0.0,0.0,0.0,0.0,0.0,0.0,0.0,0.4083131040944093,0.0,0.0,3.675e-09
1778.0,1.0022543364216496,8.64e-07,0.569487964,4.18572932039227e-07,1.0022539178487178,0.0,0.0,0.0,0.0,0.0,0.0,0.0,0.0,0.0,0.4388542067998104,0.0,0.0,3.675e-09
1779.0,0.9570186418492235,0.0,0.576211265,0.0,0.9570186418492235,0.0,0.0,0.0,0.0,0.0,0.0,0.0,0.0,0.0,0.5011030183049603,0.0,0.0,3.675e-09
1780.0,0.9037192893240285,0.0,0.568353447,0.0,0.9037192893240285,0.0,0.0,0.0,0.0,0.0,0.0,0.0,0.0,0.0,0.5345179025399537,0.0,0.0,3.675e-09
1781.0,0.8492940515575772,0.0,0.547234432,0.0,0.8492940515575772,0.0,0.0,0.0,0.0,0.0,0.0,0.0,0.0,0.0,0.5355007744883381,0.0,0.0,3.675e-09
1782.0,0.8072268574545179,0.0,0.524155632,0.0,0.8072268574545179,0.0,0.0,0.0,0.0,0.0,0.0,0.0,0.0,0.0,0.5191663020249405,0.0,0.0,3.675e-09
1783.0,0.7753215633446479,0.0,0.506981117,0.0,0.7753215633446479,0.0,0.0,0.0,0.0,0.0,0.0,0.0,0.0,0.0,0.5076109180029054,0.0,0.0,3.675e-09
1784.0,0.7569647272815516,0.0,0.497495749,0.0,0.7569647272815516,0.0,0.0,0.0,0.0,0.0,0.0,0.0,0.0,0.0,0.5019647166812093,0.0,0.0,3.675e-09
1785.0,0.7534913917607369,0.0,0.467403696,0.0,0.7534913917607368,0.0,0.0,0.0,0.0,0.0,0.0,0.0,0.0,0.0,0.4292891170058203,0.0,0.0,3.675e-09
1786.0,0.7732611474566041,3.22e-05,0.432915336,1.5599593069054523e-05,0.773245547863535,0.0,0.0,0.0,0.0,0.0,0.0,0.0,0.0,0.0,0.3222610254668671,0.0,0.0,3.675e-09
1787.0,0.8306590814329327,0.004195537,0.406687137,0.0020325673883901186,0.8286265140445425,0.0,0.0,0.0,0.0,0.0,0.0,0.0,0.0,0.0,0.2005087344060271,0.0,0.0,3.675e-09
1788.0,0.8896679661338819,0.037876238,0.374462505,0.018349499993374523,0.8713184661405073,0.0,0.0,0.0,0.0,0.0,0.0,0.0,0.0,0.0,0.07627128543454102,0.0,0.0,3.675e-09
1789.0,0.91567459630619,0.128502949,0.305903325,0.062254463123399606,0.7740984794798916,0.0,0.07932165370289868,0.0,0.0,0.0,0.0,0.0,0.0,0.0,0.0,0.0,0.0,0.006839048849999999
1790.0,0.9315304526477107,0.266587843,0.230402564,0.12915098968810546,0.5830413071210272,0.0,0.219338155838578,0.0,0.0,0.0,0.0,0.0,0.0,0.0,0.0,0.0,0.0,0.006839048849999999
1791.0,0.9501342721174348,0.410777014,0.252635152,0.19900479069941968,0.6393016062390667,0.0,0.11182787517894836,0.0,0.0,0.0,0.0,0.0,0.0,0.0,0.0,0.0,0.0,0.006839048849999999
1792.0,0.9593950179511922,0.531888868,0.335277795,0.25767856828447383,0.7017164496667183,0.0,0.0,0.0,0.0,0.0,0.0,0.0,0.0,0.0,0.14671509749894518,0.0,0.0,3.675e-09
1793.0,0.964510455851473,0.61344799,0.388147691,0.2971906525785537,0.6673198032729193,0.0,0.0,0.0,0.0,0.0,0.0,0.0,0.0,0.0,0.3149007640149021,0.0,0.0,3.675e-09
1794.0,0.9713681255932868,0.645090062,0.439868086,0.3125199521767439,0.6588481734165429,0.0,0.0,0.0,0.0,0.0,0.0,0.0,0.0,0.0,0.4542525637014017,0.0,0.0,3.675e-09
1795.0,0.9796565146278802,0.620840687,0.48618488,0.3007721142208773,0.6788844004070028,0.0,0.0,0.0,0.0,0.0,0.0,0.0,0.0,0.0,0.5514225155250602,0.0,0.0,3.675e-09
1796.0,0.9826292098378326,0.543157167,0.516049933,0.26313760179318296,0.7194916080446496,0.0,0.0,0.0,0.0,0.0,0.0,0.0,0.0,0.0,0.5863898120772136,0.0,0.0,3.675e-09
1797.0,0.9860914201961705,0.422431846,0.526688511,0.20465108375805927,0.7814403364381111,0.0,0.0,0.0,0.0,0.0,0.0,0.0,0.0,0.0,0.5513623571077277,0.0,0.0,3.675e-09
1798.0,0.9907974459177648,0.279460069,0.531057559,0.13538706072825774,0.8554103851895071,0.0,0.0,0.0,0.0,0.0,0.0,0.0,0.0,0.0,0.48844832879538597,0.0,0.0,3.675e-09
1799.0,0.9863406284353089,0.137302954,0.558360732,0.06651770837202213,0.9198229200632867,0.0,0.0,0.0,0.0,0.0,0.0,0.0,0.0,0.0,0.49312737605552553,0.0,0.0,3.675e-09
1800.0,0.9892398961730187,0.041217271,0.603322117,0.019968094876302547,0.9692718012967162,0.0,0.0,0.0,0.0,0.0,0.0,0.0,0.0,0.0,0.5574547663412436,0.0,0.0,3.675e-09
1801.0,1.0021008069796327,0.004434434,0.645106899,0.0021483032885583767,0.9999525036910744,0.0,0.0,0.0,0.0,0.0,0.0,0.0,0.0,0.0,0.632511836531079,0.0,0.0,3.675e-09
1802.0,0.9879182036724985,5.42e-06,0.669966979,2.6257700134868177e-06,0.9879155779024851,0.0,0.0,0.0,0.0,0.0,0.0,0.0,0.0,0.0,0.7074580168292376,0.0,0.0,3.675e-09
1803.0,0.9463739022051051,0.0,0.658697285,0.0,0.9463739022051051,0.0,0.0,0.0,0.0,0.0,0.0,0.0,0.0,0.0,0.7204813591949885,0.0,0.0,3.675e-09
1804.0,0.8945608967849239,0.0,0.623954512,0.0,0.8945608967849239,0.0,0.0,0.0,0.0,0.0,0.0,0.0,0.0,0.0,0.6843766286696219,0.0,0.0,3.675e-09
1805.0,0.8453979518632389,0.0,0.597370925,0.0,0.8453979518632389,0.0,0.0,0.0,0.0,0.0,0.0,0.0,0.0,0.0,0.6662689276255548,0.0,0.0,3.675e-09
1806.0,0.8021937473564464,0.0,0.571710625,0.0,0.8021937473564464,0.0,0.0,0.0,0.0,0.0,0.0,0.0,0.0,0.0,0.6445388944512179,0.0,0.0,3.675e-09
1807.0,0.7730275150448885,0.0,0.552526596,0.0,0.7730275150448885,0.0,0.0,0.0,0.0,0.0,0.0,0.0,0.0,0.0,0.6251593070035489,0.0,0.0,3.675e-09
1808.0,0.756771145854723,0.0,0.543973433,0.0,0.756771145854723,0.0,0.0,0.0,0.0,0.0,0.0,0.0,0.0,0.0,0.619771614387444,0.0,0.0,3.675e-09
1809.0,0.7562504790514925,0.0,0.530190781,0.0,0.7562504790514925,0.0,0.0,0.0,0.0,0.0,0.0,0.0,0.0,0.0,0.58541482454191,0.0,0.0,3.675e-09
1810.0,0.7784722641540064,1.18e-05,0.513113092,5.716621062572776e-06,0.7784665475329438,0.0,0.0,0.0,0.0,0.0,0.0,0.0,0.0,0.0,0.5199830993233815,0.0,0.0,3.675e-09
1811.0,0.838442379491718,0.002300994,0.49116169,0.0011147382004452191,0.8373276412912728,0.0,0.0,0.0,0.0,0.0,0.0,0.0,0.0,0.0,0.4055732569182313,0.0,0.0,3.675e-09
1812.0,0.9012717115822523,0.031073362,0.455292452,0.01505378268594479,0.8862179288963075,0.0,0.0,0.0,0.0,0.0,0.0,0.0,0.0,0.0,0.2659146764353656,0.0,0.0,3.675e-09
1813.0,0.9265218177071036,0.115882478,0.474750772,0.05614035716253613,0.8703814605445676,0.0,0.0,0.0,0.0,0.0,0.0,0.0,0.0,0.0,0.3309910669920477,0.0,0.0,3.675e-09
1814.0,0.9406398938719618,0.246081732,0.54879831,0.11921661120894823,0.8214232826630136,0.0,0.0,0.0,0.0,0.0,0.0,0.0,0.0,0.0,0.5673289883759958,0.0,0.0,3.675e-09
1815.0,0.9533005487542159,0.383075773,0.550337955,0.18558466377060576,0.7677158849836102,0.0,0.0,0.0,0.0,0.0,0.0,0.0,0.0,0.0,0.6249325086406597,0.0,0.0,3.675e-09
1816.0,0.959646451022841,0.495534896,0.520229616,0.24006654438249236,0.7195799066403487,0.0,0.0,0.0,0.0,0.0,0.0,0.0,0.0,0.0,0.5968783395261741,0.0,0.0,3.675e-09
1817.0,0.9615310861439891,0.570246658,0.498811445,0.27626136067665547,0.6852697254673338,0.0,0.0,0.0,0.0,0.0,0.0,0.0,0.0,0.0,0.5769891307306746,0.0,0.0,3.675e-09
1818.0,0.9649955213348373,0.597214759,0.49205684,0.2893263110320953,0.6756692103027422,0.0,0.0,0.0,0.0,0.0,0.0,0.0,0.0,0.0,0.5694968945824541,0.0,0.0,3.675e-09
1819.0,0.9658633000068383,0.568993014,0.493033261,0.27565402104145476,0.6902092789653835,0.0,0.0,0.0,0.0,0.0,0.0,0.0,0.0,0.0,0.5574276915484626,0.0,0.0,3.675e-09
1820.0,0.9640320658655646,0.490837698,0.488738569,0.23779094260097758,0.726241123264587,0.0,0.0,0.0,0.0,0.0,0.0,0.0,0.0,0.0,0.5105279871269984,0.0,0.0,3.675e-09
1821.0,0.9638829860885687,0.374897835,0.466776119,0.1816227847350791,0.7822602013534896,0.0,0.0,0.0,0.0,0.0,0.0,0.0,0.0,0.0,0.39893220306194105,0.0,0.0,3.675e-09
1822.0,0.9640565420229538,0.241174596,0.425704203,0.11683930298737966,0.8472172390355741,0.0,0.0,0.0,0.0,0.0,0.0,0.0,0.0,0.0,0.23004132378161365,0.0,0.0,3.675e-09
1823.0,0.9606099064921138,0.114793977,0.384368233,0.05561302260802499,0.9049968838840887,0.0,0.0,0.0,0.0,0.0,0.0,0.0,0.0,0.0,0.06765963995615613,0.0,0.0,3.675e-09
1824.0,0.9675343282087142,0.036331737,0.373989276,0.017601251946953785,0.9463922299418794,0.0,0.0035408463198811036,0.0,0.0,0.0,0.0,0.0,0.0,0.0,0.0,0.0,0.0,0.006839048849999999
1825.0,0.9843224893645873,0.005135788,0.370478945,0.0024880808350600434,0.9375092212672561,0.0,0.04432518726227112,0.0,0.0,0.0,0.0,0.0,0.0,0.0,0.0,0.0,0.0,0.006839048849999999
1826.0,0.9705893502209513,9.46e-06,0.355623943,4.5829860382998695e-06,0.899918147483175,0.0,0.07066661975173792,0.0,0.0,0.0,0.0,0.0,0.0,0.0,0.0,0.0,0.0,0.006839048849999999
1827.0,0.93436964390809,0.0,0.33828405,0.0,0.8560389748535737,0.0,0.07833066905451623,0.0,0.0,0.0,0.0,0.0,0.0,0.0,0.0,0.0,0.0,0.006839048849999999
1828.0,0.8885087034053452,0.0,0.319822641,0.0,0.8093217688998419,0.0,0.07918693450550329,0.0,0.0,0.0,0.0,0.0,0.0,0.0,0.0,0.0,0.0,0.006839048849999999
1829.0,0.8427033907148349,0.0,0.303546418,0.0,0.768134248378528,0.0,0.074569142336307,0.0,0.0,0.0,0.0,0.0,0.0,0.0,0.0,0.0,0.0,0.006839048849999999
1830.0,0.8039315275331091,0.0,0.290020467,0.0,0.7339063820988153,0.0,0.07002514543429382,0.0,0.0,0.0,0.0,0.0,0.0,0.0,0.0,0.0,0.0,0.006839048849999999
1831.0,0.7759979854223306,0.0,0.277252558,0.0,0.7015967661669269,0.0,0.07440121925540369,0.0,0.0,0.0,0.0,0.0,0.0,0.0,0.0,0.0,0.0,0.006839048849999999
1832.0,0.7603512853351363,0.0,0.268832216,0.0,0.6802888122932622,0.0,0.08006247304187415,0.0,0.0,0.0,0.0,0.0,0.0,0.0,0.0,0.0,0.0,0.006839048849999999
1833.0,0.7605559919244419,0.0,0.254447729,0.0,0.6438883922756038,0.0,0.11666759964883813,0.0,0.0,0.0,0.0,0.0,0.0,0.0,0.0,0.0,0.0,0.006839048849999999
1834.0,0.7836767053539525,2.68e-05,0.241056417,1.2983512243809357e-05,0.6100012344376141,0.0,0.1736624874040946,0.0,0.0,0.0,0.0,0.0,0.0,0.0,0.0,0.0,0.0,0.006839048849999999
1835.0,0.841751060408039,0.004718108,0.230137211,0.0022857318278214508,0.5823698225798722,0.0,0.2570955060003455,0.0,0.0,0.0,0.0,0.0,0.0,0.0,0.0,0.0,0.0,0.006839048849999999
1836.0,0.9024287484783537,0.039807588,0.219801198,0.01928516067889994,0.5562141998935729,0.0,0.326929387905881,0.0,0.0,0.0,0.0,0.0,0.0,0.0,0.0,0.0,0.0,0.006839048849999999
1837.0,0.9277344814155148,0.116726568,0.22083465,0.0565492845076808,0.5588293843536157,0.0,0.3123558125542184,0.0,0.0,0.0,0.0,0.0,0.0,0.0,0.0,0.0,0.0,0.006839048849999999
1838.0,0.9414297944067742,0.230929376,0.227782615,0.11187590972952441,0.5764114395404285,0.0,0.25314244513682127,0.0,0.0,0.0,0.0,0.0,0.0,0.0,0.0,0.0,0.0,0.006839048849999999
1839.0,0.953885741699798,0.36056088,0.251432668,0.1746771119447267,0.6362586807134979,0.0,0.14294994904157338,0.0,0.0,0.0,0.0,0.0,0.0,0.0,0.0,0.0,0.0,0.006839048849999999
1840.0,0.958825399833108,0.470689037,0.255518693,0.22802973413866923,0.6465985020920881,0.0,0.0841971636023507,0.0,0.0,0.0,0.0,0.0,0.0,0.0,0.0,0.0,0.0,0.006839048849999999
1841.0,0.9579754228209649,0.544595102,0.246052556,0.26383422293789577,0.6226441293887238,0.0,0.07149707049434534,0.0,0.0,0.0,0.0,0.0,0.0,0.0,0.0,0.0,0.0,0.006839048849999999
1842.0,0.9593616414638365,0.56981625,0.238587839,0.2760528454700199,0.60375441617803,0.0,0.07955437981578663,0.0,0.0,0.0,0.0,0.0,0.0,0.0,0.0,0.0,0.0,0.006839048849999999
1843.0,0.9589210776303048,0.544364121,0.233690712,0.2637223220184335,0.5913620743670349,0.0,0.10383668124483643,0.0,0.0,0.0,0.0,0.0,0.0,0.0,0.0,0.0,0.0,0.006839048849999999
1844.0,0.9569452143769808,0.471008011,0.228333164,0.2281842640951788,0.577804621990404,0.0,0.15095632829139782,0.0,0.0,0.0,0.0,0.0,0.0,0.0,0.0,0.0,0.0,0.006839048849999999
1845.0,0.9525039727219474,0.362639466,0.220856247,0.17568410249624952,0.5588840362762822,0.0,0.21793583394941565,0.0,0.0,0.0,0.0,0.0,0.0,0.0,0.0,0.0,0.0,0.006839048849999999
1846.0,0.948389816443316,0.241220696,0.208717499,0.11686163656627667,0.5281665330598998,0.0,0.30336164681713945,0.0,0.0,0.0,0.0,0.0,0.0,0.0,0.0,0.0,0.0,0.006839048849999999
1847.0,0.9426357826177293,0.127382698,0.204070395,0.061711746982554834,0.5164068827181295,0.0,0.3645171529170449,0.0,0.0,0.0,0.0,0.0,0.0,0.0,0.0,0.0,0.0,0.006839048849999999
1848.0,0.9491863914756599,0.046734376,0.209753511,0.02264090832099963,0.5307881956845965,0.0,0.39575728747006383,0.0,0.0,0.0,0.0,0.0,0.0,0.0,0.0,0.0,0.0,0.006839048849999999
1849.0,0.979071321682298,0.007430385,0.227767751,0.003599719948646171,0.5763738256969079,0.0,0.3990977760367441,0.0,0.0,0.0,0.0,0.0,0.0,0.0,0.0,0.0,0.0,0.006839048849999999
1850.0,0.9636137523569869,1.79e-05,0.232349377,8.671823476275652e-06,0.587967781794461,0.0,0.37563729873904955,0.0,0.0,0.0,0.0,0.0,0.0,0.0,0.0,0.0,0.0,0.006839048849999999
1851.0,0.9423064724088168,0.0,0.226019265,0.0,0.5719492240552229,0.0,0.37035724835359385,0.0,0.0,0.0,0.0,0.0,0.0,0.0,0.0,0.0,0.0,0.006839048849999999
1852.0,0.9026801815500024,0.0,0.217584181,0.0,0.5506039650630717,0.0,0.35207621648693066,0.0,0.0,0.0,0.0,0.0,0.0,0.0,0.0,0.0,0.0,0.006839048849999999
1853.0,0.8417421600780725,0.0,0.212227664,0.0,0.5370491216660339,0.0,0.3046930384120386,0.0,0.0,0.0,0.0,0.0,0.0,0.0,0.0,0.0,0.0,0.006839048849999999
1854.0,0.8073069604242168,0.0,0.20960327,0.0,0.5304080058659485,0.0,0.27689895455826824,0.0,0.0,0.0,0.0,0.0,0.0,0.0,0.0,0.0,0.0,0.006839048849999999
1855.0,0.7801210420309285,0.0,0.211388027,0.0,0.5349243924725378,0.0,0.24519664955839074,0.0,0.0,0.0,0.0,0.0,0.0,0.0,0.0,0.0,0.0,0.006839048849999999
1856.0,0.7631526504431388,0.0,0.214174686,0.0,0.5419761252208789,0.0,0.2211765252222599,0.0,0.0,0.0,0.0,0.0,0.0,0.0,0.0,0.0,0.0,0.006839048849999999
1857.0,0.757225060683167,0.0,0.21044881,0.0,0.5325476727961442,0.0,0.2246773878870227,0.0,0.0,0.0,0.0,0.0,0.0,0.0,0.0,0.0,0.0,0.006839048849999999
1858.0,0.7621491429890543,5.44e-05,0.205225703,2.6354592017284664e-05,0.5193304278156892,0.0,0.2427923605813478,0.0,0.0,0.0,0.0,0.0,0.0,0.0,0.0,0.0,0.0,0.006839048849999999
1859.0,0.7820546284669302,0.004668375,0.205911883,0.0022616382078803543,0.5210668289961913,0.0,0.2587261612628585,0.0,0.0,0.0,0.0,0.0,0.0,0.0,0.0,0.0,0.0,0.006839048849999999
1860.0,0.8108715240772075,0.03044131,0.204173037,0.01474757914561926,0.5166666216932805,0.0,0.27945732323830774,0.0,0.0,0.0,0.0,0.0,0.0,0.0,0.0,0.0,0.0,0.006839048849999999
1861.0,0.8438715527734133,0.098954013,0.186350933,0.047939202961177985,0.4715671981824949,0.0,0.3243651516297405,0.0,0.0,0.0,0.0,0.0,0.0,0.0,0.0,0.0,0.0,0.006839048849999999
1862.0,0.8771408162011256,0.22143394,0.181302,0.107275756387498,0.45879070626860063,0.0,0.31107435354502694,0.0,0.0,0.0,0.0,0.0,0.0,0.0,0.0,0.0,0.0,0.006839048849999999
1863.0,0.900408383575197,0.364858449,0.233448717,0.1767591096958504,0.5907496980172788,0.0,0.13289957586206788,0.0,0.0,0.0,0.0,0.0,0.0,0.0,0.0,0.0,0.0,0.006839048849999999
1864.0,0.9074040069316051,0.482625328,0.255346096,0.2338123826589741,0.6461617396761753,0.0,0.02742988459645569,0.0,0.0,0.0,0.0,0.0,0.0,0.0,0.0,0.0,0.0,0.006839048849999999
1865.0,0.9040730756903301,0.560644571,0.253201016,0.27160953925387105,0.632463536436459,0.0,0.0,0.0,0.0,0.0,0.0,0.0,0.0,0.0,0.008270007366517578,0.0,0.0,3.675e-09
1866.0,0.895410873797067,0.587537697,0.245677151,0.28463816726489,0.610772706532177,0.0,0.0,0.0,0.0,0.0,0.0,0.0,0.0,0.0,0.01092144809020813,0.0,0.0,3.675e-09
1867.0,0.8832130350731479,0.563502342,0.238101606,0.2729940133123973,0.6025239874928466,0.0,0.007695034267903808,0.0,0.0,0.0,0.0,0.0,0.0,0.0,0.0,0.0,0.0,0.006839048849999999
1868.0,0.8729176311303855,0.493600407,0.232369314,0.23912936297887244,0.5880182330322349,0.0,0.0457700351192782,0.0,0.0,0.0,0.0,0.0,0.0,0.0,0.0,0.0,0.0,0.006839048849999999
1869.0,0.8700650898750187,0.388321051,0.22805254,0.18812578806669467,0.5770944936787697,0.0,0.10484480812955432,0.0,0.0,0.0,0.0,0.0,0.0,0.0,0.0,0.0,0.0,0.006839048849999999
1870.0,0.8736051773706203,0.267918364,0.222801554,0.1297955731095288,0.5638066999669159,0.0,0.18000290429417554,0.0,0.0,0.0,0.0,0.0,0.0,0.0,0.0,0.0,0.0,0.006839048849999999
1871.0,0.8782044001325409,0.14868463,0.210916042,0.07203166843549494,0.5337300188225053,0.0,0.27244271287454064,0.0,0.0,0.0,0.0,0.0,0.0,0.0,0.0,0.0,0.0,0.006839048849999999
1872.0,0.892747464303508,0.055718233,0.204700164,0.02699322240145233,0.5180005339977407,0.0,0.3477537079043149,0.0,0.0,0.0,0.0,0.0,0.0,0.0,0.0,0.0,0.0,0.006839048849999999
1873.0,0.9155944943364158,0.008222553,0.214055129,0.003983493192196693,0.5416735822788852,0.0,0.369937418865334,0.0,0.0,0.0,0.0,0.0,0.0,0.0,0.0,0.0,0.0,0.006839048849999999
1874.0,0.9163198667290273,2.28e-05,0.220727211,1.10456745954796e-05,0.5585575064113383,0.0,0.3577513146430936,0.0,0.0,0.0,0.0,0.0,0.0,0.0,0.0,0.0,0.0,0.006839048849999999
1875.0,0.8977761247365587,0.0,0.221942568,0.0,0.5616330074890897,0.0,0.336143117247469,0.0,0.0,0.0,0.0,0.0,0.0,0.0,0.0,0.0,0.0,0.006839048849999999
1876.0,0.8683762610132096,0.0,0.224011067,0.0,0.5668674126094188,0.0,0.3015088484037909,0.0,0.0,0.0,0.0,0.0,0.0,0.0,0.0,0.0,0.0,0.006839048849999999
1877.0,0.835416283301891,0.0,0.233284936,0.0,0.5903352447808922,0.0,0.24508103852099877,0.0,0.0,0.0,0.0,0.0,0.0,0.0,0.0,0.0,0.0,0.006839048849999999
1878.0,0.8057360596845584,0.0,0.245420336,0.0,0.6210442757725634,0.0,0.18469178391199512,0.0,0.0,0.0,0.0,0.0,0.0,0.0,0.0,0.0,0.0,0.006839048849999999
1879.0,0.7902295400443183,0.0,0.255495448,0.0,0.6465396798509258,0.0,0.14368986019339258,0.0,0.0,0.0,0.0,0.0,0.0,0.0,0.0,0.0,0.0,0.006839048849999999
1880.0,0.7705354356532795,0.0,0.262707593,0.0,0.664790251263605,0.0,0.10574518438967456,0.0,0.0,0.0,0.0,0.0,0.0,0.0,0.0,0.0,0.0,0.006839048849999999
1881.0,0.7652508924835593,0.0,0.25658499,0.0,0.6492968019107448,0.0,0.11595409057281446,0.0,0.0,0.0,0.0,0.0,0.0,0.0,0.0,0.0,0.0,0.006839048849999999
1882.0,0.770624438952945,6.78e-05,0.249840741,3.284634813918934e-05,0.6322302567983836,0.0,0.13836133580642213,0.0,0.0,0.0,0.0,0.0,0.0,0.0,0.0,0.0,0.0,0.006839048849999999
1883.0,0.786638275401428,0.002986381,0.243601595,0.0014467803835141655,0.6164418915301961,0.0,0.16874960348771778,0.0,0.0,0.0,0.0,0.0,0.0,0.0,0.0,0.0,0.0,0.006839048849999999
1884.0,0.8134904329208583,0.025373975,0.230812952,0.012292661010694496,0.5840798075256788,0.0,0.217117964384485,0.0,0.0,0.0,0.0,0.0,0.0,0.0,0.0,0.0,0.0,0.006839048849999999
1885.0,0.8442742914544932,0.093988324,0.206543153,0.04553352818765376,0.5226642786059373,0.0,0.27607648466090196,0.0,0.0,0.0,0.0,0.0,0.0,0.0,0.0,0.0,0.0,0.006839048849999999
1886.0,0.872512667616795,0.224355713,0.157910248,0.10869123681731635,0.39959710431749174,0.0,0.364224326481987,0.0,0.0,0.0,0.0,0.0,0.0,0.0,0.0,0.0,0.0,0.006839048849999999
1887.0,0.8868999775132349,0.369905794,0.138192687,0.1792043434871277,0.34970116418950525,0.0,0.35799446983660194,0.0,0.0,0.0,0.0,0.0,0.0,0.0,0.0,0.0,0.0,0.006839048849999999
1888.0,0.8889181165839565,0.489620904,0.16031814,0.23720145529511216,0.40569035464731995,0.0,0.24602630664152428,0.0,0.0,0.0,0.0,0.0,0.0,0.0,0.0,0.0,0.0,0.006839048849999999
1889.0,0.8901152054648698,0.567687232,0.168454903,0.275021422661427,0.4262807024841348,0.0,0.18881308031930794,0.0,0.0,0.0,0.0,0.0,0.0,0.0,0.0,0.0,0.0,0.006839048849999999
1890.0,0.8885176037353116,0.597213523,0.174618819,0.289325712240262,0.44187869574962746,0.0,0.15731319574542224,0.0,0.0,0.0,0.0,0.0,0.0,0.0,0.0,0.0,0.0,0.006839048849999999
1891.0,0.8830439288037837,0.57519234,0.182707023,0.2786573428707222,0.4623461634312003,0.0,0.14204042250186127,0.0,0.0,0.0,0.0,0.0,0.0,0.0,0.0,0.0,0.0,0.006839048849999999
1892.0,0.8772253688358455,0.507299602,0.191638996,0.24576606693457514,0.4849488164689057,0.0,0.14651048543236456,0.0,0.0,0.0,0.0,0.0,0.0,0.0,0.0,0.0,0.0,0.006839048849999999
1893.0,0.8793458612012197,0.39986421,0.19892716,0.19371798008940877,0.5033917564748703,0.0,0.1822361246369406,0.0,0.0,0.0,0.0,0.0,0.0,0.0,0.0,0.0,0.0,0.006839048849999999
1894.0,0.8881482425415123,0.271801884,0.196759046,0.13167698092553917,0.4979052723029867,0.0,0.25856598931298636,0.0,0.0,0.0,0.0,0.0,0.0,0.0,0.0,0.0,0.0,0.006839048849999999
1895.0,0.8999833955690878,0.142096873,0.191589204,0.06884016755233296,0.484822816166391,0.0,0.3463204118503638,0.0,0.0,0.0,0.0,0.0,0.0,0.0,0.0,0.0,0.0,0.006839048849999999
1896.0,0.923113009328565,0.047286996,0.208633238,0.022908630281304628,0.5279533078130692,0.0,0.3722510712341911,0.0,0.0,0.0,0.0,0.0,0.0,0.0,0.0,0.0,0.0,0.006839048849999999
1897.0,0.9512623831911262,0.005652916,0.241162252,0.002738608361911411,0.6102690534048508,0.0,0.338254721424364,0.0,0.0,0.0,0.0,0.0,0.0,0.0,0.0,0.0,0.0,0.006839048849999999
1898.0,0.9543485568582085,1.49e-05,0.26310683,7.218445240028336e-06,0.6658005336940169,0.0,0.28854080471895155,0.0,0.0,0.0,0.0,0.0,0.0,0.0,0.0,0.0,0.0,0.006839048849999999
1899.0,0.9313902732006814,0.0,0.272550514,0.0,0.6896980883384086,0.0,0.24169218486227284,0.0,0.0,0.0,0.0,0.0,0.0,0.0,0.0,0.0,0.0,0.006839048849999999
1900.0,0.8969483980493697,0.0,0.275120817,0.0,0.6962023250743204,0.0,0.2007460729750492,0.0,0.0,0.0,0.0,0.0,0.0,0.0,0.0,0.0,0.0,0.006839048849999999
1901.0,0.8609890251381235,0.0,0.272245215,0.0,0.6889255191233248,0.0,0.1720635060147987,0.0,0.0,0.0,0.0,0.0,0.0,0.0,0.0,0.0,0.0,0.006839048849999999
1902.0,0.8336940779527262,0.0,0.263935598,0.0,0.6678977585235987,0.0,0.16579631942912756,0.0,0.0,0.0,0.0,0.0,0.0,0.0,0.0,0.0,0.0,0.006839048849999999
1903.0,0.8156131501187431,0.0,0.251314901,0.0,0.6359606674256956,0.0,0.1796524826930476,0.0,0.0,0.0,0.0,0.0,0.0,0.0,0.0,0.0,0.0,0.006839048849999999
1904.0,0.8092939488400177,0.0,0.242462127,0.0,0.6135584300764314,0.0,0.1957355187635863,0.0,0.0,0.0,0.0,0.0,0.0,0.0,0.0,0.0,0.0,0.006839048849999999
1905.0,0.8177225183215652,0.0,0.233109324,0.0,0.5898908528077796,0.0,0.22783166551378553,0.0,0.0,0.0,0.0,0.0,0.0,0.0,0.0,0.0,0.0,0.006839048849999999
1906.0,0.8504866897735448,3.64e-05,0.226952267,1.7634322599800766e-05,0.5743102164685996,0.0,0.27615883898234533,0.0,0.0,0.0,0.0,0.0,0.0,0.0,0.0,0.0,0.0,0.006839048849999999
1907.0,0.9218046668230324,0.003179259,0.224413051,0.0015402219459978018,0.5678846464141681,0.0,0.3523797984628666,0.0,0.0,0.0,0.0,0.0,0.0,0.0,0.0,0.0,0.0,0.006839048849999999
1908.0,0.9938991954122697,0.031362775,0.216946884,0.015193991537773805,0.5489912639305258,0.0,0.42971393994397006,0.0,0.0,0.0,0.0,0.0,0.0,0.0,0.0,0.0,0.0,0.006839048849999999
1909.0,1.0227071896926558,0.11421929,0.210084829,0.05533461008187356,0.5316266068395727,0.0,0.43574597277120963,0.0,0.0,0.0,0.0,0.0,0.0,0.0,0.0,0.0,0.0,0.006839048849999999
1910.0,1.0216324805987635,0.251949237,0.206858686,0.12205917923163899,0.5234627452964375,0.0,0.376110556070687,0.0,0.0,0.0,0.0,0.0,0.0,0.0,0.0,0.0,0.0,0.006839048849999999
1911.0,1.0117375895046457,0.400427525,0.187104159,0.193990883343126,0.4734732614830645,0.0,0.34427344467845516,0.0,0.0,0.0,0.0,0.0,0.0,0.0,0.0,0.0,0.0,0.006839048849999999
1912.0,0.9977574679543066,0.522235184,0.195073706,0.2530017502094042,0.49364046370240466,0.0,0.2511152540424978,0.0,0.0,0.0,0.0,0.0,0.0,0.0,0.0,0.0,0.0,0.006839048849999999
1913.0,0.9806110707671111,0.60212045,0.204984934,0.2917029192098134,0.5187211538994744,0.0,0.17018699765782325,0.0,0.0,0.0,0.0,0.0,0.0,0.0,0.0,0.0,0.0,0.006839048849999999
1914.0,0.9645037813539417,0.631702176,0.212832,0.3060340647961572,0.5385784138981303,0.0,0.11989130265965411,0.0,0.0,0.0,0.0,0.0,0.0,0.0,0.0,0.0,0.0,0.006839048849999999
1915.0,0.9488103547844043,0.608088543,0.221532797,0.29459421803584673,0.5605960684233409,0.0,0.0936200683252168,0.0,0.0,0.0,0.0,0.0,0.0,0.0,0.0,0.0,0.0,0.006839048849999999
1916.0,0.9363944584762675,0.535201651,0.227859753,0.2592834771890105,0.5766066398002168,0.0,0.10050434148704016,0.0,0.0,0.0,0.0,0.0,0.0,0.0,0.0,0.0,0.0,0.006839048849999999
1917.0,0.9285711084326704,0.420789083,0.230923239,0.2038552317608885,0.5843588924261337,0.0,0.14035698424564833,0.0,0.0,0.0,0.0,0.0,0.0,0.0,0.0,0.0,0.0,0.006839048849999999
1918.0,0.928648985569934,0.28530024,0.233219126,0.13821638653737864,0.5901687103996965,0.0,0.20026388863285888,0.0,0.0,0.0,0.0,0.0,0.0,0.0,0.0,0.0,0.0,0.006839048849999999
1919.0,0.9337955751250601,0.153234543,0.242963458,0.07423591661250116,0.6148270647498731,0.0,0.24473259376268566,0.0,0.0,0.0,0.0,0.0,0.0,0.0,0.0,0.0,0.0,0.006839048849999999
1920.0,0.9562354168118672,0.055785279,0.276814193,0.027025703467194812,0.7004874690386358,0.0,0.22872224430603663,0.0,0.0,0.0,0.0,0.0,0.0,0.0,0.0,0.0,0.0,0.006839048849999999
1921.0,0.9879360043324316,0.007800087,0.319301042,0.0037788255622118725,0.8080018453821807,0.0,0.17615533338803893,0.0,0.0,0.0,0.0,0.0,0.0,0.0,0.0,0.0,0.0,0.006839048849999999
1922.0,0.9871861557824309,3.26e-05,0.337835111,1.5793376833887502e-05,0.8549029198686232,0.0,0.13226744253697387,0.0,0.0,0.0,0.0,0.0,0.0,0.0,0.0,0.0,0.0,0.006839048849999999
1923.0,0.9556190722114398,0.0,0.337535474,0.0,0.8541446785317697,0.0,0.10147439367967016,0.0,0.0,0.0,0.0,0.0,0.0,0.0,0.0,0.0,0.0,0.006839048849999999
1924.0,0.9124126418722122,0.0,0.328999742,0.0,0.832544726447405,0.0,0.07986791542480726,0.0,0.0,0.0,0.0,0.0,0.0,0.0,0.0,0.0,0.0,0.006839048849999999
1925.0,0.8705679560183163,0.0,0.318348174,0.0,0.8055905813988781,0.0,0.06497737461943823,0.0,0.0,0.0,0.0,0.0,0.0,0.0,0.0,0.0,0.0,0.006839048849999999
1926.0,0.8418356130427587,0.0,0.309589572,0.0,0.78342664940968,0.0,0.058408963633078737,0.0,0.0,0.0,0.0,0.0,0.0,0.0,0.0,0.0,0.0,0.006839048849999999
1927.0,0.8233029962127669,0.0,0.304763268,0.0,0.7712135275421497,0.0,0.05208946867061731,0.0,0.0,0.0,0.0,0.0,0.0,0.0,0.0,0.0,0.0,0.006839048849999999
1928.0,0.8175333865597575,0.0,0.301287482,0.0,0.7624179361323554,0.0,0.05511545042740198,0.0,0.0,0.0,0.0,0.0,0.0,0.0,0.0,0.0,0.0,0.006839048849999999
1929.0,0.8240283696053031,0.0,0.292374233,0.0,0.7398626647958126,0.0,0.08416570480949048,0.0,0.0,0.0,0.0,0.0,0.0,0.0,0.0,0.0,0.0,0.006839048849999999
1930.0,0.8551014863630386,8.04e-05,0.285976766,3.895053673142807e-05,0.723673663001789,0.0,0.13138887282451805,0.0,0.0,0.0,0.0,0.0,0.0,0.0,0.0,0.0,0.0,0.006839048849999999
1931.0,0.9249153166475039,0.005113755,0.283448182,0.002477406740833631,0.7172749975749351,0.0,0.20516291233173523,0.0,0.0,0.0,0.0,0.0,0.0,0.0,0.0,0.0,0.0,0.006839048849999999
1932.0,0.9906439164757479,0.035761905,0.280272179,0.01732519147124802,0.7092380169598221,0.0,0.26408070804467776,0.0,0.0,0.0,0.0,0.0,0.0,0.0,0.0,0.0,0.0,0.006839048849999999
1933.0,1.0073875759817883,0.119881792,0.271629918,0.0580778624717092,0.6873684897182717,0.0,0.2619412237918074,0.0,0.0,0.0,0.0,0.0,0.0,0.0,0.0,0.0,0.0,0.006839048849999999
1934.0,0.9942641069410482,0.259989857,0.249923114,0.1259545332696173,0.6324387043987822,0.0,0.2358708692726487,0.0,0.0,0.0,0.0,0.0,0.0,0.0,0.0,0.0,0.0,0.006839048849999999
1935.0,0.9800080761616712,0.409665931,0.248600982,0.19846651608246488,0.6290930056527103,0.0,0.15244855442649596,0.0,0.0,0.0,0.0,0.0,0.0,0.0,0.0,0.0,0.0,0.006839048849999999
1936.0,0.9687091657647487,0.535238681,0.255762667,0.25930141672103996,0.6472158863667854,0.0,0.06219186267692346,0.0,0.0,0.0,0.0,0.0,0.0,0.0,0.0,0.0,0.0,0.006839048849999999
1937.0,0.948894907419124,0.619714023,0.249627855,0.3002262912418229,0.6316915417356999,0.0,0.01697707444160132,0.0,0.0,0.0,0.0,0.0,0.0,0.0,0.0,0.0,0.0,0.006839048849999999
1938.0,0.9348168832390779,0.651593086,0.249888494,0.31567040336054186,0.619146479878536,0.0,0.0,0.0,0.0,0.0,0.0,0.0,0.0,0.0,0.01320461746543689,0.0,0.0,3.675e-09
1939.0,0.9248886156576043,0.626076894,0.253354628,0.3033088439856393,0.621579771671965,0.0,0.0,0.0,0.0,0.0,0.0,0.0,0.0,0.0,0.01954249237663135,0.0,0.0,3.675e-09
1940.0,0.9148691209438796,0.549934927,0.256943902,0.2664211514180188,0.6484479695258608,0.0,0.0,0.0,0.0,0.0,0.0,0.0,0.0,0.0,0.0017570710693345947,0.0,0.0,3.675e-09
1941.0,0.954506536965171,0.430703668,0.258804363,0.20865844578102985,0.6549129986771536,0.0,0.09093509250698754,0.0,0.0,0.0,0.0,0.0,0.0,0.0,0.0,0.0,0.0,0.006839048849999999
1942.0,0.9546200154223008,0.288414807,0.257077122,0.13972526783509004,0.6505421582104953,0.0,0.16435258937671532,0.0,0.0,0.0,0.0,0.0,0.0,0.0,0.0,0.0,0.0,0.006839048849999999
1943.0,0.914973699071043,0.148161333,0.262569502,0.07177815227853043,0.6644408074217316,0.0,0.178754739370781,0.0,0.0,0.0,0.0,0.0,0.0,0.0,0.0,0.0,0.0,0.006839048849999999
1944.0,0.9299128264256339,0.046314615,0.275734059,0.022437551153724495,0.6977541542339191,0.0,0.20972112103799034,0.0,0.0,0.0,0.0,0.0,0.0,0.0,0.0,0.0,0.0,0.006839048849999999
1945.0,0.9567961345999848,0.005549095,0.295030868,0.0026883113012896006,0.7465853675125388,0.0,0.2075224557861565,0.0,0.0,0.0,0.0,0.0,0.0,0.0,0.0,0.0,0.0,0.006839048849999999
1946.0,0.9514403887905323,2.88e-05,0.304140564,1.3952431067974232e-05,0.769637754478663,0.0,0.18178868188080127,0.0,0.0,0.0,0.0,0.0,0.0,0.0,0.0,0.0,0.0,0.006839048849999999
1947.0,0.917494704285062,0.0,0.302653168,0.0,0.7658738497156646,0.0,0.15162085456939733,0.0,0.0,0.0,0.0,0.0,0.0,0.0,0.0,0.0,0.0,0.006839048849999999
1948.0,0.8727552003584773,0.0,0.304890684,0.0,0.7715359579435239,0.0,0.10121924241495336,0.0,0.0,0.0,0.0,0.0,0.0,0.0,0.0,0.0,0.0,0.006839048849999999
1949.0,0.8267852320635484,0.0,0.308017503,0.0,0.7794484768202273,0.0,0.047336755243321045,0.0,0.0,0.0,0.0,0.0,0.0,0.0,0.0,0.0,0.0,0.006839048849999999
1950.0,0.7908147339898253,0.0,0.310943902,0.0,0.7868538262594708,0.0,0.003960907730354614,0.0,0.0,0.0,0.0,0.0,0.0,0.0,0.0,0.0,0.0,0.006839048849999999
1951.0,0.7602088810555965,0.0,0.311854971,0.0,0.7602088810555965,0.0,0.0,0.0,0.0,0.0,0.0,0.0,0.0,0.0,0.028950435435473633,0.0,0.0,3.675e-09
1952.0,0.7534980662582682,0.0,0.312000558,0.0,0.7534980662582682,0.0,0.0,0.0,0.0,0.0,0.0,0.0,0.0,0.0,0.036029662950552,0.0,0.0,3.675e-09
1953.0,0.7574831692522718,0.0,0.304284515,0.0,0.7574831692522718,0.0,0.0,0.0,0.0,0.0,0.0,0.0,0.0,0.0,0.012518857992042236,0.0,0.0,3.675e-09
1954.0,0.7830203097686382,9.64e-05,0.290669707,4.6701887324747084e-05,0.7355493053877906,0.0,0.04742430249352283,0.0,0.0,0.0,0.0,0.0,0.0,0.0,0.0,0.0,0.0,0.006839048849999999
1955.0,0.8449618376947281,0.005944231,0.282225575,0.0028797386555422066,0.7141811501324417,0.0,0.12790094890674425,0.0,0.0,0.0,0.0,0.0,0.0,0.0,0.0,0.0,0.0,0.006839048849999999
1956.0,0.9051566851141888,0.0432454,0.272854636,0.020950641059269894,0.6904676791160713,0.0,0.19373836493884766,0.0,0.0,0.0,0.0,0.0,0.0,0.0,0.0,0.0,0.0,0.006839048849999999
1957.0,0.9296013158767299,0.140251664,0.265322513,0.06794623868502372,0.6714073927934054,0.0,0.19024768439830078,0.0,0.0,0.0,0.0,0.0,0.0,0.0,0.0,0.0,0.0,0.006839048849999999
1958.0,0.9361630508970622,0.287922322,0.241681635,0.1394866788415306,0.6115833692612335,0.0,0.1850930027942981,0.0,0.0,0.0,0.0,0.0,0.0,0.0,0.0,0.0,0.0,0.006839048849999999
1959.0,0.9429673186590768,0.441230357,0.272788545,0.21375819934514453,0.6903004336550836,0.0,0.038908685658848634,0.0,0.0,0.0,0.0,0.0,0.0,0.0,0.0,0.0,0.0,0.006839048849999999
1960.0,0.943737192701521,0.564124306,0.325688339,0.2732953296261737,0.6704418630753473,0.0,0.0,0.0,0.0,0.0,0.0,0.0,0.0,0.0,0.15372324857955688,0.0,0.0,3.675e-09
1961.0,0.9393315523663538,0.643098415,0.359350602,0.3115550800420482,0.6277764723243057,0.0,0.0,0.0,0.0,0.0,0.0,0.0,0.0,0.0,0.2815721089909961,0.0,0.0,3.675e-09
1962.0,0.9373623646104859,0.669507826,0.390061053,0.3243493677685516,0.6130129968419343,0.0,0.0,0.0,0.0,0.0,0.0,0.0,0.0,0.0,0.37404939625766787,0.0,0.0,3.675e-09
1963.0,0.9367971961574226,0.640499647,0.419470498,0.31029608242462947,0.6265011137327932,0.0,0.0,0.0,0.0,0.0,0.0,0.0,0.0,0.0,0.4349828524466294,0.0,0.0,3.675e-09
1964.0,0.9359961704601332,0.560319273,0.445320216,0.2714519455760394,0.6645442248840937,0.0,0.0,0.0,0.0,0.0,0.0,0.0,0.0,0.0,0.4623533074891057,0.0,0.0,3.675e-09
1965.0,0.9384659995267882,0.439548766,0.463327873,0.21294353675792138,0.7255224627688668,0.0,0.0,0.0,0.0,0.0,0.0,0.0,0.0,0.0,0.4469440411174584,0.0,0.0,3.675e-09
1966.0,0.9433144295279223,0.296436965,0.475494633,0.14361167778340245,0.7997027517445199,0.0,0.0,0.0,0.0,0.0,0.0,0.0,0.0,0.0,0.4035521406504845,0.0,0.0,3.675e-09
1967.0,0.9440175515955798,0.154647479,0.472347178,0.07492042675637128,0.8690971248392085,0.0,0.0,0.0,0.0,0.0,0.0,0.0,0.0,0.0,0.3261930285987041,0.0,0.0,3.675e-09
1968.0,0.9537922887351118,0.053153164,0.464241803,0.025750550581761445,0.9280417381533503,0.0,0.0,0.0,0.0,0.0,0.0,0.0,0.0,0.0,0.2467374958196814,0.0,0.0,3.675e-09
1969.0,0.9712501964712115,0.007619633,0.480218299,0.0036914029234639484,0.9675587935477474,0.0,0.0,0.0,0.0,0.0,0.0,0.0,0.0,0.0,0.24764949186176868,0.0,0.0,3.675e-09
1970.0,0.9612863285697965,3.04e-05,0.482592781,1.4727566127306136e-05,0.9612716010036692,0.0,0.0,0.0,0.0,0.0,0.0,0.0,0.0,0.0,0.25994538962587793,0.0,0.0,3.675e-09
1971.0,0.9242344449048003,0.0,0.481214811,0.0,0.9242344449048003,0.0,0.0,0.0,0.0,0.0,0.0,0.0,0.0,0.0,0.29349554707323194,0.0,0.0,3.675e-09
1972.0,0.8753807846995842,0.0,0.476888898,0.0,0.8753807846995842,0.0,0.0,0.0,0.0,0.0,0.0,0.0,0.0,0.0,0.3314023413832756,0.0,0.0,3.675e-09
1973.0,0.8253678617658315,0.0,0.469105938,0.0,0.8253678617658315,0.0,0.0,0.0,0.0,0.0,0.0,0.0,0.0,0.0,0.36172022667122045,0.0,0.0,3.675e-09
1974.0,0.7874771272510941,0.0,0.455068823,0.0,0.7874771272510941,0.0,0.0,0.0,0.0,0.0,0.0,0.0,0.0,0.0,0.3640895775011471,0.0,0.0,3.675e-09
1975.0,0.7614415702564511,0.0,0.443238176,0.0,0.7614415702564511,0.0,0.0,0.0,0.0,0.0,0.0,0.0,0.0,0.0,0.36018729104814756,0.0,0.0,3.675e-09
1976.0,0.7462576853276675,0.0,0.436300346,0.0,0.7462576853276675,0.0,0.0,0.0,0.0,0.0,0.0,0.0,0.0,0.0,0.3578147677427612,0.0,0.0,3.675e-09
1977.0,0.7444086515263855,0.0,0.423275638,0.0,0.7444086515263855,0.0,0.0,0.0,0.0,0.0,0.0,0.0,0.0,0.0,0.32670434725086217,0.0,0.0,3.675e-09
1978.0,0.767039848807586,0.000129134,0.414847093,6.256018171985363e-05,0.7669772886258662,0.0,0.0,0.0,0.0,0.0,0.0,0.0,0.0,0.0,0.28280699831496103,0.0,0.0,3.675e-09
1979.0,0.8236523319141229,0.006607417,0.413888029,0.003201025355203511,0.8204513065589194,0.0,0.0,0.0,0.0,0.0,0.0,0.0,0.0,0.0,0.22690603721571667,0.0,0.0,3.675e-09
1980.0,0.8838649809934414,0.047081411,0.408127388,0.02280903269307166,0.8610559483003698,0.0,0.0,0.0,0.0,0.0,0.0,0.0,0.0,0.0,0.17172390293171386,0.0,0.0,3.675e-09
1981.0,0.9142104995261301,0.14552718,0.396076379,0.07050201206481523,0.843708487461315,0.0,0.0,0.0,0.0,0.0,0.0,0.0,0.0,0.0,0.15857588699522693,0.0,0.0,3.675e-09
1982.0,0.9298171486284372,0.293121329,0.425851853,0.14200538671616308,0.7878117619122742,0.0,0.0,0.0,0.0,0.0,0.0,0.0,0.0,0.0,0.28982043411238256,0.0,0.0,3.675e-09
1983.0,0.9448297024553463,0.445720623,0.534205908,0.21593355097159828,0.7288961514837481,0.0,0.0,0.0,0.0,0.0,0.0,0.0,0.0,0.0,0.6229295637547994,0.0,0.0,3.675e-09
1984.0,0.9500185688277946,0.571208129,0.579955083,0.27672715435204975,0.6732914144757449,0.0,0.0,0.0,0.0,0.0,0.0,0.0,0.0,0.0,0.794304100927477,0.0,0.0,3.675e-09
1985.0,0.9491040646733753,0.649317186,0.578780103,0.3145678221845835,0.6345362424887917,0.0,0.0,0.0,0.0,0.0,0.0,0.0,0.0,0.0,0.8300859471703597,0.0,0.0,3.675e-09
1986.0,0.9477734718428887,0.673335288,0.571707262,0.3262036177588395,0.6215698540840493,0.0,0.0,0.0,0.0,0.0,0.0,0.0,0.0,0.0,0.8251542775409074,0.0,0.0,3.675e-09
1987.0,0.9441933323624754,0.642773696,0.563232134,0.3113977668662162,0.6327955654962591,0.0,0.0,0.0,0.0,0.0,0.0,0.0,0.0,0.0,0.7924819744703776,0.0,0.0,3.675e-09
1988.0,0.9411027090303723,0.563005881,0.554594159,0.2727534981082155,0.6683492109221568,0.0,0.0,0.0,0.0,0.0,0.0,0.0,0.0,0.0,0.735069647667658,0.0,0.0,3.675e-09
1989.0,0.9386373296287381,0.442190456,0.536216053,0.21422332834222546,0.7244140012865127,0.0,0.0,0.0,0.0,0.0,0.0,0.0,0.0,0.0,0.6324984523457219,0.0,0.0,3.675e-09
1990.0,0.9395874351030234,0.299418144,0.505790833,0.14505593800905497,0.7945314970939685,0.0,0.0,0.0,0.0,0.0,0.0,0.0,0.0,0.0,0.48538893123144383,0.0,0.0,3.675e-09
1991.0,0.9385082753441857,0.159175127,0.475131988,0.0771138884445675,0.8613943868996181,0.0,0.0,0.0,0.0,0.0,0.0,0.0,0.0,0.0,0.34094282033099316,0.0,0.0,3.675e-09
1992.0,0.944053152915446,0.057345259,0.458287663,0.027781450460855176,0.9162717024545908,0.0,0.0,0.0,0.0,0.0,0.0,0.0,0.0,0.0,0.24344038335779103,0.0,0.0,3.675e-09
1993.0,0.9553987897947116,0.009394303,0.453691169,0.00455115850830429,0.9508476312864073,0.0,0.0,0.0,0.0,0.0,0.0,0.0,0.0,0.0,0.19723287446276855,0.0,0.0,3.675e-09
1994.0,0.9501832234322884,7.06e-05,0.461795687,3.420283449302017e-05,0.9501490205977954,0.0,0.0,0.0,0.0,0.0,0.0,0.0,0.0,0.0,0.21844023594942236,0.0,0.0,3.675e-09
1995.0,0.915834801245663,0.0,0.460702158,0.0,0.915834801245663,0.0,0.0,0.0,0.0,0.0,0.0,0.0,0.0,0.0,0.24998724400639416,0.0,0.0,3.675e-09
1996.0,0.871168724791321,0.0,0.450812524,0.0,0.871168724791321,0.0,0.0,0.0,0.0,0.0,0.0,0.0,0.0,0.0,0.2696272745947336,0.0,0.0,3.675e-09
1997.0,0.8249962757395216,0.0,0.442220379,0.0,0.8249962757395216,0.0,0.0,0.0,0.0,0.0,0.0,0.0,0.0,0.0,0.29405701660021133,0.0,0.0,3.675e-09
1998.0,0.7874704517536381,0.0,0.443673839,0.0,0.7874704517536381,0.0,0.0,0.0,0.0,0.0,0.0,0.0,0.0,0.0,0.33526086917890247,0.0,0.0,3.675e-09
1999.0,0.7610477329052625,0.0,0.4517114,0.0,0.7610477329052624,0.0,0.0,0.0,0.0,0.0,0.0,0.0,0.0,0.0,0.38202290192269533,0.0,0.0,3.675e-09
2000.0,0.74624433533268,0.0,0.455069423,0.0,0.74624433533268,0.0,0.0,0.0,0.0,0.0,0.0,0.0,0.0,0.0,0.40532388773940187,0.0,0.0,3.675e-09
2001.0,0.7441282926323266,0.0,0.45926898,0.0,0.7441282926323267,0.0,0.0,0.0,0.0,0.0,0.0,0.0,0.0,0.0,0.41806704829860547,0.0,0.0,3.675e-09
2002.0,0.7584510743865656,0.000183263,0.462389588,8.878348523646395e-05,0.7583622909013291,0.0,0.0,0.0,0.0,0.0,0.0,0.0,0.0,0.0,0.4117298517654219,0.0,0.0,3.675e-09
2003.0,0.7977858811888441,0.006691687,0.461511246,0.003241850749859698,0.7945440304389844,0.0,0.0,0.0,0.0,0.0,0.0,0.0,0.0,0.0,0.3733254387518789,0.0,0.0,3.675e-09
2004.0,0.8476942249955087,0.039991445,0.449283104,0.01937423193302718,0.8283199930624815,0.0,0.0,0.0,0.0,0.0,0.0,0.0,0.0,0.0,0.3086057584389314,0.0,0.0,3.675e-09
2005.0,0.8841853908723872,0.128320111,0.44441676,0.06216588553341326,0.8220195053389739,0.0,0.0,0.0,0.0,0.0,0.0,0.0,0.0,0.0,0.3025918017508717,0.0,0.0,3.675e-09
2006.0,0.913830012169929,0.26972974,0.52002931,0.13067311126154904,0.7831569009083799,0.0,0.0,0.0,0.0,0.0,0.0,0.0,0.0,0.0,0.5327944643014528,0.0,0.0,3.675e-09
2007.0,0.9328054186658876,0.420393898,0.599255685,0.20366378066812468,0.729141637997763,0.0,0.0,0.0,0.0,0.0,0.0,0.0,0.0,0.0,0.7872946889960051,0.0,0.0,3.675e-09
2008.0,0.9357603132159071,0.539683582,0.636509791,0.2614547908462646,0.6743055223696426,0.0,0.0,0.0,0.0,0.0,0.0,0.0,0.0,0.0,0.9364035517705734,0.0,0.0,3.675e-09
2009.0,0.9292163788555078,0.614449622,0.656955978,0.29767590262839666,0.6315404762271111,0.0,0.0,0.0,0.0,0.0,0.0,0.0,0.0,0.0,1.030908350228192,0.0,0.0,3.675e-09
2010.0,0.9196708244626707,0.643008776,0.68676174,0.3115116535848085,0.6081591708778622,0.0,0.0,0.0,0.0,0.0,0.0,0.0,0.0,0.0,1.1297141219311146,0.0,0.0,3.675e-09
2011.0,0.911010847401918,0.623940233,0.719002568,0.30227371845375983,0.6087371289481582,0.0,0.0,0.0,0.0,0.0,0.0,0.0,0.0,0.0,1.2107226452499067,0.0,0.0,3.675e-09
2012.0,0.9022284915540689,0.552082143,0.74476212,0.2674613904189928,0.6347671011350762,0.0,0.0,0.0,0.0,0.0,0.0,0.0,0.0,0.0,1.2498780712121695,0.0,0.0,3.675e-09
2013.0,0.8959248661027662,0.435909851,0.751160445,0.21118063013640345,0.6847442359663628,0.0,0.0,0.0,0.0,0.0,0.0,0.0,0.0,0.0,1.2160921093722787,0.0,0.0,3.675e-09
2014.0,0.8940825067990156,0.29996321,0.740627402,0.14532000036296108,0.7487625064360546,0.0,0.0,0.0,0.0,0.0,0.0,0.0,0.0,0.0,1.1254196252859276,0.0,0.0,3.675e-09
2015.0,0.8773099214705651,0.164552316,0.711212449,0.07971891826616366,0.7975910032044013,0.0,0.0,0.0,0.0,0.0,0.0,0.0,0.0,0.0,1.002155617261623,0.0,0.0,3.675e-09
2016.0,0.8919041617888963,0.061636381,0.659368873,0.029860324902149193,0.8620438368867472,0.0,0.0,0.0,0.0,0.0,0.0,0.0,0.0,0.0,0.8065109001553223,0.0,0.0,3.675e-09
2017.0,0.9079001985773711,0.009481898,0.634316255,0.004593594730505651,0.9033066038468655,0.0,0.0,0.0,0.0,0.0,0.0,0.0,0.0,0.0,0.7018516549098157,0.0,0.0,3.675e-09
2018.0,0.9047628477630001,8.32e-05,0.618621612,4.03070230852589e-05,0.9047225407399149,0.0,0.0,0.0,0.0,0.0,0.0,0.0,0.0,0.0,0.6607199049170568,0.0,0.0,3.675e-09
2019.0,0.8822762795938499,0.0,0.590697378,0.0,0.8822762795938498,0.0,0.0,0.0,0.0,0.0,0.0,0.0,0.0,0.0,0.6125029685315464,0.0,0.0,3.675e-09
2020.0,0.8494475809995942,0.0,0.560538879,0.0,0.8494475809995942,0.0,0.0,0.0,0.0,0.0,0.0,0.0,0.0,0.0,0.5690145881293714,0.0,0.0,3.675e-09
2021.0,0.8129630906201718,0.0,0.535552359,0.0,0.8129630906201718,0.0,0.0,0.0,0.0,0.0,0.0,0.0,0.0,0.0,0.5422698633981247,0.0,0.0,3.675e-09
2022.0,0.780652833996636,0.0,0.524018421,0.0,0.780652833996636,0.0,0.0,0.0,0.0,0.0,0.0,0.0,0.0,0.0,0.5453931085100486,0.0,0.0,3.675e-09
2023.0,0.7585378528537206,0.0,0.517726118,0.0,0.7585378528537206,0.0,0.0,0.0,0.0,0.0,0.0,0.0,0.0,0.0,0.5515852088384886,0.0,0.0,3.675e-09
2024.0,0.7432716401227275,0.0,0.502710384,0.0,0.7432716401227275,0.0,0.0,0.0,0.0,0.0,0.0,0.0,0.0,0.0,0.5288536101443376,0.0,0.0,3.675e-09
2025.0,0.7381183750701453,0.0,0.46618067,0.0,0.7381183750701454,0.0,0.0,0.0,0.0,0.0,0.0,0.0,0.0,0.0,0.44156722596056286,0.0,0.0,3.675e-09
2026.0,0.7439858873528621,7.16e-05,0.43087165,3.468729390510261e-05,0.7439512000589569,0.0,0.0,0.0,0.0,0.0,0.0,0.0,0.0,0.0,0.3463837582681289,0.0,0.0,3.675e-09
2027.0,0.762222570461297,0.003281681,0.409114311,0.0015898412479021095,0.7606327292133949,0.0,0.0,0.0,0.0,0.0,0.0,0.0,0.0,0.0,0.2746445633056173,0.0,0.0,3.675e-09
2028.0,0.7894730159968616,0.030621842,0.384537203,0.014835039572201328,0.7746379764246603,0.0,0.0,0.0,0.0,0.0,0.0,0.0,0.0,0.0,0.1984461315880603,0.0,0.0,3.675e-09
2029.0,0.8223751410634355,0.119026059,0.382145257,0.057663294565629665,0.7647118464978058,0.0,0.0,0.0,0.0,0.0,0.0,0.0,0.0,0.0,0.20231936306538673,0.0,0.0,3.675e-09
2030.0,0.8509561794294866,0.265854758,0.409607873,0.12879583975999903,0.7221603396694877,0.0,0.0,0.0,0.0,0.0,0.0,0.0,0.0,0.0,0.31436592781156225,0.0,0.0,3.675e-09
2031.0,0.8675262840010667,0.420109693,0.449029414,0.20352609488091378,0.6640001891201528,0.0,0.0,0.0,0.0,0.0,0.0,0.0,0.0,0.0,0.4722835914472756,0.0,0.0,3.675e-09
2032.0,0.8712911035784173,0.548867214,0.463265793,0.26590388780576607,0.6053872157726512,0.0,0.0,0.0,0.0,0.0,0.0,0.0,0.0,0.0,0.5669221926208214,0.0,0.0,3.675e-09
2033.0,0.867768816742749,0.634151943,0.455981773,0.3072208774767161,0.560547939266033,0.0,0.0,0.0,0.0,0.0,0.0,0.0,0.0,0.0,0.5933290156505083,0.0,0.0,3.675e-09
2034.0,0.8586104242036443,0.667295906,0.450164042,0.32327778230577825,0.535332641897866,0.0,0.0,0.0,0.0,0.0,0.0,0.0,0.0,0.0,0.6038223523432789,0.0,0.0,3.675e-09
2035.0,0.8482816437735261,0.64819673,0.452627836,0.3140250067295592,0.5342566370439669,0.0,0.0,0.0,0.0,0.0,0.0,0.0,0.0,0.0,0.6111330693865653,0.0,0.0,3.675e-09
2036.0,0.8430549522486259,0.581358728,0.456283117,0.2816447075758744,0.5614102446727516,0.0,0.0,0.0,0.0,0.0,0.0,0.0,0.0,0.0,0.59322927120059,0.0,0.0,3.675e-09
2037.0,0.8428858469791864,0.47444382,0.456023643,0.22984877410334636,0.6130370728758401,0.0,0.0,0.0,0.0,0.0,0.0,0.0,0.0,0.0,0.5409458354602522,0.0,0.0,3.675e-09
2038.0,0.8460387726210554,0.342087581,0.441844943,0.1657275483719636,0.6803112242490919,0.0,0.0,0.0,0.0,0.0,0.0,0.0,0.0,0.0,0.43779201487777736,0.0,0.0,3.675e-09
2039.0,0.8508382503074113,0.195954073,0.39028194,0.09493179500073927,0.7559064553066721,0.0,0.0,0.0,0.0,0.0,0.0,0.0,0.0,0.0,0.2317148996506898,0.0,0.0,3.675e-09
2040.0,0.8625087487304931,0.07546078,0.334881659,0.03655768511408224,0.8259510636164108,0.0,0.0,0.0,0.0,0.0,0.0,0.0,0.0,0.0,0.021478048301884156,0.0,0.0,3.675e-09
2041.0,0.884625954705919,0.013879569,0.319281733,0.0067240878376976405,0.8079529833191735,0.0,0.06994888354904773,0.0,0.0,0.0,0.0,0.0,0.0,0.0,0.0,0.0,0.0,0.006839048849999999
2042.0,0.8855070833729074,0.000173217,0.307496157,8.391660598268378e-05,0.7781291935274323,0.0,0.10729397323949243,0.0,0.0,0.0,0.0,0.0,0.0,0.0,0.0,0.0,0.0,0.006839048849999999
2043.0,0.8664604742372163,0.0,0.29442839,0.0,0.7450607770108825,0.0,0.12139969722633387,0.0,0.0,0.0,0.0,0.0,0.0,0.0,0.0,0.0,0.0,0.006839048849999999
2044.0,0.8363374629537663,0.0,0.285531048,0.0,0.72254575886385,0.0,0.11379170408991639,0.0,0.0,0.0,0.0,0.0,0.0,0.0,0.0,0.0,0.0,0.006839048849999999
2045.0,0.7995970888377495,0.0,0.279649874,0.0,0.7076632535790296,0.0,0.09193383525871997,0.0,0.0,0.0,0.0,0.0,0.0,0.0,0.0,0.0,0.0,0.006839048849999999
2046.0,0.7639269751505288,0.0,0.276475416,0.0,0.6996301826375063,0.0,0.06429679251302246,0.0,0.0,0.0,0.0,0.0,0.0,0.0,0.0,0.0,0.0,0.006839048849999999
2047.0,0.7373529506927221,0.0,0.278783219,0.0,0.705470154443106,0.0,0.03188279624961621,0.0,0.0,0.0,0.0,0.0,0.0,0.0,0.0,0.0,0.0,0.006839048849999999
2048.0,0.7206871683239454,0.0,0.28345354,0.0,0.7172885561711126,0.0,0.003398612152832764,0.0,0.0,0.0,0.0,0.0,0.0,0.0,0.0,0.0,0.0,0.006839048849999999
2049.0,0.7126835878484319,0.0,0.283377524,0.0,0.7126835878484319,0.0,0.0,0.0,0.0,0.0,0.0,0.0,0.0,0.0,0.004412607320994507,0.0,0.0,3.675e-09
2050.0,0.7151111400977646,7.58e-05,0.283035638,3.672202343584885e-05,0.7150744180743287,0.0,0.0,0.0,0.0,0.0,0.0,0.0,0.0,0.0,0.0011566232666602783,0.0,0.0,3.675e-09
2051.0,0.7277628946500523,0.004004226,0.281975619,0.0019398849738052149,0.7135486282089324,0.0,0.012274381467314696,0.0,0.0,0.0,0.0,0.0,0.0,0.0,0.0,0.0,0.0,0.006839048849999999
2052.0,0.7474258473862458,0.040989881,0.27959199,0.019857933650589122,0.7075167762029297,0.0,0.02005113753272705,0.0,0.0,0.0,0.0,0.0,0.0,0.0,0.0,0.0,0.0,0.006839048849999999
2053.0,0.7794268192933128,0.144084477,0.274028826,0.06980308101762565,0.6934390057390183,0.0,0.016184732536668946,0.0,0.0,0.0,0.0,0.0,0.0,0.0,0.0,0.0,0.0,0.006839048849999999
2054.0,0.8127517095333348,0.301308973,0.236450408,0.14597196791474337,0.5983455763522675,0.0,0.06843416526632386,0.0,0.0,0.0,0.0,0.0,0.0,0.0,0.0,0.0,0.0,0.006839048849999999
2055.0,0.8322945083149424,0.466265151,0.243627057,0.22588654092798946,0.606407967386953,0.0,0.0,0.0,0.0,0.0,0.0,0.0,0.0,0.0,0.010098356576216919,0.0,0.0,3.675e-09
2056.0,0.8379105875260103,0.600991977,0.258194164,0.2911562198436825,0.5467543676823279,0.0,0.0,0.0,0.0,0.0,0.0,0.0,0.0,0.0,0.10661450224735254,0.0,0.0,3.675e-09
2057.0,0.8387627903705887,0.690929024,0.271034867,0.33472706875773317,0.5040357216128555,0.0,0.0,0.0,0.0,0.0,0.0,0.0,0.0,0.0,0.18182697187285485,0.0,0.0,3.675e-09
2058.0,0.8330020810475456,0.727134267,0.287632005,0.35226703949581495,0.4807350415517306,0.0,0.0,0.0,0.0,0.0,0.0,0.0,0.0,0.0,0.24712725847476502,0.0,0.0,3.675e-09
2059.0,0.8225086460129336,0.706377714,0.309238696,0.34221133203257703,0.4802973139803566,0.0,0.0,0.0,0.0,0.0,0.0,0.0,0.0,0.0,0.3022414321086061,0.0,0.0,3.675e-09
2060.0,0.8162005688967604,0.633284945,0.328786595,0.3068008521353595,0.5093997167614008,0.0,0.0,0.0,0.0,0.0,0.0,0.0,0.0,0.0,0.3226056341541896,0.0,0.0,3.675e-09
2061.0,0.8148388254113533,0.511462866,0.330868473,0.2477829993643591,0.5670558260469941,0.0,0.0,0.0,0.0,0.0,0.0,0.0,0.0,0.0,0.27021778599084023,0.0,0.0,3.675e-09
2062.0,0.8156265011136554,0.362591088,0.309448536,0.17566066531881178,0.6399658357948437,0.0,0.0,0.0,0.0,0.0,0.0,0.0,0.0,0.0,0.14310391735307812,0.0,0.0,3.675e-09
2063.0,0.8235344037919722,0.204406631,0.26734849,0.09902671628001197,0.676534194586623,0.0,0.04797349292533716,0.0,0.0,0.0,0.0,0.0,0.0,0.0,0.0,0.0,0.0,0.006839048849999999
2064.0,0.8430972280660235,0.078534494,0.24083649,0.03804677479143181,0.6094447018915996,0.0,0.19560575138299208,0.0,0.0,0.0,0.0,0.0,0.0,0.0,0.0,0.0,0.0,0.006839048849999999
2065.0,0.8680291501443641,0.013265305,0.24612995,0.006426501861394234,0.6228399774649777,0.0,0.23876267081799218,0.0,0.0,0.0,0.0,0.0,0.0,0.0,0.0,0.0,0.0,0.006839048849999999
2066.0,0.872479292129364,0.000121315,0.250223407,5.877219357678105e-05,0.6331986057653282,0.0,0.2392219141704591,0.0,0.0,0.0,0.0,0.0,0.0,0.0,0.0,0.0,0.0,0.006839048849999999
2067.0,0.8531500992671037,0.0,0.251078991,0.0,0.6353636893696574,0.0,0.2177864098974464,0.0,0.0,0.0,0.0,0.0,0.0,0.0,0.0,0.0,0.0,0.006839048849999999
2068.0,0.8199765146365129,0.0,0.259701212,0.0,0.6571825047285281,0.0,0.16279400990798487,0.0,0.0,0.0,0.0,0.0,0.0,0.0,0.0,0.0,0.0,0.006839048849999999
2069.0,0.7805193300470628,0.0,0.274765584,0.0,0.6953033962210264,0.0,0.08521593382603626,0.0,0.0,0.0,0.0,0.0,0.0,0.0,0.0,0.0,0.0,0.006839048849999999
2070.0,0.7506677763277803,0.0,0.293248826,0.0,0.7420758513032288,0.0,0.008591925024551392,0.0,0.0,0.0,0.0,0.0,0.0,0.0,0.0,0.0,0.0,0.006839048849999999
2071.0,0.7302104723918286,0.0,0.308676839,0.0,0.7302104723918286,0.0,0.0,0.0,0.0,0.0,0.0,0.0,0.0,0.0,0.05090647597922705,0.0,0.0,3.675e-09
2072.0,0.7196391602199528,0.0,0.322461797,0.0,0.7196391602199528,0.0,0.0,0.0,0.0,0.0,0.0,0.0,0.0,0.0,0.0963610802091222,0.0,0.0,3.675e-09
2073.0,0.7223003448810013,0.0,0.329812275,0.0,0.7223003448810013,0.0,0.0,0.0,0.0,0.0,0.0,0.0,0.0,0.0,0.11230052319162866,0.0,0.0,3.675e-09
2074.0,0.750240562489236,0.000187772,0.337114707,9.096791272554368e-05,0.7501495945765104,0.0,0.0,0.0,0.0,0.0,0.0,0.0,0.0,0.0,0.10293031914789637,0.0,0.0,3.675e-09
2075.0,0.8088422588440843,0.006987188,0.346828813,0.0033850089905894704,0.8054572498534949,0.0,0.0,0.0,0.0,0.0,0.0,0.0,0.0,0.0,0.07220453032857947,0.0,0.0,3.675e-09
2076.0,0.8743861775754662,0.054193088,0.355269666,0.026254351551411863,0.8481318260240543,0.0,0.0,0.0,0.0,0.0,0.0,0.0,0.0,0.0,0.05088981179543945,0.0,0.0,3.675e-09
2077.0,0.9146733146845406,0.172035699,0.333947084,0.08334431359473136,0.8313290010898093,0.0,0.0,0.0,0.0,0.0,0.0,0.0,0.0,0.0,0.013735137886593139,0.0,0.0,3.675e-09
2078.0,0.938401472384512,0.345023165,0.299655044,0.16714971967072223,0.7582869977921292,0.0,0.012964754921660644,0.0,0.0,0.0,0.0,0.0,0.0,0.0,0.0,0.0,0.0,0.006839048849999999
2079.0,0.9564334479037166,0.518804782,0.345401565,0.25133985967327777,0.705093588230439,0.0,0.0,0.0,0.0,0.0,0.0,0.0,0.0,0.0,0.16895649369160265,0.0,0.0,3.675e-09
2080.0,0.9633311686304176,0.662297134,0.437639242,0.3208560801615241,0.6424750884688936,0.0,0.0,0.0,0.0,0.0,0.0,0.0,0.0,0.0,0.46498548520395655,0.0,0.0,3.675e-09
2081.0,0.9630975362187018,0.756491368,0.50119023,0.3664893633867198,0.596608172831982,0.0,0.0,0.0,0.0,0.0,0.0,0.0,0.0,0.0,0.6716702774698482,0.0,0.0,3.675e-09
2082.0,0.9622230830491697,0.79134482,0.54983849,0.3833744462516832,0.5788486367974864,0.0,0.0,0.0,0.0,0.0,0.0,0.0,0.0,0.0,0.8125358441280462,0.0,0.0,3.675e-09
2083.0,0.9603161976030675,0.767307234,0.597947323,0.3717292114702422,0.5885869861328253,0.0,0.0,0.0,0.0,0.0,0.0,0.0,0.0,0.0,0.924538487555215,0.0,0.0,3.675e-09
2084.0,0.9568962630621272,0.687816243,0.641671683,0.3332190527045317,0.6236772103575955,0.0,0.0,0.0,0.0,0.0,0.0,0.0,0.0,0.0,1.0000942021813266,0.0,0.0,3.675e-09
2085.0,0.9539747449994634,0.558667816,0.673544534,0.27065188168874005,0.6833228633107233,0.0,0.0,0.0,0.0,0.0,0.0,0.0,0.0,0.0,1.0211038526505762,0.0,0.0,3.675e-09
2086.0,0.9556079470489628,0.393193322,0.685262005,0.190486205610861,0.7651217414381019,0.0,0.0,0.0,0.0,0.0,0.0,0.0,0.0,0.0,0.9689564223603525,0.0,0.0,3.675e-09
2087.0,0.9543263055333298,0.216621483,0.702961898,0.10494431629860598,0.8493819892347237,0.0,0.0,0.0,0.0,0.0,0.0,0.0,0.0,0.0,0.9294863390977604,0.0,0.0,3.675e-09
2088.0,0.9593772172912591,0.081792184,0.775034941,0.03962499337357865,0.9197522239176805,0.0,0.0,0.0,0.0,0.0,0.0,0.0,0.0,0.0,1.0414993230273795,0.0,0.0,3.675e-09
2089.0,0.9734930686236067,0.014479522,0.841955034,0.007014740715354737,0.9664783279082519,0.0,0.0,0.0,0.0,0.0,0.0,0.0,0.0,0.0,1.1641167272773707,0.0,0.0,3.675e-09
2090.0,0.9658276986869722,0.000200389,0.85866139,9.70803371277878e-05,0.9657306183498443,0.0,0.0,0.0,0.0,0.0,0.0,0.0,0.0,0.0,1.2071404231371685,0.0,0.0,3.675e-09
2091.0,0.9299395274155337,0.0,0.85715197,0.0,0.9299395274155337,0.0,0.0,0.0,0.0,0.0,0.0,0.0,0.0,0.0,1.2391118768481943,0.0,0.0,3.675e-09
2092.0,0.8833465390227212,0.0,0.842145925,0.0,0.8833465390227212,0.0,0.0,0.0,0.0,0.0,0.0,0.0,0.0,0.0,1.2477315721507574,0.0,0.0,3.675e-09
2093.0,0.8346753340819321,0.0,0.816356031,0.0,0.834675334081932,0.0,0.0,0.0,0.0,0.0,0.0,0.0,0.0,0.0,1.231140597508021,0.0,0.0,3.675e-09
2094.0,0.7986581085259411,0.0,0.804130079,0.0,0.7986581085259412,0.0,0.0,0.0,0.0,0.0,0.0,0.0,0.0,0.0,1.2362196472419802,0.0,0.0,3.675e-09
2095.0,0.7745027379873501,0.0,0.785083901,0.0,0.7745027379873501,0.0,0.0,0.0,0.0,0.0,0.0,0.0,0.0,0.0,1.2121780345352817,0.0,0.0,3.675e-09
2096.0,0.7623760999033139,0.0,0.774126898,0.0,0.7623760999033139,0.0,0.0,0.0,0.0,0.0,0.0,0.0,0.0,0.0,1.19657761420321,0.0,0.0,3.675e-09
2097.0,0.7623738750708036,0.0,0.760291666,0.0,0.7623738750708036,0.0,0.0,0.0,0.0,0.0,0.0,0.0,0.0,0.0,1.1615693269582477,0.0,0.0,3.675e-09
2098.0,0.7871099898898803,0.000311522,0.747526476,0.00015091976497074545,0.7869590701249096,0.0,0.0,0.0,0.0,0.0,0.0,0.0,0.0,0.0,1.1046813964916649,0.0,0.0,3.675e-09
2099.0,0.8482504931186056,0.010778014,0.747710622,0.005221510325856294,0.8430289827927493,0.0,0.0,0.0,0.0,0.0,0.0,0.0,0.0,0.0,1.0490774713661388,0.0,0.0,3.675e-09
2100.0,0.910499080928654,0.063062463,0.730612611,0.03055120374945054,0.8799478771792034,0.0,0.0,0.0,0.0,0.0,0.0,0.0,0.0,0.0,0.9688914947496028,0.0,0.0,3.675e-09
2101.0,0.9377651022916411,0.179436985,0.708824442,0.08692993625894536,0.8508351660326958,0.0,0.0,0.0,0.0,0.0,0.0,0.0,0.0,0.0,0.9428685237535549,0.0,0.0,3.675e-09
2102.0,0.9485722727076678,0.348493234,0.816286037,0.16883082725834772,0.7797414454493201,0.0,0.0,0.0,0.0,0.0,0.0,0.0,0.0,0.0,1.2858973640090816,0.0,0.0,3.675e-09
2103.0,0.9575615589774081,0.516778158,0.915157024,0.2503580426017256,0.7072035163756825,0.0,0.0,0.0,0.0,0.0,0.0,0.0,0.0,0.0,1.6086315951378736,0.0,0.0,3.675e-09
2104.0,0.9570675931640771,0.653947336,0.950782414,0.31681094193143694,0.6402566512326401,0.0,0.0,0.0,0.0,0.0,0.0,0.0,0.0,0.0,1.7657296877312163,0.0,0.0,3.675e-09
2105.0,0.9494623007046978,0.741797266,0.93538516,0.3593706673707203,0.5900916333339775,0.0,0.0,0.0,0.0,0.0,0.0,0.0,0.0,0.0,1.7769314452286866,0.0,0.0,3.675e-09
2106.0,0.942938391836742,0.773066286,0.907754325,0.3745192384163144,0.5684191534204275,0.0,0.0,0.0,0.0,0.0,0.0,0.0,0.0,0.0,1.7286831834822372,0.0,0.0,3.675e-09
2107.0,0.9343117922632698,0.745756638,0.880675567,0.361288822402056,0.5730229698612137,0.0,0.0,0.0,0.0,0.0,0.0,0.0,0.0,0.0,1.655555674485955,0.0,0.0,3.675e-09
2108.0,0.9230662828462219,0.662618393,0.848911415,0.3210117171077903,0.6020545657384316,0.0,0.0,0.0,0.0,0.0,0.0,0.0,0.0,0.0,1.5461438416003024,0.0,0.0,3.675e-09
2109.0,0.91613518663209,0.530804811,0.80823697,0.25715338666758997,0.6589817999645001,0.0,0.0,0.0,0.0,0.0,0.0,0.0,0.0,0.0,1.3862885792850053,0.0,0.0,3.675e-09
2110.0,0.9147000156744401,0.369912074,0.754094157,0.17920738589223553,0.7354926297822046,0.0,0.0,0.0,0.0,0.0,0.0,0.0,0.0,0.0,1.172767570784006,0.0,0.0,3.675e-09
2111.0,0.9162419895917637,0.205018085,0.679010659,0.09932294092536743,0.8169190486663962,0.0,0.0,0.0,0.0,0.0,0.0,0.0,0.0,0.0,0.9013398773604429,0.0,0.0,3.675e-09
2112.0,0.9275787271409875,0.07705933,0.613790567,0.037332117707266625,0.8902466094337209,0.0,0.0,0.0,0.0,0.0,0.0,0.0,0.0,0.0,0.6629707170984458,0.0,0.0,3.675e-09
2113.0,0.9546177905897903,0.014105943,0.584689408,0.006833756852648391,0.9477840337371419,0.0,0.0,0.0,0.0,0.0,0.0,0.0,0.0,0.0,0.5317918476325619,0.0,0.0,3.675e-09
2114.0,0.9500786453051252,0.000224826,0.548679444,0.00010891907178084635,0.9499697262333444,0.0,0.0,0.0,0.0,0.0,0.0,0.0,0.0,0.0,0.4384817504620211,0.0,0.0,3.675e-09
2115.0,0.9152451576351351,0.0,0.51280108,0.0,0.9152451576351351,0.0,0.0,0.0,0.0,0.0,0.0,0.0,0.0,0.0,0.38241493253762193,0.0,0.0,3.675e-09
2116.0,0.8722300838902257,0.0,0.478390324,0.0,0.8722300838902257,0.0,0.0,0.0,0.0,0.0,0.0,0.0,0.0,0.0,0.33835245033457434,0.0,0.0,3.675e-09
2117.0,0.8307792353875185,0.0,0.449786568,0.0,0.8307792353875185,0.0,0.0,0.0,0.0,0.0,0.0,0.0,0.0,0.0,0.3074205484143699,0.0,0.0,3.675e-09
2118.0,0.798733761830619,0.0,0.431331284,0.0,0.798733761830619,0.0,0.0,0.0,0.0,0.0,0.0,0.0,0.0,0.0,0.29276431553257826,0.0,0.0,3.675e-09
2119.0,0.775989085092364,0.0,0.422240973,0.0,0.775989085092364,0.0,0.0,0.0,0.0,0.0,0.0,0.0,0.0,0.0,0.2925056596882295,0.0,0.0,3.675e-09
2120.0,0.7658961629063966,0.0,0.414735742,0.0,0.7658961629063966,0.0,0.0,0.0,0.0,0.0,0.0,0.0,0.0,0.0,0.28360634664679185,0.0,0.0,3.675e-09
2121.0,0.7687175525069181,0.0,0.400234607,0.0,0.7687175525069181,0.0,0.0,0.0,0.0,0.0,0.0,0.0,0.0,0.0,0.2440893554073125,0.0,0.0,3.675e-09
2122.0,0.7901894880595066,0.000127454,0.381821668,6.174628990755513e-05,0.790127741769599,0.0,0.0,0.0,0.0,0.0,0.0,0.0,0.0,0.0,0.17608461512869872,0.0,0.0,3.675e-09
2123.0,0.8517594299592867,0.005864301,0.366601926,0.002841015814734457,0.8489184141445522,0.0,0.0,0.0,0.0,0.0,0.0,0.0,0.0,0.0,0.07877988233849438,0.0,0.0,3.675e-09
2124.0,0.911035323559307,0.04722155,0.335528489,0.022876924350621483,0.8490659366225768,0.0,0.03909246258610877,0.0,0.0,0.0,0.0,0.0,0.0,0.0,0.0,0.0,0.0,0.006839048849999999
2125.0,0.9344764468677637,0.150848105,0.278963983,0.07307978426204999,0.705927583722584,0.0,0.15546907888312964,0.0,0.0,0.0,0.0,0.0,0.0,0.0,0.0,0.0,0.0,0.006839048849999999
2126.0,0.9423198224038043,0.306773343,0.251220421,0.1486192333923443,0.6357215826614446,0.0,0.15797900635001538,0.0,0.0,0.0,0.0,0.0,0.0,0.0,0.0,0.0,0.0,0.006839048849999999
2127.0,0.94804048074196,0.472442744,0.323868037,0.22887933400085408,0.7191611467411059,0.0,0.0,0.0,0.0,0.0,0.0,0.0,0.0,0.0,0.10039763050931226,0.0,0.0,3.675e-09
2128.0,0.9480071042546043,0.612189936,0.381388933,0.2965811764773458,0.6514259277772585,0.0,0.0,0.0,0.0,0.0,0.0,0.0,0.0,0.0,0.31369137889392007,0.0,0.0,3.675e-09
2129.0,0.943025170303897,0.707433246,0.412423214,0.3427226944447312,0.6003024758591657,0.0,0.0,0.0,0.0,0.0,0.0,0.0,0.0,0.0,0.4433481051196775,0.0,0.0,3.675e-09
2130.0,0.9393716033512409,0.748656954,0.435807411,0.3626939077862693,0.5766776955649717,0.0,0.0,0.0,0.0,0.0,0.0,0.0,0.0,0.0,0.5261473691876528,0.0,0.0,3.675e-09
2131.0,0.9340002817143657,0.727169912,0.45030791,0.35228430805155864,0.5817159736628071,0.0,0.0,0.0,0.0,0.0,0.0,0.0,0.0,0.0,0.5578030833097439,0.0,0.0,3.675e-09
2132.0,0.9346655776296466,0.646562985,0.450627525,0.31323352358736656,0.6214320540422801,0.0,0.0,0.0,0.0,0.0,0.0,0.0,0.0,0.0,0.5188957992567541,0.0,0.0,3.675e-09
2133.0,0.9332237321744654,0.517911489,0.43416393,0.2509070954716804,0.6823166367027852,0.0,0.0,0.0,0.0,0.0,0.0,0.0,0.0,0.0,0.4163495450329447,0.0,0.0,3.675e-09
2134.0,0.9350171391634378,0.359346572,0.393303375,0.17408882900495973,0.7609283101584781,0.0,0.0,0.0,0.0,0.0,0.0,0.0,0.0,0.0,0.2343388859787643,0.0,0.0,3.675e-09
2135.0,0.9368350223097992,0.196735823,0.352926524,0.09531052114613472,0.8415245011636644,0.0,0.0,0.0,0.0,0.0,0.0,0.0,0.0,0.0,0.05156773834214502,0.0,0.0,3.675e-09
2136.0,0.9468656431859256,0.075363238,0.346366504,0.0365104299741089,0.8764918919700064,0.0,0.03386332124181018,0.0,0.0,0.0,0.0,0.0,0.0,0.0,0.0,0.0,0.0,0.006839048849999999
2137.0,0.967440875244028,0.013858256,0.37259146,0.006713762554247928,0.9428550103311,0.0,0.017872102358680055,0.0,0.0,0.0,0.0,0.0,0.0,0.0,0.0,0.0,0.0,0.006839048849999999
2138.0,0.9553987897947116,0.00027085,0.381877765,0.00013121583176252852,0.9552675739629489,0.0,0.0,0.0,0.0,0.0,0.0,0.0,0.0,0.0,0.011086738248856323,0.0,0.0,3.675e-09
2139.0,0.9179664197734391,0.0,0.384557203,0.0,0.9179664197734391,0.0,0.0,0.0,0.0,0.0,0.0,0.0,0.0,0.0,0.05516829890063867,0.0,0.0,3.675e-09
2140.0,0.8733181439790301,0.0,0.379063113,0.0,0.8733181439790301,0.0,0.0,0.0,0.0,0.0,0.0,0.0,0.0,0.0,0.08591359827226562,0.0,0.0,3.675e-09
2141.0,0.8254724408929196,0.0,0.364455147,0.0,0.8254724408929196,0.0,0.0,0.0,0.0,0.0,0.0,0.0,0.0,0.0,0.09679336034124597,0.0,0.0,3.675e-09
2142.0,0.7886319383147604,0.0,0.342641398,0.0,0.7886319383147604,0.0,0.0,0.0,0.0,0.0,0.0,0.0,0.0,0.0,0.07843344974097376,0.0,0.0,3.675e-09
2143.0,0.7682547383484323,0.0,0.329320613,0.0,0.7682547383484323,0.0,0.0,0.0,0.0,0.0,0.0,0.0,0.0,0.0,0.06510196277498902,0.0,0.0,3.675e-09
2144.0,0.7461375313730816,0.0,0.32072616,0.0,0.7461375313730816,0.0,0.0,0.0,0.0,0.0,0.0,0.0,0.0,0.0,0.06547062223369726,0.0,0.0,3.675e-09
2145.0,0.7452630782035493,0.0,0.304112609,0.0,0.7452630782035493,0.0,0.0,0.0,0.0,0.0,0.0,0.0,0.0,0.0,0.02430393522320166,0.0,0.0,3.675e-09
2146.0,0.764369763816571,0.000252618,0.289712595,0.0001223831677614415,0.733127301822148,0.0,0.031120078826661377,0.0,0.0,0.0,0.0,0.0,0.0,0.0,0.0,0.0,0.0,0.006839048849999999
2147.0,0.8156198256161993,0.009573082,0.27944165,0.004637769677536976,0.7071363358615079,0.0,0.1038457200771543,0.0,0.0,0.0,0.0,0.0,0.0,0.0,0.0,0.0,0.0,0.006839048849999999
2148.0,0.8734916989134904,0.057982366,0.257611796,0.02809010294350878,0.6518951684480186,0.0,0.193506427521963,0.0,0.0,0.0,0.0,0.0,0.0,0.0,0.0,0.0,0.0,0.006839048849999999
2149.0,0.9037793668012838,0.168239961,0.220960454,0.08150543259483241,0.5591477355356844,0.0,0.263126198670767,0.0,0.0,0.0,0.0,0.0,0.0,0.0,0.0,0.0,0.0,0.006839048849999999
2150.0,0.9245036786363822,0.327051417,0.217392464,0.1584431372005485,0.5501188188549014,0.0,0.21594172258093225,0.0,0.0,0.0,0.0,0.0,0.0,0.0,0.0,0.0,0.0,0.006839048849999999
2151.0,0.9448831044351456,0.48886214,0.239139637,0.23683386493376282,0.6051507592638072,0.0,0.10289848023757545,0.0,0.0,0.0,0.0,0.0,0.0,0.0,0.0,0.0,0.0,0.006839048849999999
2152.0,0.9555990467189963,0.618771378,0.294421428,0.29976961799932045,0.6558294287196759,0.0,0.0,0.0,0.0,0.0,0.0,0.0,0.0,0.0,0.08921373071998803,0.0,0.0,3.675e-09
2153.0,0.9588899269753842,0.701270185,0.344947225,0.339736941536043,0.6191529854393413,0.0,0.0,0.0,0.0,0.0,0.0,0.0,0.0,0.0,0.2537473740886503,0.0,0.0,3.675e-09
2154.0,0.9624277896384753,0.730962378,0.391099736,0.3541216039002613,0.6083061857382142,0.0,0.0,0.0,0.0,0.0,0.0,0.0,0.0,0.0,0.38138462903990894,0.0,0.0,3.675e-09
2155.0,0.9648953938726198,0.701688157,0.432160222,0.3399394320054299,0.6249559618671898,0.0,0.0,0.0,0.0,0.0,0.0,0.0,0.0,0.0,0.4686397705162106,0.0,0.0,3.675e-09
2156.0,0.9640031400431546,0.619238294,0.463322898,0.2999958198501723,0.6640073201929821,0.0,0.0,0.0,0.0,0.0,0.0,0.0,0.0,0.0,0.5084465942913303,0.0,0.0,3.675e-09
2157.0,0.9660057042863781,0.492237604,0.483167515,0.23846914023870824,0.7275365640476698,0.0,0.0,0.0,0.0,0.0,0.0,0.0,0.0,0.0,0.495134809974099,0.0,0.0,3.675e-09
2158.0,0.9697260232138208,0.341026263,0.491902434,0.16521338287765108,0.8045126403361696,0.0,0.0,0.0,0.0,0.0,0.0,0.0,0.0,0.0,0.4402627350601511,0.0,0.0,3.675e-09
2159.0,0.9669713845881615,0.189410865,0.507545131,0.09176187629992616,0.8752095082882354,0.0,0.0,0.0,0.0,0.0,0.0,0.0,0.0,0.0,0.409150229137052,0.0,0.0,3.675e-09
2160.0,0.9687937183994686,0.073955045,0.539484128,0.03582821762123029,0.9329655007782383,0.0,0.0,0.0,0.0,0.0,0.0,0.0,0.0,0.0,0.43221692470973316,0.0,0.0,3.675e-09
2161.0,0.9770754329365305,0.01503946,0.577723592,0.007286007949637353,0.9697894249868931,0.0,0.0,0.0,0.0,0.0,0.0,0.0,0.0,0.0,0.4921592286502035,0.0,0.0,3.675e-09
2162.0,0.9667822538262785,0.000323802,0.613006202,0.00015686892655111782,0.9666253848997273,0.0,0.0,0.0,0.0,0.0,0.0,0.0,0.0,0.0,0.5846070800626697,0.0,0.0,3.675e-09
2163.0,0.9281772710814817,0.0,0.644087656,0.0,0.9281772710814817,0.0,0.0,0.0,0.0,0.0,0.0,0.0,0.0,0.0,0.70170784102499,0.0,0.0,3.675e-09
2164.0,0.8818423912577743,0.0,0.674586386,0.0,0.8818423912577743,0.0,0.0,0.0,0.0,0.0,0.0,0.0,0.0,0.0,0.8252207656413381,0.0,0.0,3.675e-09
2165.0,0.831631437232172,0.0,0.696074428,0.0,0.831631437232172,0.0,0.0,0.0,0.0,0.0,0.0,0.0,0.0,0.0,0.9298079205114393,0.0,0.0,3.675e-09
2166.0,0.7914199524278508,0.0,0.706455187,0.0,0.7914199524278508,0.0,0.0,0.0,0.0,0.0,0.0,0.0,0.0,0.0,0.9962882592347141,0.0,0.0,3.675e-09
2167.0,0.7623004475985607,0.0,0.699569042,0.0,0.7623004475985607,0.0,0.0,0.0,0.0,0.0,0.0,0.0,0.0,0.0,1.0079821464314465,0.0,0.0,3.675e-09
2168.0,0.7437767310985355,0.0,0.678322614,0.0,0.7437767310985355,0.0,0.0,0.0,0.0,0.0,0.0,0.0,0.0,0.0,0.97274107430363,0.0,0.0,3.675e-09
2169.0,0.7410087424778886,0.0,0.642858462,0.0,0.7410087424778887,0.0,0.0,0.0,0.0,0.0,0.0,0.0,0.0,0.0,0.8857658535647714,0.0,0.0,3.675e-09
2170.0,0.7586602316408169,0.000463488,0.599121517,0.00022454112398726534,0.7584356905168296,0.0,0.0,0.0,0.0,0.0,0.0,0.0,0.0,0.0,0.7576611199162903,0.0,0.0,3.675e-09
2171.0,0.8081280116139498,0.011179562,0.562063467,0.0054160440338591725,0.8027119675800906,0.0,0.0,0.0,0.0,0.0,0.0,0.0,0.0,0.0,0.6196082218977329,0.0,0.0,3.675e-09
2172.0,0.8670412185177022,0.06095648,0.538078908,0.029530940463414933,0.8375102780542873,0.0,0.0,0.0,0.0,0.0,0.0,0.0,0.0,0.0,0.52411619175607,0.0,0.0,3.675e-09
2173.0,0.9014430416842022,0.169019711,0.476263316,0.08188318982140369,0.8195598518627984,0.0,0.0,0.0,0.0,0.0,0.0,0.0,0.0,0.0,0.3856402182824054,0.0,0.0,3.675e-09
2174.0,0.9268199772610956,0.330640102,0.51577795,0.16018170942579754,0.7666382678352981,0.0,0.0,0.0,0.0,0.0,0.0,0.0,0.0,0.0,0.5385548903111704,0.0,0.0,3.675e-09
2175.0,0.9478914009649642,0.49628923,0.667656335,0.24043198858864617,0.7074594123763178,0.0,0.0,0.0,0.0,0.0,0.0,0.0,0.0,0.0,0.9820670213053594,0.0,0.0,3.675e-09
2176.0,0.9575860351347973,0.628768053,0.732946863,0.30461260129259965,0.6529734338421977,0.0,0.0,0.0,0.0,0.0,0.0,0.0,0.0,0.0,1.2017728399613197,0.0,0.0,3.675e-09
2177.0,0.9585294651116265,0.711001998,0.753361101,0.3444516099405192,0.6140778551711071,0.0,0.0,0.0,0.0,0.0,0.0,0.0,0.0,0.0,1.2923273229465122,0.0,0.0,3.675e-09
2178.0,0.9567939097674744,0.73677749,0.781771924,0.35693878964097486,0.5998551201264996,0.0,0.0,0.0,0.0,0.0,0.0,0.0,0.0,0.0,1.3784445850776503,0.0,0.0,3.675e-09
2179.0,0.9518097509842564,0.70475545,0.816608682,0.34142541096889445,0.6103843400153618,0.0,0.0,0.0,0.0,0.0,0.0,0.0,0.0,0.0,1.4560709332847186,0.0,0.0,3.675e-09
2180.0,0.9452836172837902,0.620276897,0.85654942,0.30049898084893933,0.6447846364348508,0.0,0.0,0.0,0.0,0.0,0.0,0.0,0.0,0.0,1.5227419951288401,0.0,0.0,3.675e-09
2181.0,0.9392670252240776,0.493889705,0.896810815,0.2392695161178691,0.6999975091062085,0.0,0.0,0.0,0.0,0.0,0.0,0.0,0.0,0.0,1.5694119138630331,0.0,0.0,3.675e-09
2182.0,0.933864552932282,0.343662839,0.923521451,0.16649069693652177,0.7673738559957602,0.0,0.0,0.0,0.0,0.0,0.0,0.0,0.0,0.0,1.5696277146349717,0.0,0.0,3.675e-09
2183.0,0.9255872880602408,0.193782603,0.933924585,0.09387980592118461,0.8317074821390563,0.0,0.0,0.0,0.0,0.0,0.0,0.0,0.0,0.0,1.5316195630880225,0.0,0.0,3.675e-09
2184.0,0.9232932397604815,0.077961899,0.905527943,0.03776937575437046,0.8855238640061109,0.0,0.0,0.0,0.0,0.0,0.0,0.0,0.0,0.0,1.4059445396238721,0.0,0.0,3.675e-09
2185.0,0.9333372106315952,0.014814268,0.870374218,0.007176911565711684,0.9261602990658836,0.0,0.0,0.0,0.0,0.0,0.0,0.0,0.0,0.0,1.2763504409932502,0.0,0.0,3.675e-09
2186.0,0.9271492884699327,0.000363394,0.848683981,0.00017604964359428573,0.9269732388263385,0.0,0.0,0.0,0.0,0.0,0.0,0.0,0.0,0.0,1.2206496392546407,0.0,0.0,3.675e-09
2187.0,0.901391865536838,0.0,0.841097574,0.0,0.901391865536838,0.0,0.0,0.0,0.0,0.0,0.0,0.0,0.0,0.0,1.2270333587644193,0.0,0.0,3.675e-09
2188.0,0.8639127680332976,0.0,0.822791974,0.0,0.8639127680332976,0.0,0.0,0.0,0.0,0.0,0.0,0.0,0.0,0.0,1.218189530140998,0.0,0.0,3.675e-09
2189.0,0.8197606828847301,0.0,0.805088526,0.0,0.8197606828847301,0.0,0.0,0.0,0.0,0.0,0.0,0.0,0.0,0.0,1.2175424547104794,0.0,0.0,3.675e-09
2190.0,0.7858016483842725,0.0,0.786186671,0.0,0.7858016483842725,0.0,0.0,0.0,0.0,0.0,0.0,0.0,0.0,0.0,1.2036697200895998,0.0,0.0,3.675e-09
2191.0,0.7520117191532543,0.0,0.761618136,0.0,0.7520117191532543,0.0,0.0,0.0,0.0,0.0,0.0,0.0,0.0,0.0,1.1752881590743174,0.0,0.0,3.675e-09
2192.0,0.7407951355586164,0.0,0.741560886,0.0,0.7407951355586164,0.0,0.0,0.0,0.0,0.0,0.0,0.0,0.0,0.0,1.1357492082936813,0.0,0.0,3.675e-09
2193.0,0.7345693872445773,0.0,0.707164627,0.0,0.7345693872445773,0.0,0.0,0.0,0.0,0.0,0.0,0.0,0.0,0.0,1.0549340857976484,0.0,0.0,3.675e-09
2194.0,0.7418297936676216,0.00043984,0.654510597,0.00021308462781033982,0.7416167090398113,0.0,0.0,0.0,0.0,0.0,0.0,0.0,0.0,0.0,0.9146439999314824,0.0,0.0,3.675e-09
2195.0,0.7617975814552632,0.008664795,0.612518156,0.004197741491514854,0.7575998399637482,0.0,0.0,0.0,0.0,0.0,0.0,0.0,0.0,0.0,0.7923976084570135,0.0,0.0,3.675e-09
2196.0,0.7907902578324361,0.045595672,0.561776038,0.022089252450623705,0.7687010053818124,0.0,0.0,0.0,0.0,0.0,0.0,0.0,0.0,0.0,0.6528918355068499,0.0,0.0,3.675e-09
2197.0,0.8235855799393362,0.140123551,0.508605478,0.06788417313636362,0.7557014068029725,0.0,0.0,0.0,0.0,0.0,0.0,0.0,0.0,0.0,0.5313415737692179,0.0,0.0,3.675e-09
2198.0,0.8561984467818095,0.285532453,0.596966089,0.13832888431083654,0.7178695624709729,0.0,0.0,0.0,0.0,0.0,0.0,0.0,0.0,0.0,0.792772866132762,0.0,0.0,3.675e-09
2199.0,0.8765066709407652,0.441898192,0.752136424,0.21408173829661262,0.6624249326441526,0.0,0.0,0.0,0.0,0.0,0.0,0.0,0.0,0.0,1.240881159827523,0.0,0.0,3.675e-09
2200.0,0.8832797870479345,0.567225157,0.82860799,0.27479756607858896,0.6084822209693456,0.0,0.0,0.0,0.0,0.0,0.0,0.0,0.0,0.0,1.4883376980161354,0.0,0.0,3.675e-09
2201.0,0.8771541661961131,0.647437677,0.876948561,0.3136572763594398,0.5634968898366732,0.0,0.0,0.0,0.0,0.0,0.0,0.0,0.0,0.0,1.655650442583394,0.0,0.0,3.675e-09
2202.0,0.867997998489519,0.676883449,0.922580688,0.32792255775087337,0.5400754407386456,0.0,0.0,0.0,0.0,0.0,0.0,0.0,0.0,0.0,1.7945454980115698,0.0,0.0,3.675e-09
2203.0,0.8582900133247737,0.655493613,0.962870876,0.3175600503777736,0.5407299629470002,0.0,0.0,0.0,0.0,0.0,0.0,0.0,0.0,0.0,1.8958466288473887,0.0,0.0,3.675e-09
2204.0,0.8498703451731175,0.586730622,0.982402532,0.28424717218488355,0.5656231729882341,0.0,0.0,0.0,0.0,0.0,0.0,0.0,0.0,0.0,1.9203789201841617,0.0,0.0,3.675e-09
2205.0,0.8480702626866892,0.476482192,0.980230936,0.23083628260407166,0.6172339800826175,0.0,0.0,0.0,0.0,0.0,0.0,0.0,0.0,0.0,1.8632728176017515,0.0,0.0,3.675e-09
2206.0,0.8521599428079313,0.341905892,0.950892805,0.16563952742584176,0.6865204153820895,0.0,0.0,0.0,0.0,0.0,0.0,0.0,0.0,0.0,1.7197452716576607,0.0,0.0,3.675e-09
2207.0,0.8539867262842593,0.200552364,0.898127108,0.09715948035518324,0.756827245929076,0.0,0.0,0.0,0.0,0.0,0.0,0.0,0.0,0.0,1.5159131000036539,0.0,0.0,3.675e-09
2208.0,0.8638927425408541,0.084134342,0.807985951,0.04075967386126283,0.8231330686795914,0.0,0.0,0.0,0.0,0.0,0.0,0.0,0.0,0.0,1.221502098689754,0.0,0.0,3.675e-09
2209.0,0.8963765550987749,0.018580852,0.728469432,0.009001668635910802,0.8873748864628641,0.0,0.0,0.0,0.0,0.0,0.0,0.0,0.0,0.0,0.9560411001361055,0.0,0.0,3.675e-09
2210.0,0.8882950974859977,0.000504039,0.680261967,0.0002441864376066203,0.8880509110483911,0.0,0.0,0.0,0.0,0.0,0.0,0.0,0.0,0.0,0.833374491250522,0.0,0.0,3.675e-09
2211.0,0.8691728360455535,0.0,0.646664424,0.0,0.8691728360455535,0.0,0.0,0.0,0.0,0.0,0.0,0.0,0.0,0.0,0.7672328726931138,0.0,0.0,3.675e-09
2212.0,0.8395571405704219,0.0,0.632981732,0.0,0.8395571405704219,0.0,0.0,0.0,0.0,0.0,0.0,0.0,0.0,0.0,0.7622240636049437,0.0,0.0,3.675e-09
2213.0,0.8041874102697788,0.0,0.620454415,0.0,0.8041874102697788,0.0,0.0,0.0,0.0,0.0,0.0,0.0,0.0,0.0,0.76589300398556,0.0,0.0,3.675e-09
2214.0,0.774306931728011,0.0,0.608478391,0.0,0.774306931728011,0.0,0.0,0.0,0.0,0.0,0.0,0.0,0.0,0.0,0.7654677577738797,0.0,0.0,3.675e-09
2215.0,0.7524834346416313,0.0,0.602700803,0.0,0.7524834346416313,0.0,0.0,0.0,0.0,0.0,0.0,0.0,0.0,0.0,0.7726708773738058,0.0,0.0,3.675e-09
2216.0,0.7408574378683821,0.0,0.591576585,0.0,0.7408574378683821,0.0,0.0,0.0,0.0,0.0,0.0,0.0,0.0,0.0,0.7561466726440054,0.0,0.0,3.675e-09
2217.0,0.7375532076170068,0.0,0.562054632,0.0,0.7375532076170068,0.0,0.0,0.0,0.0,0.0,0.0,0.0,0.0,0.0,0.6847446246011621,0.0,0.0,3.675e-09
2218.0,0.7425573918926682,0.000172483,0.535067849,8.356101277421526e-05,0.742473830879894,0.0,0.0,0.0,0.0,0.0,0.0,0.0,0.0,0.0,0.611533054561695,0.0,0.0,3.675e-09
2219.0,0.7599974989688348,0.006457602,0.51038788,0.00312844606838238,0.7568690529004525,0.0,0.0,0.0,0.0,0.0,0.0,0.0,0.0,0.0,0.5346843548729523,0.0,0.0,3.675e-09
2220.0,0.7835031504194921,0.046403198,0.480436535,0.022480466021824994,0.7610226843976672,0.0,0.0,0.0,0.0,0.0,0.0,0.0,0.0,0.0,0.45473785442644554,0.0,0.0,3.675e-09
2221.0,0.8116680991095513,0.149812916,0.496630173,0.07257827720771576,0.7390898219018355,0.0,0.0,0.0,0.0,0.0,0.0,0.0,0.0,0.0,0.5176492533701821,0.0,0.0,3.675e-09
2222.0,0.8332290379618053,0.313279147,0.542485258,0.15177103137330786,0.6814580065884974,0.0,0.0,0.0,0.0,0.0,0.0,0.0,0.0,0.0,0.6913188776054116,0.0,0.0,3.675e-09
2223.0,0.8433419866401408,0.482254099,0.561669307,0.23363253727588618,0.6097094493642546,0.0,0.0,0.0,0.0,0.0,0.0,0.0,0.0,0.0,0.8116133051995422,0.0,0.0,3.675e-09
2224.0,0.8418801146925915,0.618458689,0.542803596,0.29961813287021577,0.5422619818223758,0.0,0.0,0.0,0.0,0.0,0.0,0.0,0.0,0.0,0.8313204672072888,0.0,0.0,3.675e-09
2225.0,0.8398041229771251,0.708054968,0.518340963,0.3430238935193299,0.4967802294577952,0.0,0.0,0.0,0.0,0.0,0.0,0.0,0.0,0.0,0.8148987178385205,0.0,0.0,3.675e-09
2226.0,0.8361438815269376,0.741609719,0.506462421,0.3592798084613625,0.47686407306557516,0.0,0.0,0.0,0.0,0.0,0.0,0.0,0.0,0.0,0.804755830901813,0.0,0.0,3.675e-09
2227.0,0.8318672944763982,0.717961446,0.505853308,0.3478231800270175,0.48404411444938067,0.0,0.0,0.0,0.0,0.0,0.0,0.0,0.0,0.0,0.7960344089294458,0.0,0.0,3.675e-09
2228.0,0.8284406854379264,0.638496413,0.508261229,0.30932559685872596,0.5191150885792004,0.0,0.0,0.0,0.0,0.0,0.0,0.0,0.0,0.0,0.7670567585149133,0.0,0.0,3.675e-09
2229.0,0.8345373804673378,0.516814333,0.502219035,0.25037556792095766,0.5841618125463802,0.0,0.0,0.0,0.0,0.0,0.0,0.0,0.0,0.0,0.6867200628283265,0.0,0.0,3.675e-09
2230.0,0.8461678269056079,0.369277701,0.489296325,0.17890005792161456,0.6672677689839934,0.0,0.0,0.0,0.0,0.0,0.0,0.0,0.0,0.0,0.5709127614093877,0.0,0.0,3.675e-09
2231.0,0.8599387912016957,0.211977282,0.452582038,0.1026943894125533,0.7572444017891423,0.0,0.0,0.0,0.0,0.0,0.0,0.0,0.0,0.0,0.38802941128794827,0.0,0.0,3.675e-09
2232.0,0.8769961860891506,0.083696696,0.396999725,0.04054765213740259,0.836448533951748,0.0,0.0,0.0,0.0,0.0,0.0,0.0,0.0,0.0,0.16817239809086743,0.0,0.0,3.675e-09
2233.0,0.9030918195611242,0.016143868,0.377090318,0.007821048800016495,0.8952707707611076,0.0,0.0,0.0,0.0,0.0,0.0,0.0,0.0,0.0,0.05896874850658508,0.0,0.0,3.675e-09
2234.0,0.9050053805046824,0.000414371,0.371689948,0.00020074593104401218,0.9048046345736384,0.0,0.0,0.0,0.0,0.0,0.0,0.0,0.0,0.0,0.03576906983039172,0.0,0.0,3.675e-09
2235.0,0.8761973852243716,0.0,0.363850519,0.0,0.8761973852243716,0.0,0.0,0.0,0.0,0.0,0.0,0.0,0.0,0.0,0.04453838486204175,0.0,0.0,3.675e-09
2236.0,0.8379639895058096,0.0,0.361407204,0.0,0.8379639895058097,0.0,0.0,0.0,0.0,0.0,0.0,0.0,0.0,0.0,0.07658889117791272,0.0,0.0,3.675e-09
2237.0,0.7950890952079296,0.0,0.368961663,0.0,0.7950890952079296,0.0,0.0,0.0,0.0,0.0,0.0,0.0,0.0,0.0,0.13858059378506238,0.0,0.0,3.675e-09
2238.0,0.7623182482584938,0.0,0.379924133,0.0,0.7623182482584938,0.0,0.0,0.0,0.0,0.0,0.0,0.0,0.0,0.0,0.19909233357488806,0.0,0.0,3.675e-09
2239.0,0.7410309938027673,0.0,0.386784036,0.0,0.7410309938027672,0.0,0.0,0.0,0.0,0.0,0.0,0.0,0.0,0.0,0.23773879941440565,0.0,0.0,3.675e-09
2240.0,0.7295963536238365,0.0,0.38972531,0.0,0.7295963536238365,0.0,0.0,0.0,0.0,0.0,0.0,0.0,0.0,0.0,0.2566164307119644,0.0,0.0,3.675e-09
2241.0,0.7321818859801316,0.0,0.382187656,0.0,0.7321818859801316,0.0,0.0,0.0,0.0,0.0,0.0,0.0,0.0,0.0,0.234956615654605,0.0,0.0,3.675e-09
2242.0,0.7619978383795478,0.000135983,0.364274704,6.587824423320626e-05,0.7619319601353147,0.0,0.0,0.0,0.0,0.0,0.0,0.0,0.0,0.0,0.15987722412048755,0.0,0.0,3.675e-09
2243.0,0.8279978957719595,0.008121454,0.347395997,0.0039345148300945695,0.8240633809418648,0.0,0.0,0.0,0.0,0.0,0.0,0.0,0.0,0.0,0.0550336771077688,0.0,0.0,3.675e-09
2244.0,0.8908405778574813,0.058935043,0.331514959,0.02855163628283324,0.8389095662387408,0.0,0.023379375335907226,0.0,0.0,0.0,0.0,0.0,0.0,0.0,0.0,0.0,0.0,0.006839048849999999
2245.0,0.9175703565898151,0.178028275,0.32225063,0.08624747344055073,0.8154658753527347,0.0,0.015857007796529664,0.0,0.0,0.0,0.0,0.0,0.0,0.0,0.0,0.0,0.0,0.006839048849999999
2246.0,0.9294500112672235,0.342496148,0.341726117,0.1659254825005799,0.7635245287666436,0.0,0.0,0.0,0.0,0.0,0.0,0.0,0.0,0.0,0.10122471045220935,0.0,0.0,3.675e-09
2247.0,0.9404707886025222,0.508393101,0.38797104,0.24629582281722787,0.6941749657852944,0.0,0.0,0.0,0.0,0.0,0.0,0.0,0.0,0.0,0.287598580305557,0.0,0.0,3.675e-09
2248.0,0.9462670982455066,0.647412607,0.409392778,0.31364513096197894,0.6326219672835276,0.0,0.0,0.0,0.0,0.0,0.0,0.0,0.0,0.0,0.40335999518729165,0.0,0.0,3.675e-09
2249.0,0.9494801013646308,0.738123837,0.42079834,0.3575910401170538,0.5918890612475769,0.0,0.0,0.0,0.0,0.0,0.0,0.0,0.0,0.0,0.47295505302173485,0.0,0.0,3.675e-09
2250.0,0.954528787290125,0.770033939,0.442658981,0.3730501893714644,0.5814785979186606,0.0,0.0,0.0,0.0,0.0,0.0,0.0,0.0,0.0,0.5386845912857007,0.0,0.0,3.675e-09
2251.0,0.9589010521378611,0.741656751,0.467261791,0.35930259355643157,0.5995984585814295,0.0,0.0,0.0,0.0,0.0,0.0,0.0,0.0,0.0,0.5828229548901332,0.0,0.0,3.675e-09
2252.0,0.963478023574903,0.656494681,0.484461661,0.3180450271925081,0.6454329963823948,0.0,0.0,0.0,0.0,0.0,0.0,0.0,0.0,0.0,0.5805132568870088,0.0,0.0,3.675e-09
2253.0,0.9727654703985601,0.525691162,0.480021264,0.254676031279454,0.718089439119106,0.0,0.0,0.0,0.0,0.0,0.0,0.0,0.0,0.0,0.49662024270738464,0.0,0.0,3.675e-09
2254.0,0.9832922809206031,0.368931442,0.445878375,0.17873230949004631,0.8045599714305567,0.0,0.0,0.0,0.0,0.0,0.0,0.0,0.0,0.0,0.3237500007492649,0.0,0.0,3.675e-09
2255.0,0.9888594088168173,0.202709383,0.415044985,0.09820446851177388,0.8906549403050434,0.0,0.0,0.0,0.0,0.0,0.0,0.0,0.0,0.0,0.15963011888564818,0.0,0.0,3.675e-09
2256.0,0.9928089104909549,0.078282923,0.426766027,0.03792489885267482,0.9548840116382801,0.0,0.0,0.0,0.0,0.0,0.0,0.0,0.0,0.0,0.12506153192315173,0.0,0.0,3.675e-09
2257.0,1.0046774390059616,0.01660752,0.464289386,0.008045669375347342,0.9966317696306144,0.0,0.0,0.0,0.0,0.0,0.0,0.0,0.0,0.0,0.17826787469738514,0.0,0.0,3.675e-09
2258.0,0.9936744623305958,0.000530815,0.476022788,0.0002571583228245397,0.9934173040077712,0.0,0.0,0.0,0.0,0.0,0.0,0.0,0.0,0.0,0.21117410207968712,0.0,0.0,3.675e-09
2259.0,0.9521568618531019,0.0,0.473744152,0.0,0.9521568618531019,0.0,0.0,0.0,0.0,0.0,0.0,0.0,0.0,0.0,0.2466683804867472,0.0,0.0,3.675e-09
2260.0,0.9001658508335149,0.0,0.458987111,0.0,0.9001658508335149,0.0,0.0,0.0,0.0,0.0,0.0,0.0,0.0,0.0,0.2613162112721135,0.0,0.0,3.675e-09
2261.0,0.8505756920732854,0.0,0.43756357,0.0,0.8505756920732854,0.0,0.0,0.0,0.0,0.0,0.0,0.0,0.0,0.0,0.2566933911012539,0.0,0.0,3.675e-09
2262.0,0.8109939028643038,0.0,0.415978342,0.0,0.8109939028643038,0.0,0.0,0.0,0.0,0.0,0.0,0.0,0.0,0.0,0.24165304707900367,0.0,0.0,3.675e-09
2263.0,0.7844443545638864,0.0,0.394325487,0.0,0.7844443545638864,0.0,0.0,0.0,0.0,0.0,0.0,0.0,0.0,0.0,0.2134093297884093,0.0,0.0,3.675e-09
2264.0,0.7698612394080321,0.0,0.373154558,0.0,0.7698612394080321,0.0,0.0,0.0,0.0,0.0,0.0,0.0,0.0,0.0,0.17441870903251208,0.0,0.0,3.675e-09
2265.0,0.7705932872980996,0.0,0.342182803,0.0,0.7705932872980996,0.0,0.0,0.0,0.0,0.0,0.0,0.0,0.0,0.0,0.09531161094538061,0.0,0.0,3.675e-09
2266.0,0.7991075736893641,0.000530233,0.315118238,0.0002568763674467077,0.7974171215438164,0.0,0.0014335757781010743,0.0,0.0,0.0,0.0,0.0,0.0,0.0,0.0,0.0,0.0,0.006839048849999999
2267.0,0.8635879074894062,0.012423425,0.296866141,0.00601864517155027,0.7512295865275838,0.0,0.10633967579027209,0.0,0.0,0.0,0.0,0.0,0.0,0.0,0.0,0.0,0.0,0.006839048849999999
2268.0,0.9242144194123568,0.065869188,0.264288003,0.03191094809282762,0.6687895310293767,0.0,0.22351394029015248,0.0,0.0,0.0,0.0,0.0,0.0,0.0,0.0,0.0,0.0,0.006839048849999999
2269.0,0.9470347484553651,0.171429448,0.227598149,0.083050609591697,0.5759446422275332,0.0,0.2880394966361349,0.0,0.0,0.0,0.0,0.0,0.0,0.0,0.0,0.0,0.0,0.006839048849999999
2270.0,0.9568562120772401,0.3210116,0.259262867,0.15551709100764297,0.6560732582108983,0.0,0.14526586285869886,0.0,0.0,0.0,0.0,0.0,0.0,0.0,0.0,0.0,0.0,0.006839048849999999
2271.0,0.9660813565911314,0.470251297,0.350764537,0.22781766687562427,0.738263689715507,0.0,0.0,0.0,0.0,0.0,0.0,0.0,0.0,0.0,0.1493575701945254,0.0,0.0,3.675e-09
2272.0,0.967808011605317,0.58694966,0.400780474,0.2843532872055873,0.6834547243997298,0.0,0.0,0.0,0.0,0.0,0.0,0.0,0.0,0.0,0.3307335180086527,0.0,0.0,3.675e-09
2273.0,0.965694193737474,0.658150003,0.431307913,0.31884696351543523,0.6468472302220388,0.0,0.0,0.0,0.0,0.0,0.0,0.0,0.0,0.0,0.4445917060528295,0.0,0.0,3.675e-09
2274.0,0.9656585934175327,0.678877093,0.466713344,0.328888397351015,0.6367701960665177,0.0,0.0,0.0,0.0,0.0,0.0,0.0,0.0,0.0,0.5442633541355782,0.0,0.0,3.675e-09
2275.0,0.9658877751643027,0.648862121,0.504511717,0.31434736166222416,0.6515404135020786,0.0,0.0,0.0,0.0,0.0,0.0,0.0,0.0,0.0,0.6251431694877085,0.0,0.0,3.675e-09
2276.0,0.9672495186497098,0.570144628,0.534688628,0.2762119312828407,0.691037587366869,0.0,0.0,0.0,0.0,0.0,0.0,0.0,0.0,0.0,0.6620096667941945,0.0,0.0,3.675e-09
2277.0,0.971748612949488,0.453111883,0.542772173,0.21951431644574673,0.7522342965037413,0.0,0.0,0.0,0.0,0.0,0.0,0.0,0.0,0.0,0.6212686355853316,0.0,0.0,3.675e-09
2278.0,0.979961349679328,0.316910042,0.544312652,0.15353005263034095,0.8264312970489871,0.0,0.0,0.0,0.0,0.0,0.0,0.0,0.0,0.0,0.5509698680899253,0.0,0.0,3.675e-09
2279.0,0.9854817510931992,0.179496689,0.548129365,0.08695886042368432,0.8985228906695149,0.0,0.0,0.0,0.0,0.0,0.0,0.0,0.0,0.0,0.48853659292641677,0.0,0.0,3.675e-09
2280.0,0.9945021890177849,0.071103722,0.541819538,0.034446867356993156,0.9600553216607918,0.0,0.0,0.0,0.0,0.0,0.0,0.0,0.0,0.0,0.41103693605918357,0.0,0.0,3.675e-09
2281.0,1.0185707830890705,0.01428217,0.565771871,0.006919131681461443,1.011651651407609,0.0,0.0,0.0,0.0,0.0,0.0,0.0,0.0,0.0,0.4200527770211874,0.0,0.0,3.675e-09
2282.0,1.0132862389194253,0.000500444,0.569362714,0.00024244480602018392,1.0130437941134052,0.0,0.0,0.0,0.0,0.0,0.0,0.0,0.0,0.0,0.4277473812683739,0.0,0.0,3.675e-09
2283.0,0.9740760367366784,0.0,0.551118412,0.0,0.9740760367366784,0.0,0.0,0.0,0.0,0.0,0.0,0.0,0.0,0.0,0.42054732913413184,0.0,0.0,3.675e-09
2284.0,0.923153060313452,0.0,0.522888448,0.0,0.923153060313452,0.0,0.0,0.0,0.0,0.0,0.0,0.0,0.0,0.0,0.40003344815094716,0.0,0.0,3.675e-09
2285.0,0.8773121463030755,0.0,0.492710992,0.0,0.8773121463030755,0.0,0.0,0.0,0.0,0.0,0.0,0.0,0.0,0.0,0.3695093118495255,0.0,0.0,3.675e-09
2286.0,0.8399265017642215,0.0,0.462420932,0.0,0.8399265017642215,0.0,0.0,0.0,0.0,0.0,0.0,0.0,0.0,0.0,0.33024495793100855,0.0,0.0,3.675e-09
2287.0,0.813528259073235,0.0,0.431627014,0.0,0.813528259073235,0.0,0.0,0.0,0.0,0.0,0.0,0.0,0.0,0.0,0.2787181728341195,0.0,0.0,3.675e-09
2288.0,0.8003892142050725,0.0,0.406884175,0.0,0.8003892142050725,0.0,0.0,0.0,0.0,0.0,0.0,0.0,0.0,0.0,0.22924464542012157,0.0,0.0,3.675e-09
2289.0,0.800536069149558,0.0,0.378003149,0.0,0.800536069149558,0.0,0.0,0.0,0.0,0.0,0.0,0.0,0.0,0.0,0.15601339914899964,0.0,0.0,3.675e-09
2290.0,0.824624688713287,0.000607486,0.356180281,0.0002943023104083123,0.8243303864028787,0.0,0.0,0.0,0.0,0.0,0.0,0.0,0.0,0.0,0.07699559278620166,0.0,0.0,3.675e-09
2291.0,0.88724486354957,0.009607152,0.340184753,0.004654275209706625,0.8608487666472486,0.0,0.021741821692614623,0.0,0.0,0.0,0.0,0.0,0.0,0.0,0.0,0.0,0.0,0.006839048849999999
2292.0,0.9423798998810595,0.048667475,0.309576786,0.02357741632603678,0.7833942940138744,0.0,0.13540818954114844,0.0,0.0,0.0,0.0,0.0,0.0,0.0,0.0,0.0,0.0,0.006839048849999999
2293.0,0.9562265164819006,0.140290013,0.283251997,0.06796481721901768,0.7167785449450175,0.0,0.17148315431786548,0.0,0.0,0.0,0.0,0.0,0.0,0.0,0.0,0.0,0.0,0.006839048849999999
2294.0,0.9592815394940624,0.28073061,0.291983637,0.13600258627414438,0.73887424870164,0.0,0.08440470451827796,0.0,0.0,0.0,0.0,0.0,0.0,0.0,0.0,0.0,0.0,0.006839048849999999
2295.0,0.963638228514376,0.427817891,0.378568223,0.20726040395220882,0.7563778245621671,0.0,0.0,0.0,0.0,0.0,0.0,0.0,0.0,0.0,0.20160158217917676,0.0,0.0,3.675e-09
2296.0,0.9622631350339814,0.54476736,0.440683847,0.2639176749473022,0.6983454600866792,0.0,0.0,0.0,0.0,0.0,0.0,0.0,0.0,0.0,0.4168195872172334,0.0,0.0,3.675e-09
2297.0,0.9573524027230815,0.620210943,0.476153179,0.3004670288128749,0.6568853739102066,0.0,0.0,0.0,0.0,0.0,0.0,0.0,0.0,0.0,0.5480359909145026,0.0,0.0,3.675e-09
2298.0,0.9557392261660257,0.648545049,0.510418158,0.31419375314751635,0.6415454730185093,0.0,0.0,0.0,0.0,0.0,0.0,0.0,0.0,0.0,0.650084554235124,0.0,0.0,3.675e-09
2299.0,0.9565246760358924,0.624422899,0.540344631,0.302507550540352,0.6540171254955405,0.0,0.0,0.0,0.0,0.0,0.0,0.0,0.0,0.0,0.713342831288921,0.0,0.0,3.675e-09
2300.0,0.9562131664869131,0.551317758,0.558241084,0.2670910769112882,0.6891220895756249,0.0,0.0,0.0,0.0,0.0,0.0,0.0,0.0,0.0,0.7235254333226845,0.0,0.0,3.675e-09
2301.0,0.9624678406233623,0.440099588,0.565376822,0.21321038766020345,0.7492574529631588,0.0,0.0,0.0,0.0,0.0,0.0,0.0,0.0,0.0,0.6814472909077137,0.0,0.0,3.675e-09
2302.0,0.9693255103651761,0.310922248,0.566701464,0.1506292094694302,0.818696300895746,0.0,0.0,0.0,0.0,0.0,0.0,0.0,0.0,0.0,0.6153604933591988,0.0,0.0,3.675e-09
2303.0,0.9761698291120778,0.180880419,0.559653002,0.08762922144596516,0.8885406076661126,0.0,0.0,0.0,0.0,0.0,0.0,0.0,0.0,0.0,0.5276798204202989,0.0,0.0,3.675e-09
2304.0,0.986916922050849,0.074833805,0.539345954,0.03625394117419185,0.9506629808766571,0.0,0.0,0.0,0.0,0.0,0.0,0.0,0.0,0.0,0.41416979073519616,0.0,0.0,3.675e-09
2305.0,0.9986163452964162,0.015211829,0.533674537,0.007369513734038591,0.9912468315623776,0.0,0.0,0.0,0.0,0.0,0.0,0.0,0.0,0.0,0.35923423178936975,0.0,0.0,3.675e-09
2306.0,0.9863005774504218,0.000507179,0.530981207,0.0002457076401605591,0.9860548698102612,0.0,0.0,0.0,0.0,0.0,0.0,0.0,0.0,0.0,0.3576106329138347,0.0,0.0,3.675e-09
2307.0,0.9454549473857402,0.0,0.511350702,0.0,0.9454549473857402,0.0,0.0,0.0,0.0,0.0,0.0,0.0,0.0,0.0,0.3485349132971245,0.0,0.0,3.675e-09
2308.0,0.8942605123984216,0.0,0.485455282,0.0,0.8942605123984216,0.0,0.0,0.0,0.0,0.0,0.0,0.0,0.0,0.0,0.3342001316683989,0.0,0.0,3.675e-09
2309.0,0.8428480208268099,0.0,0.459389134,0.0,0.8428480208268098,0.0,0.0,0.0,0.0,0.0,0.0,0.0,0.0,0.0,0.31965137377435743,0.0,0.0,3.675e-09
2310.0,0.8037557467662135,0.0,0.43331067,0.0,0.8037557467662135,0.0,0.0,0.0,0.0,0.0,0.0,0.0,0.0,0.0,0.2927512323240369,0.0,0.0,3.675e-09
2311.0,0.7764051727685066,0.0,0.404611755,0.0,0.7764051727685066,0.0,0.0,0.0,0.0,0.0,0.0,0.0,0.0,0.0,0.24747825290262793,0.0,0.0,3.675e-09
2312.0,0.7613280917993214,0.0,0.385993025,0.0,0.7613280917993214,0.0,0.0,0.0,0.0,0.0,0.0,0.0,0.0,0.0,0.21544002192531286,0.0,0.0,3.675e-09
2313.0,0.76086082697589,0.0,0.370304941,0.0,0.76086082697589,0.0,0.0,0.0,0.0,0.0,0.0,0.0,0.0,0.0,0.17620807141542677,0.0,0.0,3.675e-09
2314.0,0.7792510395263419,0.000281525,0.356734746,0.00013638743598650855,0.7791146520903555,0.0,0.0,0.0,0.0,0.0,0.0,0.0,0.0,0.0,0.12361441911619421,0.0,0.0,3.675e-09
2315.0,0.8391277018993671,0.006849806,0.342523931,0.0033184529876387607,0.8358092489117284,0.0,0.0,0.0,0.0,0.0,0.0,0.0,0.0,0.0,0.030958885016123778,0.0,0.0,3.675e-09
2316.0,0.8978028257264583,0.043988143,0.320203854,0.021310469896378238,0.8102864410022389,0.0,0.06620591482784106,0.0,0.0,0.0,0.0,0.0,0.0,0.0,0.0,0.0,0.0,0.006839048849999999
2317.0,0.9232309374507157,0.138248686,0.299036255,0.06697587714072968,0.7567211317656031,0.0,0.09953392854438306,0.0,0.0,0.0,0.0,0.0,0.0,0.0,0.0,0.0,0.0,0.006839048849999999
2318.0,0.9389822156650731,0.281015691,0.319756302,0.13614069644780025,0.8028415192172729,0.0,0.0,0.0,0.0,0.0,0.0,0.0,0.0,0.0,0.006312376649380494,0.0,0.0,3.675e-09
2319.0,0.9537566874152456,0.426354207,0.384739472,0.20655130846209435,0.7472053789531512,0.0,0.0,0.0,0.0,0.0,0.0,0.0,0.0,0.0,0.22639057745267188,0.0,0.0,3.675e-09
2320.0,0.9605898809996702,0.542425231,0.419775209,0.26278300850894093,0.6978068724907294,0.0,0.0,0.0,0.0,0.0,0.0,0.0,0.0,0.0,0.3644481749503329,0.0,0.0,3.675e-09
2321.0,0.9652402799089549,0.617886296,0.440025396,0.2993408316939557,0.6658994482149991,0.0,0.0,0.0,0.0,0.0,0.0,0.0,0.0,0.0,0.44759936705985,0.0,0.0,3.675e-09
2322.0,0.9662126357081943,0.646054265,0.472074321,0.312987069395252,0.6532255663129422,0.0,0.0,0.0,0.0,0.0,0.0,0.0,0.0,0.0,0.5413741134636744,0.0,0.0,3.675e-09
2323.0,0.9694946156346156,0.624781038,0.508885707,0.30268105434973575,0.6668135612848799,0.0,0.0,0.0,0.0,0.0,0.0,0.0,0.0,0.0,0.6209385480383831,0.0,0.0,3.675e-09
2324.0,0.9760229741675923,0.556078486,0.543861809,0.2693974563992526,0.7066255177683397,0.0,0.0,0.0,0.0,0.0,0.0,0.0,0.0,0.0,0.6696347742506608,0.0,0.0,3.675e-09
2325.0,0.98307422433631,0.451602438,0.566774686,0.21878305160847594,0.764291172727834,0.0,0.0,0.0,0.0,0.0,0.0,0.0,0.0,0.0,0.6699509122194055,0.0,0.0,3.675e-09
2326.0,0.9893400246351609,0.32667861,0.572805089,0.15826252734050827,0.8310774972946526,0.0,0.0,0.0,0.0,0.0,0.0,0.0,0.0,0.0,0.6184247218565906,0.0,0.0,3.675e-09
2327.0,0.988207462896524,0.192257624,0.572121759,0.09314101549140653,0.8950664474051174,0.0,0.0,0.0,0.0,0.0,0.0,0.0,0.0,0.0,0.5527065825848669,0.0,0.0,3.675e-09
2328.0,0.9871016031477112,0.079452,0.554056008,0.03849126920877391,0.9486103339389372,0.0,0.0,0.0,0.0,0.0,0.0,0.0,0.0,0.0,0.45344671574987744,0.0,0.0,3.675e-09
2329.0,0.9956547762488653,0.016392489,0.544237553,0.007941495583507843,0.9877132806653576,0.0,0.0,0.0,0.0,0.0,0.0,0.0,0.0,0.0,0.38949784397069176,0.0,0.0,3.675e-09
2330.0,0.9850478627571235,0.000617657,0.53413621,0.00029922974708860276,0.9847486330100349,0.0,0.0,0.0,0.0,0.0,0.0,0.0,0.0,0.0,0.36690070913474904,0.0,0.0,3.675e-09
2331.0,0.9458020592545104,0.0,0.52512144,0.0,0.9458020592545106,0.0,0.0,0.0,0.0,0.0,0.0,0.0,0.0,0.0,0.3830351093061487,0.0,0.0,3.675e-09
2332.0,0.8967904179424071,0.0,0.508797815,0.0,0.8967904179424071,0.0,0.0,0.0,0.0,0.0,0.0,0.0,0.0,0.0,0.3907392777684557,0.0,0.0,3.675e-09
2333.0,0.8482326924586725,0.0,0.485775907,0.0,0.8482326924586725,0.0,0.0,0.0,0.0,0.0,0.0,0.0,0.0,0.0,0.3810393037730299,0.0,0.0,3.675e-09
2334.0,0.8095008802618339,0.0,0.463614246,0.0,0.8095008802618339,0.0,0.0,0.0,0.0,0.0,0.0,0.0,0.0,0.0,0.36369029997073277,0.0,0.0,3.675e-09
2335.0,0.7831026375708475,0.0,0.435691596,0.0,0.7831026375708475,0.0,0.0,0.0,0.0,0.0,0.0,0.0,0.0,0.0,0.31942935349452334,0.0,0.0,3.675e-09
2336.0,0.7686619256946083,0.0,0.408238964,0.0,0.7686619256946084,0.0,0.0,0.0,0.0,0.0,0.0,0.0,0.0,0.0,0.2644002722950544,0.0,0.0,3.675e-09
2337.0,0.7691113898581067,0.0,0.383115312,0.0,0.7691113898581067,0.0,0.0,0.0,0.0,0.0,0.0,0.0,0.0,0.0,0.2003745759602257,0.0,0.0,3.675e-09
2338.0,0.7909905137567961,0.000613587,0.357062278,0.00029725799728142724,0.7906932557595147,0.0,0.0,0.0,0.0,0.0,0.0,0.0,0.0,0.0,0.1128646460038164,0.0,0.0,3.675e-09
2339.0,0.8467708205111231,0.009471262,0.337264083,0.004588442020198742,0.8421823784909244,0.0,0.0,0.0,0.0,0.0,0.0,0.0,0.0,0.0,0.011275536141026611,0.0,0.0,3.675e-09
2340.0,0.9006175408294482,0.050297239,0.308707468,0.024366970835309906,0.7811944560683911,0.0,0.0950561139257472,0.0,0.0,0.0,0.0,0.0,0.0,0.0,0.0,0.0,0.0,0.006839048849999999
2341.0,0.9234779208573436,0.143471807,0.280817636,0.06950626726962511,0.7106183139354162,0.0,0.14335333965230238,0.0,0.0,0.0,0.0,0.0,0.0,0.0,0.0,0.0,0.0,0.006839048849999999
2342.0,0.9361675005620832,0.278558842,0.325350407,0.1349504528256849,0.8012170477363983,0.0,0.0,0.0,0.0,0.0,0.0,0.0,0.0,0.0,0.02209291581781897,0.0,0.0,3.675e-09
2343.0,0.9484654687480693,0.413643407,0.437583555,0.2003934417669969,0.7480720269810722,0.0,0.0,0.0,0.0,0.0,0.0,0.0,0.0,0.0,0.3592476288968281,0.0,0.0,3.675e-09
2344.0,0.954971576956092,0.522060702,0.499065976,0.2529172207622652,0.702054356193827,0.0,0.0,0.0,0.0,0.0,0.0,0.0,0.0,0.0,0.5608485991164761,0.0,0.0,3.675e-09
2345.0,0.9544308846604178,0.592667875,0.54364089,0.2871235302826482,0.6673073543777697,0.0,0.0,0.0,0.0,0.0,0.0,0.0,0.0,0.0,0.708393894806413,0.0,0.0,3.675e-09
2346.0,0.9542172777411456,0.617820852,0.584313167,0.29930912673219134,0.6549081510089544,0.0,0.0,0.0,0.0,0.0,0.0,0.0,0.0,0.0,0.8237156400687659,0.0,0.0,3.675e-09
2347.0,0.9537500129177143,0.596556431,0.617746782,0.28900737783625785,0.6647426350814566,0.0,0.0,0.0,0.0,0.0,0.0,0.0,0.0,0.0,0.8984860243317617,0.0,0.0,3.675e-09
2348.0,0.9508974716623476,0.531803767,0.642241237,0.25763734030404617,0.6932601313583016,0.0,0.0,0.0,0.0,0.0,0.0,0.0,0.0,0.0,0.9319525564115508,0.0,0.0,3.675e-09
2349.0,0.9502366254120876,0.43191557,0.658104162,0.2092455631114514,0.7409910623006363,0.0,0.0,0.0,0.0,0.0,0.0,0.0,0.0,0.0,0.9243632817346509,0.0,0.0,3.675e-09
2350.0,0.9495624291668401,0.31486984,0.667241333,0.15254165756889154,0.7970207715979485,0.0,0.0,0.0,0.0,0.0,0.0,0.0,0.0,0.0,0.891455485799502,0.0,0.0,3.675e-09
2351.0,0.9441933323624754,0.190150938,0.659604498,0.09212041163040424,0.8520729207320711,0.0,0.0,0.0,0.0,0.0,0.0,0.0,0.0,0.0,0.8170780731641121,0.0,0.0,3.675e-09
2352.0,0.9404040366277356,0.085544438,0.610368034,0.041442808140402625,0.898961228487333,0.0,0.0,0.0,0.0,0.0,0.0,0.0,0.0,0.0,0.645595265112502,0.0,0.0,3.675e-09
2353.0,0.9530669153425756,0.021272666,0.561391009,0.01030574326378608,0.9427611720787894,0.0,0.0,0.0,0.0,0.0,0.0,0.0,0.0,0.0,0.4778573401932892,0.0,0.0,3.675e-09
2354.0,0.9498183119035098,0.000997209,0.532834698,0.0004831072858633166,0.9493352046176466,0.0,0.0,0.0,0.0,0.0,0.0,0.0,0.0,0.0,0.3990206183729249,0.0,0.0,3.675e-09
2355.0,0.9248107385203406,0.0,0.508264066,0.0,0.9248107385203406,0.0,0.0,0.0,0.0,0.0,0.0,0.0,0.0,0.0,0.3613682876960864,0.0,0.0,3.675e-09
2356.0,0.8891383990006847,0.0,0.491336045,0.0,0.8891383990006847,0.0,0.0,0.0,0.0,0.0,0.0,0.0,0.0,0.0,0.3542037103018656,0.0,0.0,3.675e-09
2357.0,0.8485197268501874,0.0,0.477147949,0.0,0.8485197268501874,0.0,0.0,0.0,0.0,0.0,0.0,0.0,0.0,0.0,0.35891893635443395,0.0,0.0,3.675e-09
2358.0,0.8170794727312383,0.0,0.469133454,0.0,0.8170794727312383,0.0,0.0,0.0,0.0,0.0,0.0,0.0,0.0,0.0,0.37007824585370896,0.0,0.0,3.675e-09
2359.0,0.7926993691109734,0.0,0.464797927,0.0,0.7926993691109734,0.0,0.0,0.0,0.0,0.0,0.0,0.0,0.0,0.0,0.3834871550338872,0.0,0.0,3.675e-09
2360.0,0.7787592985455214,0.0,0.453108663,0.0,0.7787592985455214,0.0,0.0,0.0,0.0,0.0,0.0,0.0,0.0,0.0,0.3678471565084296,0.0,0.0,3.675e-09
2361.0,0.7732255471366627,1e-09,0.443443682,4.844594120824387e-10,0.7732255466522032,0.0,0.0,0.0,0.0,0.0,0.0,0.0,0.0,0.0,0.34892335438103844,0.0,0.0,3.675e-09
2362.0,0.7817030679330638,0.000540403,0.431400895,0.0002618033196675861,0.7814412646133961,0.0,0.0,0.0,0.0,0.0,0.0,0.0,0.0,0.0,0.3102329656871877,0.0,0.0,3.675e-09
2363.0,0.7996593911475153,0.008320861,0.418774895,0.004031119428079693,0.7956282717194355,0.0,0.0,0.0,0.0,0.0,0.0,0.0,0.0,0.0,0.26409544806638635,0.0,0.0,3.675e-09
2364.0,0.8235722299443488,0.04342201,0.402119383,0.02103620143603777,0.8025360285083111,0.0,0.0,0.0,0.0,0.0,0.0,0.0,0.0,0.0,0.21504036739942273,0.0,0.0,3.675e-09
2365.0,0.853181250921949,0.135158414,0.412350912,0.06547876578443484,0.7877024851375142,0.0,0.0,0.0,0.0,0.0,0.0,0.0,0.0,0.0,0.25576513323945704,0.0,0.0,3.675e-09
2366.0,0.878262251777361,0.279375005,0.488759036,0.13534585067282837,0.7429164011045326,0.0,0.0,0.0,0.0,0.0,0.0,0.0,0.0,0.0,0.49390450170735267,0.0,0.0,3.675e-09
2367.0,0.8952973953399371,0.430078713,0.558080364,0.20835568044915184,0.6869417148907853,0.0,0.0,0.0,0.0,0.0,0.0,0.0,0.0,0.0,0.7252991007328581,0.0,0.0,3.675e-09
2368.0,0.9005018365398832,0.554614277,0.612582433,0.2686881065679468,0.6318137299719365,0.0,0.0,0.0,0.0,0.0,0.0,0.0,0.0,0.0,0.9183463735228279,0.0,0.0,3.675e-09
2369.0,0.8979452300059981,0.637377657,0.647480311,0.30878360498470225,0.5891616250212959,0.0,0.0,0.0,0.0,0.0,0.0,0.0,0.0,0.0,1.049308712750506,0.0,0.0,3.675e-09
2370.0,0.8943406153681204,0.671073445,0.677287132,0.32510784662883674,0.5692327687392837,0.0,0.0,0.0,0.0,0.0,0.0,0.0,0.0,0.0,1.1446647152207112,0.0,0.0,3.675e-09
2371.0,0.8886644586797972,0.653378649,0.696852645,0.31653543616175805,0.5721290225180391,0.0,0.0,0.0,0.0,0.0,0.0,0.0,0.0,0.0,1.1912796390780407,0.0,0.0,3.675e-09
2372.0,0.8823986583809463,0.586774863,0.697588814,0.28426860515373353,0.5981300532272128,0.0,0.0,0.0,0.0,0.0,0.0,0.0,0.0,0.0,1.167141508366898,0.0,0.0,3.675e-09
2373.0,0.8836268979167801,0.482089721,0.673801195,0.2335529028066469,0.6500739951101332,0.0,0.0,0.0,0.0,0.0,0.0,0.0,0.0,0.0,1.0550022099988956,0.0,0.0,3.675e-09
2374.0,0.8828926241942773,0.356122966,0.644867568,0.17252712273741427,0.710365501456863,0.0,0.0,0.0,0.0,0.0,0.0,0.0,0.0,0.0,0.9214932037556273,0.0,0.0,3.675e-09
2375.0,0.8845681030610989,0.217980111,0.618365307,0.10560251642072471,0.7789655866403742,0.0,0.0,0.0,0.0,0.0,0.0,0.0,0.0,0.0,0.7858282707386405,0.0,0.0,3.675e-09
2376.0,0.8901018544699575,0.097401877,0.583534926,0.047187256067146,0.8429145984028116,0.0,0.0,0.0,0.0,0.0,0.0,0.0,0.0,0.0,0.6337398280896467,0.0,0.0,3.675e-09
2377.0,0.9148824709388671,0.023521583,0.577791397,0.011395252271428284,0.9034872186674388,0.0,0.0,0.0,0.0,0.0,0.0,0.0,0.0,0.0,0.5586330177643242,0.0,0.0,3.675e-09
2378.0,0.9190900801821849,0.00122344,0.575564727,0.0005927070231181386,0.9184973731590667,0.0,0.0,0.0,0.0,0.0,0.0,0.0,0.0,0.0,0.5379882012064912,0.0,0.0,3.675e-09
2379.0,0.8999922958990544,0.0,0.569322409,0.0,0.8999922958990545,0.0,0.0,0.0,0.0,0.0,0.0,0.0,0.0,0.0,0.5406968863474245,0.0,0.0,3.675e-09
2380.0,0.870463377891153,0.0,0.562384298,0.0,0.870463377891153,0.0,0.0,0.0,0.0,0.0,0.0,0.0,0.0,0.0,0.552668685041364,0.0,0.0,3.675e-09
2381.0,0.8370472605188799,0.0,0.556406084,0.0,0.8370472605188799,0.0,0.0,0.0,0.0,0.0,0.0,0.0,0.0,0.0,0.5709567341999119,0.0,0.0,3.675e-09
2382.0,0.8100571483849306,0.0,0.549901637,0.0,0.8100571483849306,0.0,0.0,0.0,0.0,0.0,0.0,0.0,0.0,0.0,0.5814871281122383,0.0,0.0,3.675e-09
2383.0,0.7891170037981249,0.0,0.536890493,0.0,0.7891170037981249,0.0,0.0,0.0,0.0,0.0,0.0,0.0,0.0,0.0,0.5695021425563954,0.0,0.0,3.675e-09
2384.0,0.776638806180147,0.0,0.52281455,0.0,0.776638806180147,0.0,0.0,0.0,0.0,0.0,0.0,0.0,0.0,0.0,0.5463607009516035,0.0,0.0,3.675e-09
2385.0,0.7730898173546542,3.48e-10,0.496560526,1.6859187540468864e-10,0.7730898171860623,0.0,0.0,0.0,0.0,0.0,0.0,0.0,0.0,0.0,0.4834730140493784,0.0,0.0,3.675e-09
2386.0,0.7767500588048417,0.000225725,0.468636612,0.00010935460079230846,0.7766407042040493,0.0,0.0,0.0,0.0,0.0,0.0,0.0,0.0,0.0,0.4092597392703977,0.0,0.0,3.675e-09
2387.0,0.8048015300376956,0.007539469,0.444104542,0.003652566719153772,0.8011489633185418,0.0,0.0,0.0,0.0,0.0,0.0,0.0,0.0,0.0,0.32267226579792385,0.0,0.0,3.675e-09
2388.0,0.8068574962607185,0.050846593,0.412028829,0.024633110551175043,0.7822243857095434,0.0,0.0,0.0,0.0,0.0,0.0,0.0,0.0,0.0,0.260428190985333,0.0,0.0,3.675e-09
2389.0,0.8261310613107444,0.161749251,0.401405589,0.0783609470442348,0.7477701142665095,0.0,0.0,0.0,0.0,0.0,0.0,0.0,0.0,0.0,0.2680000023205863,0.0,0.0,3.675e-09
2390.0,0.8451465187915902,0.323260555,0.402335897,0.15660661842474283,0.6885399003668474,0.0,0.0,0.0,0.0,0.0,0.0,0.0,0.0,0.0,0.3295843913775403,0.0,0.0,3.675e-09
2391.0,0.8573109820280782,0.486295496,0.407352447,0.2355904300904979,0.6217205519375804,0.0,0.0,0.0,0.0,0.0,0.0,0.0,0.0,0.0,0.40909828546836524,0.0,0.0,3.675e-09
2392.0,0.8610290761230105,0.622030647,0.402024224,0.3013486015428789,0.5596804745801316,0.0,0.0,0.0,0.0,0.0,0.0,0.0,0.0,0.0,0.45765511833139794,0.0,0.0,3.675e-09
2393.0,0.8655103697628556,0.713464358,0.396871384,0.34564452341845453,0.519865846344401,0.0,0.0,0.0,0.0,0.0,0.0,0.0,0.0,0.0,0.4844303145537525,0.0,0.0,3.675e-09
2394.0,0.8656883753622616,0.749117124,0.401102487,0.36291684147392733,0.5027715338883343,0.0,0.0,0.0,0.0,0.0,0.0,0.0,0.0,0.0,0.512231573064828,0.0,0.0,3.675e-09
2395.0,0.8654614174480773,0.725549438,0.404603288,0.3514992541702238,0.5139621632778535,0.0,0.0,0.0,0.0,0.0,0.0,0.0,0.0,0.0,0.5098998363697955,0.0,0.0,3.675e-09
2396.0,0.8651120817467213,0.649785625,0.400330311,0.31479476186712,0.5503173198796013,0.0,0.0,0.0,0.0,0.0,0.0,0.0,0.0,0.0,0.46273177017135547,0.0,0.0,3.675e-09
2397.0,0.8705991066732368,0.529720812,0.386594844,0.256628233149352,0.6139708735238848,0.0,0.0,0.0,0.0,0.0,0.0,0.0,0.0,0.0,0.36432016308111415,0.0,0.0,3.675e-09
2398.0,0.8800423087713459,0.383293565,0.359575551,0.18569017515488198,0.694352133616464,0.0,0.0,0.0,0.0,0.0,0.0,0.0,0.0,0.0,0.21556568858191907,0.0,0.0,3.675e-09
2399.0,0.8897146926162249,0.224955226,0.329144622,0.10898167653283213,0.7807330160833929,0.0,0.0,0.0,0.0,0.0,0.0,0.0,0.0,0.0,0.052178333994883176,0.0,0.0,3.675e-09
2400.0,0.9031830476932999,0.093012516,0.311005357,0.04506078881766842,0.7870093401691559,0.0,0.07111291870647558,0.0,0.0,0.0,0.0,0.0,0.0,0.0,0.0,0.0,0.0,0.006839048849999999
2401.0,0.9269023050633048,0.020332562,0.320170807,0.009850301032649732,0.8102028144759453,0.0,0.10684918955470972,0.0,0.0,0.0,0.0,0.0,0.0,0.0,0.0,0.0,0.0,0.006839048849999999
2402.0,0.9247195103881648,0.000887788,0.337434218,0.00043009725253384404,0.8538884468754508,0.0,0.07040096626018018,0.0,0.0,0.0,0.0,0.0,0.0,0.0,0.0,0.0,0.0,0.006839048849999999
2403.0,0.8954887519342553,0.0,0.340234797,0.0,0.8609754046440964,0.0,0.03451334729015881,0.0,0.0,0.0,0.0,0.0,0.0,0.0,0.0,0.0,0.0,0.006839048849999999
2404.0,0.8543049113306947,0.0,0.34145439,0.0,0.8543049113306947,0.0,0.0,0.0,0.0,0.0,0.0,0.0,0.0,0.0,0.009756713729228638,0.0,0.0,3.675e-09
2405.0,0.8118928321912251,0.0,0.342861985,0.0,0.8118928321912251,0.0,0.0,0.0,0.0,0.0,0.0,0.0,0.0,0.0,0.055730758562348263,0.0,0.0,3.675e-09
2406.0,0.7799942125788865,0.0,0.34151244,0.0,0.7799942125788865,0.0,0.0,0.0,0.0,0.0,0.0,0.0,0.0,0.0,0.08421430992562598,0.0,0.0,3.675e-09
2407.0,0.7574542434298617,0.0,0.341024694,0.0,0.7574542434298617,0.0,0.0,0.0,0.0,0.0,0.0,0.0,0.0,0.0,0.10552002169293591,0.0,0.0,3.675e-09
2408.0,0.7465469445516928,0.0,0.338664933,0.0,0.7465469445516928,0.0,0.0,0.0,0.0,0.0,0.0,0.0,0.0,0.0,0.1104558673283656,0.0,0.0,3.675e-09
2409.0,0.7508947332420398,2.94e-08,0.330260036,1.4243106715223695e-08,0.7508947189989331,0.0,0.0,0.0,0.0,0.0,0.0,0.0,0.0,0.0,0.08483922309069349,0.0,0.0,3.675e-09
2410.0,0.7766276800177453,0.000787608,0.320894368,0.00038156410863142534,0.7762461159091137,0.0,0.0,0.0,0.0,0.0,0.0,0.0,0.0,0.0,0.03578769360394324,0.0,0.0,3.675e-09
2411.0,0.8381931722525044,0.013589791,0.316921751,0.006583702158183216,0.8019809708286262,0.0,0.029628499265694948,0.0,0.0,0.0,0.0,0.0,0.0,0.0,0.0,0.0,0.0,0.006839048849999999
2412.0,0.8955354784165984,0.072530546,0.301628491,0.03513810567317827,0.7632808706832923,0.0,0.09711650206012781,0.0,0.0,0.0,0.0,0.0,0.0,0.0,0.0,0.0,0.0,0.006839048849999999
2413.0,0.9219559724324635,0.194098719,0.255035471,0.09403295129269447,0.6453756928419722,0.0,0.18254732829779688,0.0,0.0,0.0,0.0,0.0,0.0,0.0,0.0,0.0,0.0,0.006839048849999999
2414.0,0.9377495264642185,0.351111278,0.243358692,0.1700991633153937,0.6158272174564146,0.0,0.1518231456924103,0.0,0.0,0.0,0.0,0.0,0.0,0.0,0.0,0.0,0.0,0.006839048849999999
2415.0,0.9516584453748254,0.506495547,0.334438371,0.24537653492199316,0.7062819104528322,0.0,0.0,0.0,0.0,0.0,0.0,0.0,0.0,0.0,0.14002544652287854,0.0,0.0,3.675e-09
2416.0,0.9584137618219862,0.634959944,0.417255736,0.3076123211661382,0.650801440655848,0.0,0.0,0.0,0.0,0.0,0.0,0.0,0.0,0.0,0.40507799704514147,0.0,0.0,3.675e-09
2417.0,0.9591257842196104,0.719723003,0.469328876,0.34867658289558723,0.6104492013240231,0.0,0.0,0.0,0.0,0.0,0.0,0.0,0.0,0.0,0.5772030390941109,0.0,0.0,3.675e-09
2418.0,0.9602583459582474,0.752201281,0.511270403,0.36441099036091723,0.5958473555973302,0.0,0.0,0.0,0.0,0.0,0.0,0.0,0.0,0.0,0.6979393058107188,0.0,0.0,3.675e-09
2419.0,0.9611862001076541,0.727048607,0.549859826,0.352225540702576,0.6089606594050782,0.0,0.0,0.0,0.0,0.0,0.0,0.0,0.0,0.0,0.7824778129739904,0.0,0.0,3.675e-09
2420.0,0.9619137983327007,0.647338842,0.580382101,0.31360939481344663,0.648304403519254,0.0,0.0,0.0,0.0,0.0,0.0,0.0,0.0,0.0,0.820371695053538,0.0,0.0,3.675e-09
2421.0,0.9642189717949372,0.521425718,0.598850964,0.2526095967869435,0.7116093750079938,0.0,0.0,0.0,0.0,0.0,0.0,0.0,0.0,0.0,0.8038027921120182,0.0,0.0,3.675e-09
2422.0,0.9685200340029411,0.37242833,0.598615189,0.18042640979464444,0.7880936242082967,0.0,0.0,0.0,0.0,0.0,0.0,0.0,0.0,0.0,0.7267219064776411,0.0,0.0,3.675e-09
2423.0,0.9690006498212846,0.215765278,0.590496894,0.10452951972768394,0.8644711300936007,0.0,0.0,0.0,0.0,0.0,0.0,0.0,0.0,0.0,0.6298007866402193,0.0,0.0,3.675e-09
2424.0,0.9706338518707841,0.093273298,0.604965128,0.045187127112070104,0.925446724758714,0.0,0.0,0.0,0.0,0.0,0.0,0.0,0.0,0.0,0.6054375365455983,0.0,0.0,3.675e-09
2425.0,0.9811784640526849,0.024032805,0.638612495,0.011642918580991892,0.969535545471693,0.0,0.0,0.0,0.0,0.0,0.0,0.0,0.0,0.0,0.6464944906724379,0.0,0.0,3.675e-09
2426.0,0.9718287149192621,0.001473529,0.651511688,0.0007138649930264237,0.9711148499262359,0.0,0.0,0.0,0.0,0.0,0.0,0.0,0.0,0.0,0.6775570206530642,0.0,0.0,3.675e-09
2427.0,0.9342739651109685,0.0,0.654631896,0.0,0.9342739651109685,0.0,0.0,0.0,0.0,0.0,0.0,0.0,0.0,0.0,0.7222936949909233,0.0,0.0,3.675e-09
2428.0,0.8833131625353655,0.0,0.6513112,0.0,0.8833131625353655,0.0,0.0,0.0,0.0,0.0,0.0,0.0,0.0,0.0,0.7648513665302258,0.0,0.0,3.675e-09
2429.0,0.8362996358014649,0.0,0.640465729,0.0,0.8362996358014649,0.0,0.0,0.0,0.0,0.0,0.0,0.0,0.0,0.0,0.7844200702621427,0.0,0.0,3.675e-09
2430.0,0.7965932429728766,0.0,0.628477871,0.0,0.7965932429728766,0.0,0.0,0.0,0.0,0.0,0.0,0.0,0.0,0.0,0.7937907920089576,0.0,0.0,3.675e-09
2431.0,0.7694451507319647,0.0,0.608805401,0.0,0.7694451507319647,0.0,0.0,0.0,0.0,0.0,0.0,0.0,0.0,0.0,0.7711570483884459,0.0,0.0,3.675e-09
2432.0,0.7558699926952159,0.0,0.583279107,0.0,0.7558699926952159,0.0,0.0,0.0,0.0,0.0,0.0,0.0,0.0,0.0,0.720137075358356,0.0,0.0,3.675e-09
2433.0,0.756415134655911,1.29e-07,0.551819329,6.249526415863459e-08,0.7564150721606469,0.0,0.0,0.0,0.0,0.0,0.0,0.0,0.0,0.0,0.6399819873564865,0.0,0.0,3.675e-09
2434.0,0.7789061534900069,0.001239984,0.522252981,0.0006007219196316306,0.7783054315703754,0.0,0.0,0.0,0.0,0.0,0.0,0.0,0.0,0.0,0.5432730066369919,0.0,0.0,3.675e-09
2435.0,0.83925898101643,0.01818353,0.495361072,0.008809182253383386,0.8304497987630466,0.0,0.0,0.0,0.0,0.0,0.0,0.0,0.0,0.0,0.4230777744620208,0.0,0.0,3.675e-09
2436.0,0.8966057378454698,0.075235334,0.444787897,0.03644846567746591,0.8601572721680039,0.0,0.0,0.0,0.0,0.0,0.0,0.0,0.0,0.0,0.2653932093730471,0.0,0.0,3.675e-09
2437.0,0.9219448472699865,0.185784847,0.398636031,0.09000521775144582,0.8319396295185406,0.0,0.0,0.0,0.0,0.0,0.0,0.0,0.0,0.0,0.17682202896620752,0.0,0.0,3.675e-09
2438.0,0.9359227429878905,0.338738137,0.488377215,0.16410487870092055,0.77181786428697,0.0,0.0,0.0,0.0,0.0,0.0,0.0,0.0,0.0,0.4640368278584131,0.0,0.0,3.675e-09
2439.0,0.9790913471747414,0.493778759,0.592335655,0.23921576728393618,0.7398755798908053,0.0,0.0,0.0,0.0,0.0,0.0,0.0,0.0,0.0,0.7590493823574003,0.0,0.0,3.675e-09
2440.0,0.9543240807008193,0.620603538,0.611049532,0.30065722515576143,0.6536668555450579,0.0,0.0,0.0,0.0,0.0,0.0,0.0,0.0,0.0,0.8926141912794555,0.0,0.0,3.675e-09
2441.0,0.9550027276110125,0.700557284,0.62301586,0.33939156993670994,0.6156111576743025,0.0,0.0,0.0,0.0,0.0,0.0,0.0,0.0,0.0,0.9609510778550334,0.0,0.0,3.675e-09
2442.0,0.9557993026433562,0.724230962,0.644573909,0.35086050606241903,0.6049387965809373,0.0,0.0,0.0,0.0,0.0,0.0,0.0,0.0,0.0,1.0261767948213791,0.0,0.0,3.675e-09
2443.0,0.9533851013889357,0.689783935,0.665722285,0.3341723196140111,0.6192127817749246,0.0,0.0,0.0,0.0,0.0,0.0,0.0,0.0,0.0,1.065419474426864,0.0,0.0,3.675e-09
2444.0,0.950387930021594,0.60720985,0.675514382,0.2941685269416658,0.6562194030799282,0.0,0.0,0.0,0.0,0.0,0.0,0.0,0.0,0.0,1.0531920783840232,0.0,0.0,3.675e-09
2445.0,0.9511199789115864,0.488620444,0.670075805,0.23671677303170013,0.7144032058798863,0.0,0.0,0.0,0.0,0.0,0.0,0.0,0.0,0.0,0.981245776643479,0.0,0.0,3.675e-09
2446.0,0.950674964413109,0.354393636,0.654849228,0.17168933254231777,0.7789856318707912,0.0,0.0,0.0,0.0,0.0,0.0,0.0,0.0,0.0,0.878131994043804,0.0,0.0,3.675e-09
2447.0,0.9478513489801523,0.21508319,0.65179944,0.10419907577621546,0.8436522732039369,0.0,0.0,0.0,0.0,0.0,0.0,0.0,0.0,0.0,0.805747763326705,0.0,0.0,3.675e-09
2448.0,0.9510955027541972,0.100280404,0.64051061,0.04858178556522943,0.9025137171889678,0.0,0.0,0.0,0.0,0.0,0.0,0.0,0.0,0.0,0.7183195617292586,0.0,0.0,3.675e-09
2449.0,0.9750528432008633,0.02706499,0.601999455,0.013111889143417082,0.9619409540574462,0.0,0.0,0.0,0.0,0.0,0.0,0.0,0.0,0.0,0.5614385736519154,0.0,0.0,3.675e-09
2450.0,0.973419641151364,0.001587019,0.590136385,0.0007688462917036598,0.9726507948596604,0.0,0.0,0.0,0.0,0.0,0.0,0.0,0.0,0.0,0.5207088419283996,0.0,0.0,3.675e-09
2451.0,0.9358871416680243,0.0,0.566671933,0.0,0.9358871416680243,0.0,0.0,0.0,0.0,0.0,0.0,0.0,0.0,0.0,0.4980949234148934,0.0,0.0,3.675e-09
2452.0,0.8852333989763799,0.0,0.542404379,0.0,0.8852333989763799,0.0,0.0,0.0,0.0,0.0,0.0,0.0,0.0,0.0,0.4873388182335339,0.0,0.0,3.675e-09
2453.0,0.8381152941153159,0.0,0.518457296,0.0,0.8381152941153159,0.0,0.0,0.0,0.0,0.0,0.0,0.0,0.0,0.0,0.47385803768438284,0.0,0.0,3.675e-09
2454.0,0.8031282770033092,0.0,0.503466199,0.0,0.8031282770033092,0.0,0.0,0.0,0.0,0.0,0.0,0.0,0.0,0.0,0.47090958811443834,0.0,0.0,3.675e-09
2455.0,0.7779271221933113,0.0,0.493601266,0.0,0.7779271221933113,0.0,0.0,0.0,0.0,0.0,0.0,0.0,0.0,0.0,0.4711472037557429,0.0,0.0,3.675e-09
2456.0,0.7662989005875519,0.0,0.496446382,0.0,0.7662989005875519,0.0,0.0,0.0,0.0,0.0,0.0,0.0,0.0,0.0,0.48997508548139124,0.0,0.0,3.675e-09
2457.0,0.7656069036823713,1.18e-07,0.48480433,5.716621062572776e-08,0.7656068465161606,0.0,0.0,0.0,0.0,0.0,0.0,0.0,0.0,0.0,0.4612065419890725,0.0,0.0,3.675e-09
2458.0,0.79144442858524,0.001013854,0.468486805,0.0004911711127774288,0.7909532574724625,0.0,0.0,0.0,0.0,0.0,0.0,0.0,0.0,0.0,0.3945680944346881,0.0,0.0,3.675e-09
2459.0,0.8548344784638919,0.01326704,0.451073112,0.006427342398474197,0.8484071360654177,0.0,0.0,0.0,0.0,0.0,0.0,0.0,0.0,0.0,0.29304828987172366,0.0,0.0,3.675e-09
2460.0,0.9092063152504687,0.058771386,0.404980869,0.028472351108830066,0.8807339641416385,0.0,0.0,0.0,0.0,0.0,0.0,0.0,0.0,0.0,0.14408351671230493,0.0,0.0,3.675e-09
2461.0,0.9268266527585517,0.161035405,0.367671586,0.0780151176307574,0.8488115351277942,0.0,0.0,0.0,0.0,0.0,0.0,0.0,0.0,0.0,0.08159357135661609,0.0,0.0,3.675e-09
2462.0,0.9343162419282907,0.310735067,0.435804096,0.15053852787221716,0.7837777140560734,0.0,0.0,0.0,0.0,0.0,0.0,0.0,0.0,0.0,0.31903896197943116,0.0,0.0,3.675e-09
2463.0,0.9403862359678026,0.463443231,0.555647935,0.22451943522384582,0.7158668007439568,0.0,0.0,0.0,0.0,0.0,0.0,0.0,0.0,0.0,0.6902186728599722,0.0,0.0,3.675e-09
2464.0,0.941594449011268,0.586760286,0.644485743,0.2842615431888835,0.6573329058223844,0.0,0.0,0.0,0.0,0.0,0.0,0.0,0.0,0.0,0.9735595786014714,0.0,0.0,3.675e-09
2465.0,0.939389404011174,0.66691669,0.693029117,0.32309406754536596,0.616295336465808,0.0,0.0,0.0,0.0,0.0,0.0,0.0,0.0,0.0,1.137437761090395,0.0,0.0,3.675e-09
2466.0,0.9386106286388386,0.695760614,0.726187157,0.33706777800855653,0.6015428506302821,0.0,0.0,0.0,0.0,0.0,0.0,0.0,0.0,0.0,1.2360977636112442,0.0,0.0,3.675e-09
2467.0,0.9359449943127691,0.673697004,0.739144909,0.32637885447954035,0.6095661398332287,0.0,0.0,0.0,0.0,0.0,0.0,0.0,0.0,0.0,1.260864494329387,0.0,0.0,3.675e-09
2468.0,0.9332860344842312,0.606911398,0.73300694,0.29402393906121094,0.6392620954230203,0.0,0.0,0.0,0.0,0.0,0.0,0.0,0.0,0.0,1.2156362052156147,0.0,0.0,3.675e-09
2469.0,0.9323181283500127,0.501114779,0.69552685,0.2427697712201612,0.6895483571298515,0.0,0.0,0.0,0.0,0.0,0.0,0.0,0.0,0.0,1.070505336377529,0.0,0.0,3.675e-09
2470.0,0.9340358830342319,0.369560752,0.627638084,0.1790371846426639,0.754998698391568,0.0,0.0,0.0,0.0,0.0,0.0,0.0,0.0,0.0,0.83326022781681,0.0,0.0,3.675e-09
2471.0,0.9369796524217743,0.226878012,0.55071959,0.10991318830795245,0.8270664641138218,0.0,0.0,0.0,0.0,0.0,0.0,0.0,0.0,0.0,0.5665476694977998,0.0,0.0,3.675e-09
2472.0,0.9430162699739305,0.103400316,0.489382397,0.050093256298498375,0.8929230136754321,0.0,0.0,0.0,0.0,0.0,0.0,0.0,0.0,0.0,0.3454753247601655,0.0,0.0,3.675e-09
2473.0,0.9652113540865448,0.025331524,0.458060225,0.012272095224192186,0.9529392588623526,0.0,0.0,0.0,0.0,0.0,0.0,0.0,0.0,0.0,0.20619728757014197,0.0,0.0,3.675e-09
2474.0,0.9617001914134287,0.001217823,0.45460248,0.0005899858146004717,0.9611102055988282,0.0,0.0,0.0,0.0,0.0,0.0,0.0,0.0,0.0,0.18927640277094934,0.0,0.0,3.675e-09
2475.0,0.9251934507090522,2.74e-11,0.456693097,1.327418789105882e-11,0.9251934506957781,0.0,0.0,0.0,0.0,0.0,0.0,0.0,0.0,0.0,0.2304835331247234,0.0,0.0,3.675e-09
2476.0,0.8758057727056934,0.0,0.460898423,0.0,0.8758057727056934,0.0,0.0,0.0,0.0,0.0,0.0,0.0,0.0,0.0,0.2905129276189268,0.0,0.0,3.675e-09
2477.0,0.8308348621998282,0.0,0.461830247,0.0,0.8308348621998282,0.0,0.0,0.0,0.0,0.0,0.0,0.0,0.0,0.0,0.33784184957021485,0.0,0.0,3.675e-09
2478.0,0.7977035533866348,0.0,0.463002332,0.0,0.7977035533866348,0.0,0.0,0.0,0.0,0.0,0.0,0.0,0.0,0.0,0.37393915823424734,0.0,0.0,3.675e-09
2479.0,0.7626609094623183,0.0,0.460111375,0.0,0.7626609094623183,0.0,0.0,0.0,0.0,0.0,0.0,0.0,0.0,0.0,0.40166613987231103,0.0,0.0,3.675e-09
2480.0,0.7472878927717269,0.0,0.453868251,0.0,0.7472878927717269,0.0,0.0,0.0,0.0,0.0,0.0,0.0,0.0,0.0,0.4012407248341713,0.0,0.0,3.675e-09
2481.0,0.7473791209039027,2.28e-07,0.436288097,1.1045674595479602e-07,0.7473790104471567,0.0,0.0,0.0,0.0,0.0,0.0,0.0,0.0,0.0,0.3566624461237236,0.0,0.0,3.675e-09
2482.0,0.7715789940922512,0.000648898,0.422775122,0.00031436474358147024,0.7712646293486698,0.0,0.0,0.0,0.0,0.0,0.0,0.0,0.0,0.0,0.29858179713958644,0.0,0.0,3.675e-09
2483.0,0.8337675054249689,0.010941249,0.415103619,0.00530059105798757,0.8284669143669813,0.0,0.0,0.0,0.0,0.0,0.0,0.0,0.0,0.0,0.22196652009961096,0.0,0.0,3.675e-09
2484.0,0.8860722508260459,0.058351606,0.397623935,0.0282689847368261,0.8578032660892199,0.0,0.0,0.0,0.0,0.0,0.0,0.0,0.0,0.0,0.14839724999968248,0.0,0.0,3.675e-09
2485.0,0.9054615201656367,0.164881311,0.34369984,0.07987830299044173,0.8255832171751949,0.0,0.0,0.0,0.0,0.0,0.0,0.0,0.0,0.0,0.044160593361947754,0.0,0.0,3.675e-09
2486.0,0.9103922779689801,0.311352705,0.337415131,0.15083774841457698,0.7595545295544031,0.0,0.0,0.0,0.0,0.0,0.0,0.0,0.0,0.0,0.09428561703638147,0.0,0.0,3.675e-09
2487.0,0.918638391186176,0.458017796,0.503466155,0.22189103217345432,0.6967473590127216,0.0,0.0,0.0,0.0,0.0,0.0,0.0,0.0,0.0,0.5772903947615712,0.0,0.0,3.675e-09
2488.0,0.9226635451650667,0.57951804,0.643449115,0.28075296894956714,0.6419105762154995,0.0,0.0,0.0,0.0,0.0,0.0,0.0,0.0,0.0,0.9863586867752898,0.0,0.0,3.675e-09
2489.0,0.9237360294264484,0.661277154,0.718039984,0.32036194125038825,0.6033740881760601,0.0,0.0,0.0,0.0,0.0,0.0,0.0,0.0,0.0,1.213649835379415,0.0,0.0,3.675e-09
2490.0,0.9272605410946274,0.694976,0.76891947,0.3366876643714049,0.5905728767232226,0.0,0.0,0.0,0.0,0.0,0.0,0.0,0.0,0.0,1.3552032686308173,0.0,0.0,3.675e-09
2491.0,0.9289827464437921,0.678481452,0.806780823,0.32869672534475936,0.6002860210990327,0.0,0.0,0.0,0.0,0.0,0.0,0.0,0.0,0.0,1.441299530015312,0.0,0.0,3.675e-09
2492.0,0.9286512114023693,0.613130134,0.836001697,0.2970366642476669,0.6316145471547024,0.0,0.0,0.0,0.0,0.0,0.0,0.0,0.0,0.0,1.4839153918883237,0.0,0.0,3.675e-09
2493.0,0.9304023415740194,0.507121199,0.856260111,0.24567963792208136,0.684722703651938,0.0,0.0,0.0,0.0,0.0,0.0,0.0,0.0,0.0,1.4820718219204243,0.0,0.0,3.675e-09
2494.0,0.9318508635265813,0.373450174,0.874295114,0.18092145173812443,0.750929411788457,0.0,0.0,0.0,0.0,0.0,0.0,0.0,0.0,0.0,1.4615032852543046,0.0,0.0,3.675e-09
2495.0,0.9288670431541518,0.229770967,0.885010979,0.11131470758643341,0.8175523355677186,0.0,0.0,0.0,0.0,0.0,0.0,0.0,0.0,0.0,1.421997212208234,0.0,0.0,3.675e-09
2496.0,0.931457025175468,0.103645902,0.895775124,0.05021223274767405,0.881244792427794,0.0,0.0,0.0,0.0,0.0,0.0,0.0,0.0,0.0,1.3855437802178656,0.0,0.0,3.675e-09
2497.0,0.9494333748822877,0.026513029,0.902191378,0.012844486441864648,0.9365888884404231,0.0,0.0,0.0,0.0,0.0,0.0,0.0,0.0,0.0,1.346436227124006,0.0,0.0,3.675e-09
2498.0,0.9458932863867615,0.001939529,0.866118982,0.0009396230790568402,0.9449536633077046,0.0,0.0,0.0,0.0,0.0,0.0,0.0,0.0,0.0,1.2467890613418937,0.0,0.0,3.675e-09
2499.0,0.9078734975874716,1.61e-09,0.82882902,7.799796534527262e-10,0.907873496807492,0.0,0.0,0.0,0.0,0.0,0.0,0.0,0.0,0.0,1.1895057459019773,0.0,0.0,3.675e-09
2500.0,0.8611692555700399,0.0,0.79184288,0.0,0.8611692555700399,0.0,0.0,0.0,0.0,0.0,0.0,0.0,0.0,0.0,1.1426153368170424,0.0,0.0,3.675e-09
2501.0,0.8136595381902979,0.0,0.761218433,0.0,0.8136595381902979,0.0,0.0,0.0,0.0,0.0,0.0,0.0,0.0,0.0,1.1126288783784521,0.0,0.0,3.675e-09
2502.0,0.7747563958915094,0.0,0.729341642,0.0,0.7747563958915094,0.0,0.0,0.0,0.0,0.0,0.0,0.0,0.0,0.0,1.0708667469545756,0.0,0.0,3.675e-09
2503.0,0.7596058864501566,0.0,0.695221997,0.0,0.7596058864501566,0.0,0.0,0.0,0.0,0.0,0.0,0.0,0.0,0.0,0.9996763664598883,0.0,0.0,3.675e-09
2504.0,0.7505320465457717,0.0,0.666589015,0.0,0.7505320465457717,0.0,0.0,0.0,0.0,0.0,0.0,0.0,0.0,0.0,0.9362934985819208,0.0,0.0,3.675e-09
2505.0,0.7488031666990757,1.1e-06,0.631472107,5.329053532906825e-07,0.7488026337937224,0.0,0.0,0.0,0.0,0.0,0.0,0.0,0.0,0.0,0.8491584143990796,0.0,0.0,3.675e-09
2506.0,0.7727849823032062,0.001341688,0.596249822,0.0006499933796780629,0.7721349889235282,0.0,0.0,0.0,0.0,0.0,0.0,0.0,0.0,0.0,0.7366949023512919,0.0,0.0,3.675e-09
2507.0,0.8315758104198623,0.015327521,0.559491255,0.007425561812341232,0.8241502486075211,0.0,0.0,0.0,0.0,0.0,0.0,0.0,0.0,0.0,0.5916608733467638,0.0,0.0,3.675e-09
2508.0,0.8826901434374068,0.067092087,0.497719153,0.032503393023403826,0.850186750414003,0.0,0.0,0.0,0.0,0.0,0.0,0.0,0.0,0.0,0.4093080247582496,0.0,0.0,3.675e-09
2509.0,0.9030918195611242,0.180075277,0.431703836,0.08723916282600229,0.8158526567351219,0.0,0.0,0.0,0.0,0.0,0.0,0.0,0.0,0.0,0.27658817578357164,0.0,0.0,3.675e-09
2510.0,0.9172721970358232,0.337695594,0.573141575,0.16359980893206988,0.7536723881037534,0.0,0.0,0.0,0.0,0.0,0.0,0.0,0.0,0.0,0.6966813199973606,0.0,0.0,3.675e-09
2511.0,0.9277122310905608,0.492265688,0.721465081,0.23848274579683715,0.6892294852937236,0.0,0.0,0.0,0.0,0.0,0.0,0.0,0.0,0.0,1.1364617594808688,0.0,0.0,3.675e-09
2512.0,0.9323960054872763,0.620225286,0.728207742,0.30047397741422244,0.6319220280730539,0.0,0.0,0.0,0.0,0.0,0.0,0.0,0.0,0.0,1.210831743327388,0.0,0.0,3.675e-09
2513.0,0.9316995579171502,0.703632709,0.707555188,0.34088148852411365,0.5908180693930365,0.0,0.0,0.0,0.0,0.0,0.0,0.0,0.0,0.0,1.199673731174704,0.0,0.0,3.675e-09
2514.0,0.9308117547526306,0.736968517,0.697240298,0.3570313344690867,0.5737804202835439,0.0,0.0,0.0,0.0,0.0,0.0,0.0,0.0,0.0,1.19060921004789,0.0,0.0,3.675e-09
2515.0,0.9313146208959282,0.718060638,0.697691615,0.34787123452502083,0.5834433863709074,0.0,0.0,0.0,0.0,0.0,0.0,0.0,0.0,0.0,1.1820883165531122,0.0,0.0,3.675e-09
2516.0,0.9307672531027978,0.647105229,0.699117721,0.31349621879681183,0.6172710343059861,0.0,0.0,0.0,0.0,0.0,0.0,0.0,0.0,0.0,1.151869477009303,0.0,0.0,3.675e-09
2517.0,0.9290494984185788,0.532652791,0.692582869,0.25804865797193005,0.6710008404466486,0.0,0.0,0.0,0.0,0.0,0.0,0.0,0.0,0.0,1.0816030117890891,0.0,0.0,3.675e-09
2518.0,0.9274029463740919,0.391019613,0.674960617,0.18943313182668267,0.7379698145474092,0.0,0.0,0.0,0.0,0.0,0.0,0.0,0.0,0.0,0.9700403462722205,0.0,0.0,3.675e-09
2519.0,0.9200157104990057,0.241057588,0.652118102,0.11678261736049073,0.8032330931385149,0.0,0.0,0.0,0.0,0.0,0.0,0.0,0.0,0.0,0.8469733281205962,0.0,0.0,3.675e-09
2520.0,0.9154587645544074,0.112123856,0.635819032,0.05431945735817601,0.8611393071962314,0.0,0.0,0.0,0.0,0.0,0.0,0.0,0.0,0.0,0.7478217784525647,0.0,0.0,3.675e-09
2521.0,0.9230062053689665,0.032645572,0.632764459,0.01581545461821492,0.9071907507507516,0.0,0.0,0.0,0.0,0.0,0.0,0.0,0.0,0.0,0.6940406369133615,0.0,0.0,3.675e-09
2522.0,0.92216512868679,0.002633264,0.607660022,0.0012757095292978509,0.9208894191574922,0.0,0.0,0.0,0.0,0.0,0.0,0.0,0.0,0.0,0.6168143605281895,0.0,0.0,3.675e-09
2523.0,0.8918885869613984,1.01e-08,0.564352162,4.89304006203263e-09,0.8918885820683584,0.0,0.0,0.0,0.0,0.0,0.0,0.0,0.0,0.0,0.5362232257892041,0.0,0.0,3.675e-09
2524.0,0.8523468487373039,0.0,0.51620202,0.0,0.8523468487373039,0.0,0.0,0.0,0.0,0.0,0.0,0.0,0.0,0.0,0.45391943256725076,0.0,0.0,3.675e-09
2525.0,0.8099369944303447,0.0,0.47201106,0.0,0.8099369944303447,0.0,0.0,0.0,0.0,0.0,0.0,0.0,0.0,0.0,0.384502601293866,0.0,0.0,3.675e-09
2526.0,0.7735237066906547,0.0,0.425262468,0.0,0.7735237066906547,0.0,0.0,0.0,0.0,0.0,0.0,0.0,0.0,0.0,0.3026170311018031,0.0,0.0,3.675e-09
2527.0,0.7463800641147639,0.0,0.383019095,0.0,0.7463800641147639,0.0,0.0,0.0,0.0,0.0,0.0,0.0,0.0,0.0,0.22286242140337853,0.0,0.0,3.675e-09
2528.0,0.7297209572434432,0.0,0.345811273,0.0,0.7297209572434432,0.0,0.0,0.0,0.0,0.0,0.0,0.0,0.0,0.0,0.1453659043207639,0.0,0.0,3.675e-09
2529.0,0.724843601419899,2.82e-06,0.30884767,1.366175542072477e-06,0.724842235244357,0.0,0.0,0.0,0.0,0.0,0.0,0.0,0.0,0.0,0.05670700662121387,0.0,0.0,3.675e-09
2530.0,0.729972390315092,0.001673041,0.282176134,0.0008105204592498153,0.7140560380470338,0.0,0.01510583180880835,0.0,0.0,0.0,0.0,0.0,0.0,0.0,0.0,0.0,0.0,0.006839048849999999
2531.0,0.7451451500813987,0.015303406,0.259766607,0.007413879073618864,0.6573479889385004,0.0,0.08038328206927929,0.0,0.0,0.0,0.0,0.0,0.0,0.0,0.0,0.0,0.0,0.006839048849999999
2532.0,0.7627387865995819,0.065215012,0.228515568,0.031594026372469185,0.5782662013441134,0.0,0.15287855888299925,0.0,0.0,0.0,0.0,0.0,0.0,0.0,0.0,0.0,0.0,0.006839048849999999
2533.0,0.794971166085854,0.173323479,0.206954611,0.08396819073642289,0.5237054866809717,0.0,0.18729748866845947,0.0,0.0,0.0,0.0,0.0,0.0,0.0,0.0,0.0,0.0,0.006839048849999999
2534.0,0.8221971354640295,0.328881145,0.226378074,0.15932956615169924,0.5728572020947675,0.0,0.09001036721756274,0.0,0.0,0.0,0.0,0.0,0.0,0.0,0.0,0.0,0.0,0.006839048849999999
2535.0,0.843266333335463,0.482818525,0.248779383,0.23390597876401023,0.6093603545714528,0.0,0.0,0.0,0.0,0.0,0.0,0.0,0.0,0.0,0.020184100711096314,0.0,0.0,3.675e-09
2536.0,0.8523134732498729,0.605410775,0.248259557,0.29329694812487356,0.5590165251249994,0.0,0.0,0.0,0.0,0.0,0.0,0.0,0.0,0.0,0.06921249327501783,0.0,0.0,3.675e-09
2537.0,0.8573821846678106,0.684330773,0.252596751,0.3315304839575008,0.5258517007103097,0.0,0.0,0.0,0.0,0.0,0.0,0.0,0.0,0.0,0.11335273052841828,0.0,0.0,3.675e-09
2538.0,0.842233901058893,0.713677013,0.266320361,0.3457475461347309,0.49648635492416204,0.0,0.0,0.0,0.0,0.0,0.0,0.0,0.0,0.0,0.1774461252299383,0.0,0.0,3.675e-09
2539.0,0.8543138116606612,0.688634355,0.282145236,0.3336153947630694,0.5206984168975919,0.0,0.0,0.0,0.0,0.0,0.0,0.0,0.0,0.0,0.19327943273871123,0.0,0.0,3.675e-09
2540.0,0.855059210545641,0.616261201,0.293270588,0.29855353912567756,0.5565056714199634,0.0,0.0,0.0,0.0,0.0,0.0,0.0,0.0,0.0,0.1856252493438882,0.0,0.0,3.675e-09
2541.0,0.8580741815729911,0.504949385,0.295533056,0.24462748218848895,0.6134466993845022,0.0,0.0,0.0,0.0,0.0,0.0,0.0,0.0,0.0,0.1344094714683175,0.0,0.0,3.675e-09
2542.0,0.8617299733581576,0.374349601,0.290220338,0.1813571876137555,0.6803727857444021,0.0,0.0,0.0,0.0,0.0,0.0,0.0,0.0,0.0,0.05403937652921887,0.0,0.0,3.675e-09
2543.0,0.8639728455105529,0.237776673,0.281549036,0.11519314720849826,0.7124691458212467,0.0,0.03631055248080786,0.0,0.0,0.0,0.0,0.0,0.0,0.0,0.0,0.0,0.0,0.006839048849999999
2544.0,0.8638437912260006,0.117065881,0.264335404,0.056713667884172723,0.6689094808273262,0.0,0.1382206425145017,0.0,0.0,0.0,0.0,0.0,0.0,0.0,0.0,0.0,0.0,0.006839048849999999
2545.0,0.8781665739801642,0.035688778,0.255520621,0.017289764407820672,0.6466033809598429,0.0,0.21427342861250062,0.0,0.0,0.0,0.0,0.0,0.0,0.0,0.0,0.0,0.0,0.006839048849999999
2546.0,0.879761949877287,0.00301084,0.260021573,0.0014586297762742896,0.6579931888326798,0.0,0.22031013126833288,0.0,0.0,0.0,0.0,0.0,0.0,0.0,0.0,0.0,0.0,0.006839048849999999
2547.0,0.8537241680501336,3.66e-08,0.256412709,1.7731214482217254e-08,0.6488608391432814,0.0,0.20486331117563783,0.0,0.0,0.0,0.0,0.0,0.0,0.0,0.0,0.0,0.0,0.006839048849999999
2548.0,0.8235388534569931,0.0,0.247845855,0.0,0.6271821318087787,0.0,0.19635672164821436,0.0,0.0,0.0,0.0,0.0,0.0,0.0,0.0,0.0,0.0,0.006839048849999999
2549.0,0.7830158591036925,0.0,0.234674197,0.0,0.5938508156812763,0.0,0.18916504342241627,0.0,0.0,0.0,0.0,0.0,0.0,0.0,0.0,0.0,0.0,0.006839048849999999
2550.0,0.7476149791480536,0.0,0.226197381,0.0,0.5723999524831374,0.0,0.17521502666491626,0.0,0.0,0.0,0.0,0.0,0.0,0.0,0.0,0.0,0.0,0.006839048849999999
2551.0,0.7210810066750587,0.0,0.218068296,0.0,0.5518290340792175,0.0,0.16925197259584132,0.0,0.0,0.0,0.0,0.0,0.0,0.0,0.0,0.0,0.0,0.006839048849999999
2552.0,0.7048268623174038,0.0,0.210316759,0.0,0.5322135133740007,0.0,0.17261334894340308,0.0,0.0,0.0,0.0,0.0,0.0,0.0,0.0,0.0,0.0,0.006839048849999999
2553.0,0.6980492955452888,1.32e-06,0.196411793,6.394864239488191e-07,0.49702653710357414,0.0,0.2010221189552907,0.0,0.0,0.0,0.0,0.0,0.0,0.0,0.0,0.0,0.0,0.006839048849999999
2554.0,0.7006103527441195,0.000503288,0.182861827,0.00024382260858814636,0.4627379000722368,0.0,0.23762863006329454,0.0,0.0,0.0,0.0,0.0,0.0,0.0,0.0,0.0,0.0,0.006839048849999999
2555.0,0.7087763629916165,0.010984983,0.168172228,0.005321778405915583,0.42556538404917843,0.0,0.2778892005365225,0.0,0.0,0.0,0.0,0.0,0.0,0.0,0.0,0.0,0.0,0.006839048849999999
2556.0,0.7227431345469681,0.060908343,0.145763823,0.029507620040695515,0.3688601741987474,0.0,0.3243753403075252,0.0,0.0,0.0,0.0,0.0,0.0,0.0,0.0,0.0,0.0,0.006839048849999999
2557.0,0.7488587935113853,0.171999373,0.109198287,0.08332671512212808,0.2763298762068337,0.0,0.3892022021824235,0.0,0.0,0.0,0.0,0.0,0.0,0.0,0.0,0.0,0.0,0.006839048849999999
2558.0,0.7767589591348082,0.32709845,0.100128064,0.15846592278007696,0.253377376972497,0.0,0.3649156593822342,0.0,0.0,0.0,0.0,0.0,0.0,0.0,0.0,0.0,0.0,0.006839048849999999
2559.0,0.7966711201101401,0.480772309,0.136734585,0.23291467016365652,0.34601138886219684,0.0,0.21774506108428668,0.0,0.0,0.0,0.0,0.0,0.0,0.0,0.0,0.0,0.0,0.006839048849999999
2560.0,0.8102930056291567,0.607949293,0.161814193,0.29452675706271425,0.40947616623508654,0.0,0.10629008233135595,0.0,0.0,0.0,0.0,0.0,0.0,0.0,0.0,0.0,0.0,0.006839048849999999
2561.0,0.8229291843540217,0.69298801,0.181361239,0.3357245639047791,0.4589406125170075,0.0,0.028264007932235106,0.0,0.0,0.0,0.0,0.0,0.0,0.0,0.0,0.0,0.0,0.006839048849999999
2562.0,0.8322767076550094,0.723075103,0.200698275,0.35030053929082877,0.4819761683641806,0.0,0.0,0.0,0.0,0.0,0.0,0.0,0.0,0.0,0.025897453185167174,0.0,0.0,3.675e-09
2563.0,0.8397151206773844,0.69992461,0.216810069,0.33908506506263014,0.5006300556147543,0.0,0.0,0.0,0.0,0.0,0.0,0.0,0.0,0.0,0.04801499343409265,0.0,0.0,3.675e-09
2564.0,0.8464570861296333,0.628107538,0.22504363,0.30429260858402796,0.5421644775456054,0.0,0.0,0.0,0.0,0.0,0.0,0.0,0.0,0.0,0.027315869879958862,0.0,0.0,3.675e-09
2565.0,0.8571863784084714,0.518245667,0.222973357,0.25106899114909126,0.5642414531395729,0.0,0.04187593411980725,0.0,0.0,0.0,0.0,0.0,0.0,0.0,0.0,0.0,0.0,0.006839048849999999
2566.0,0.870859440074852,0.385206342,0.215485005,0.1866168379757468,0.5452919307798202,0.0,0.13895067131928504,0.0,0.0,0.0,0.0,0.0,0.0,0.0,0.0,0.0,0.0,0.006839048849999999
2567.0,0.8818535164202512,0.241264287,0.206972727,0.11688275463650874,0.523751329818029,0.0,0.2412194319657135,0.0,0.0,0.0,0.0,0.0,0.0,0.0,0.0,0.0,0.0,0.006839048849999999
2568.0,0.8901574812822672,0.117683396,0.195137829,0.05701282883802481,0.4938027290743149,0.0,0.3393419233699276,0.0,0.0,0.0,0.0,0.0,0.0,0.0,0.0,0.0,0.0,0.006839048849999999
2569.0,0.9125372464917436,0.03640283,0.189347242,0.017635693619936957,0.47914945718851226,0.0,0.41575209568329435,0.0,0.0,0.0,0.0,0.0,0.0,0.0,0.0,0.0,0.0,0.006839048849999999
2570.0,0.9133471725189996,0.003054621,0.201494354,0.0014798398937946708,0.5098881257834742,0.0,0.40197920684173066,0.0,0.0,0.0,0.0,0.0,0.0,0.0,0.0,0.0,0.0,0.006839048849999999
2571.0,0.8780486448580888,8.62e-08,0.217526127,4.1760401321506215e-08,0.5504570574963504,0.0,0.3275915456013369,0.0,0.0,0.0,0.0,0.0,0.0,0.0,0.0,0.0,0.0,0.006839048849999999
2572.0,0.8323723854522062,0.0,0.225900636,0.0,0.5716490294479161,0.0,0.26072335600429014,0.0,0.0,0.0,0.0,0.0,0.0,0.0,0.0,0.0,0.0,0.006839048849999999
2573.0,0.7853432838908077,0.0,0.226012311,0.0,0.571931626728269,0.0,0.21341165716253857,0.0,0.0,0.0,0.0,0.0,0.0,0.0,0.0,0.0,0.0,0.006839048849999999
2574.0,0.74776628375756,0.0,0.222813301,0.0,0.5638364261388639,0.0,0.18392985761869618,0.0,0.0,0.0,0.0,0.0,0.0,0.0,0.0,0.0,0.0,0.006839048849999999
2575.0,0.7220133114894111,0.0,0.218675611,0.0,0.5533658647693229,0.0,0.16864744672008813,0.0,0.0,0.0,0.0,0.0,0.0,0.0,0.0,0.0,0.0,0.006839048849999999
2576.0,0.706900628200435,0.0,0.219950824,0.0,0.556592833434384,0.0,0.1503077947660509,0.0,0.0,0.0,0.0,0.0,0.0,0.0,0.0,0.0,0.0,0.006839048849999999
2577.0,0.7096218903387387,5.12e-06,0.219230368,2.4804321898620858e-06,0.5547696957024482,0.0,0.1548497142041007,0.0,0.0,0.0,0.0,0.0,0.0,0.0,0.0,0.0,0.0,0.006839048849999999
2578.0,0.7364896236855916,0.001554242,0.216339944,0.0007529671655538336,0.5474553821903207,0.0,0.18828127432971697,0.0,0.0,0.0,0.0,0.0,0.0,0.0,0.0,0.0,0.0,0.006839048849999999
2579.0,0.7917915394540855,0.019366467,0.208412939,0.009382267216933948,0.5273958339087533,0.0,0.2550134383283983,0.0,0.0,0.0,0.0,0.0,0.0,0.0,0.0,0.0,0.0,0.006839048849999999
2580.0,0.8450797668168035,0.077636041,0.187986682,0.0376115107792681,0.4757065151177088,0.0,0.3317617409198266,0.0,0.0,0.0,0.0,0.0,0.0,0.0,0.0,0.0,0.0,0.006839048849999999
2581.0,0.8749958476783621,0.190220717,0.17327959,0.09215421672371996,0.43848973247969447,0.0,0.34435189847494774,0.0,0.0,0.0,0.0,0.0,0.0,0.0,0.0,0.0,0.0,0.006839048849999999
2582.0,0.895700134021017,0.34439733,0.176691957,0.16684652801456162,0.4471248400128583,0.0,0.28172876599359703,0.0,0.0,0.0,0.0,0.0,0.0,0.0,0.0,0.0,0.0,0.006839048849999999
2583.0,0.9160706594898138,0.499073737,0.217344012,0.24178096921280565,0.5499962094666978,0.0,0.12429348081031043,0.0,0.0,0.0,0.0,0.0,0.0,0.0,0.0,0.0,0.0,0.006839048849999999
2584.0,0.9317752112218282,0.624605562,0.248512405,0.30259604334994117,0.6288688586251587,0.0,0.0003103092467282715,0.0,0.0,0.0,0.0,0.0,0.0,0.0,0.0,0.0,0.0,0.006839048849999999
2585.0,0.9437104917116215,0.702985714,0.266219509,0.34056804570679333,0.6031424460048281,0.0,0.0,0.0,0.0,0.0,0.0,0.0,0.0,0.0,0.07053482482831275,0.0,0.0,3.675e-09
2586.0,0.9574369553578013,0.729729058,0.293585734,0.3535241104181518,0.6039128449396494,0.0,0.0,0.0,0.0,0.0,0.0,0.0,0.0,0.0,0.1390155631984049,0.0,0.0,3.675e-09
2587.0,0.969817250346072,0.701206761,0.330287899,0.33970621518229105,0.630111035163781,0.0,0.0,0.0,0.0,0.0,0.0,0.0,0.0,0.0,0.20569341516871534,0.0,0.0,3.675e-09
2588.0,0.9815010987641412,0.622068146,0.369162063,0.3013667682863726,0.6801343304777685,0.0,0.0,0.0,0.0,0.0,0.0,0.0,0.0,0.0,0.25404247734202196,0.0,0.0,3.675e-09
2589.0,0.9930937190500346,0.50797229,0.402861119,0.24609195696757002,0.7470017620824646,0.0,0.0,0.0,0.0,0.0,0.0,0.0,0.0,0.0,0.272451621300889,0.0,0.0,3.675e-09
2590.0,1.0010883991955817,0.374172228,0.427108602,0.18127125759445617,0.8198171416011255,0.0,0.0,0.0,0.0,0.0,0.0,0.0,0.0,0.0,0.26099529932602744,0.0,0.0,3.675e-09
2591.0,1.000879242941255,0.233865382,0.437263305,0.11329828547015494,0.8875809574711001,0.0,0.0,0.0,0.0,0.0,0.0,0.0,0.0,0.0,0.21892829519181908,0.0,0.0,3.675e-09
2592.0,0.9961643168896943,0.115079224,0.433529447,0.05575121320194326,0.9404131036877511,0.0,0.0,0.0,0.0,0.0,0.0,0.0,0.0,0.0,0.15664749783548584,0.0,0.0,3.675e-09
2593.0,1.005638669642724,0.035482579,0.408190942,0.017189869361508688,0.9884488002812153,0.0,0.0,0.0,0.0,0.0,0.0,0.0,0.0,0.0,0.04449187644946289,0.0,0.0,3.675e-09
2594.0,0.9924840499470634,0.003059107,0.395944609,0.0014820131787172727,0.9910020367683461,0.0,0.0,0.0,0.0,0.0,0.0,0.0,0.0,0.0,0.01094888934584436,0.0,0.0,3.675e-09
2595.0,0.9416923526408999,1.89e-07,0.39950687,9.15628288835809e-08,0.941692261078071,0.0,0.0,0.0,0.0,0.0,0.0,0.0,0.0,0.0,0.06927308429295655,0.0,0.0,3.675e-09
2596.0,0.881288347967188,0.0,0.408955618,0.0,0.881288347967188,0.0,0.0,0.0,0.0,0.0,0.0,0.0,0.0,0.0,0.15358736666768688,0.0,0.0,3.675e-09
2597.0,0.824951774089689,0.0,0.418742208,0.0,0.824951774089689,0.0,0.0,0.0,0.0,0.0,0.0,0.0,0.0,0.0,0.234689230161744,0.0,0.0,3.675e-09
2598.0,0.7817564689129383,0.0,0.429082333,0.0,0.7817564689129383,0.0,0.0,0.0,0.0,0.0,0.0,0.0,0.0,0.0,0.304050563576769,0.0,0.0,3.675e-09
2599.0,0.7463533631248641,0.0,0.441364625,0.0,0.7463533631248641,0.0,0.0,0.0,0.0,0.0,0.0,0.0,0.0,0.0,0.3705344154199181,0.0,0.0,3.675e-09
2600.0,0.7260562651283101,0.0,0.455472809,0.0,0.72605626512831,0.0,0.0,0.0,0.0,0.0,0.0,0.0,0.0,0.0,0.42653273955588233,0.0,0.0,3.675e-09
2601.0,0.7226941832321147,7.2e-06,0.458485626,3.488107766993558e-06,0.7226906951243477,0.0,0.0,0.0,0.0,0.0,0.0,0.0,0.0,0.0,0.43752234260574635,0.0,0.0,3.675e-09
2602.0,0.7436632526414056,0.001865249,0.459202384,0.0009036374339273566,0.7427596152074782,0.0,0.0,0.0,0.0,0.0,0.0,0.0,0.0,0.0,0.41926720234326686,0.0,0.0,3.675e-09
2603.0,0.7965687668154874,0.015771863,0.458937351,0.007640827476424768,0.7889279393390626,0.0,0.0,0.0,0.0,0.0,0.0,0.0,0.0,0.0,0.372428203441109,0.0,0.0,3.675e-09
2604.0,0.848079162016731,0.062121607,0.446806422,0.030095397204836307,0.8179837648118946,0.0,0.0,0.0,0.0,0.0,0.0,0.0,0.0,0.0,0.3126746609899523,0.0,0.0,3.675e-09
2605.0,0.8774189492627493,0.171482304,0.464700781,0.08307621617838203,0.7943427330843672,0.0,0.0,0.0,0.0,0.0,0.0,0.0,0.0,0.0,0.38159795989508327,0.0,0.0,3.675e-09
2606.0,0.8986550275711117,0.32501844,0.616482009,0.15745824235835137,0.7411967852127602,0.0,0.0,0.0,0.0,0.0,0.0,0.0,0.0,0.0,0.8188313243006254,0.0,0.0,3.675e-09
2607.0,0.9190389040348207,0.475277595,0.694592943,0.23025270424965538,0.6887861997851653,0.0,0.0,0.0,0.0,0.0,0.0,0.0,0.0,0.0,1.0689042111764122,0.0,0.0,3.675e-09
2608.0,0.9353798258597059,0.595812091,0.716487299,0.28864677531746846,0.6467330505422375,0.0,0.0,0.0,0.0,0.0,0.0,0.0,0.0,0.0,1.166361752276772,0.0,0.0,3.675e-09
2609.0,0.949188617308095,0.673541447,0.7275812,0.326303493426775,0.6228851238813199,0.0,0.0,0.0,0.0,0.0,0.0,0.0,0.0,0.0,1.2182831622697212,0.0,0.0,3.675e-09
2610.0,0.9639853393832214,0.703541432,0.745317068,0.340837268522357,0.6231480708608645,0.0,0.0,0.0,0.0,0.0,0.0,0.0,0.0,0.0,1.2629014157513223,0.0,0.0,3.675e-09
2611.0,0.9790179197024987,0.683098142,0.764033639,0.3309333242679262,0.6480845954345725,0.0,0.0,0.0,0.0,0.0,0.0,0.0,0.0,0.0,1.2853277930100067,0.0,0.0,3.675e-09
2612.0,0.9891264177158888,0.618403043,0.786071665,0.29959117464177104,0.6895352430741176,0.0,0.0,0.0,0.0,0.0,0.0,0.0,0.0,0.0,1.299645098913753,0.0,0.0,3.675e-09
2613.0,0.9998490354971956,0.514680525,0.803390314,0.24934182455178092,0.7505072109454147,0.0,0.0,0.0,0.0,0.0,0.0,0.0,0.0,0.0,1.2824985450275634,0.0,0.0,3.675e-09
2614.0,1.0055318666830502,0.387127022,0.799164653,0.18754732947934527,0.8179845372037048,0.0,0.0,0.0,0.0,0.0,0.0,0.0,0.0,0.0,1.2043280438752197,0.0,0.0,3.675e-09
2615.0,1.0037584851865213,0.248671655,0.772297798,0.12047132378286703,0.8832871614036543,0.0,0.0,0.0,0.0,0.0,0.0,0.0,0.0,0.0,1.0710379546684523,0.0,0.0,3.675e-09
2616.0,1.0002117211935388,0.121006193,0.698924238,0.0586225891191141,0.9415891320744246,0.0,0.0,0.0,0.0,0.0,0.0,0.0,0.0,0.0,0.8270617641112963,0.0,0.0,3.675e-09
2617.0,1.0090541545186433,0.035341546,0.626195285,0.017121544597244465,0.9919326099213988,0.0,0.0,0.0,0.0,0.0,0.0,0.0,0.0,0.0,0.5926752657072081,0.0,0.0,3.675e-09
2618.0,0.9964936280985314,0.003249098,0.602436686,0.0015740561068782275,0.9949195719916532,0.0,0.0,0.0,0.0,0.0,0.0,0.0,0.0,0.0,0.5295663832215006,0.0,0.0,3.675e-09
2619.0,0.9463383008852388,5e-07,0.580146274,2.4222970604121933e-07,0.9463380586555329,0.0,0.0,0.0,0.0,0.0,0.0,0.0,0.0,0.0,0.5217412718954657,0.0,0.0,3.675e-09
2620.0,0.8866374192791091,0.0,0.566072401,0.0,0.8866374192791091,0.0,0.0,0.0,0.0,0.0,0.0,0.0,0.0,0.0,0.5458275102525703,0.0,0.0,3.675e-09
2621.0,0.8319829987659632,0.0,0.550702877,0.0,0.8319829987659632,0.0,0.0,0.0,0.0,0.0,0.0,0.0,0.0,0.0,0.5615888420464954,0.0,0.0,3.675e-09
2622.0,0.7887787932592459,0.0,0.539190734,0.0,0.7887787932592459,0.0,0.0,0.0,0.0,0.0,0.0,0.0,0.0,0.0,0.5756611890098143,0.0,0.0,3.675e-09
2623.0,0.7539542059192226,0.0,0.533957852,0.0,0.7539542059192226,0.0,0.0,0.0,0.0,0.0,0.0,0.0,0.0,0.0,0.5972437954086447,0.0,0.0,3.675e-09
2624.0,0.733343372541254,0.0,0.533005118,0.0,0.733343372541254,0.0,0.0,0.0,0.0,0.0,0.0,0.0,0.0,0.0,0.6154437038947416,0.0,0.0,3.675e-09
2625.0,0.7294539483443717,9.46e-06,0.524924872,4.5829860382998695e-06,0.7294493653583334,0.0,0.0,0.0,0.0,0.0,0.0,0.0,0.0,0.0,0.5988903813782432,0.0,0.0,3.675e-09
2626.0,0.7476305539755516,0.000924614,0.51832107,0.00044793795484319196,0.7471826160207083,0.0,0.0,0.0,0.0,0.0,0.0,0.0,0.0,0.0,0.5644459913812885,0.0,0.0,3.675e-09
2627.0,0.7998017954270552,0.011619538,0.508170132,0.005629194548149555,0.7941726008789056,0.0,0.0,0.0,0.0,0.0,0.0,0.0,0.0,0.0,0.49176872224432555,0.0,0.0,3.675e-09
2628.0,0.8490982452982382,0.064959512,0.492664558,0.03147024699268212,0.817627998305556,0.0,0.0,0.0,0.0,0.0,0.0,0.0,0.0,0.0,0.42907595707457213,0.0,0.0,3.675e-09
2629.0,0.8762218613817608,0.188954181,0.575416496,0.0915406314377787,0.7846812299439822,0.0,0.0,0.0,0.0,0.0,0.0,0.0,0.0,0.0,0.671429240974394,0.0,0.0,3.675e-09
2630.0,0.8949836609584473,0.35406934,0.698261414,0.1715322242928171,0.7234514366656302,0.0,0.0,0.0,0.0,0.0,0.0,0.0,0.0,0.0,1.0435221614699215,0.0,0.0,3.675e-09
2631.0,0.9159638555302154,0.511164383,0.762631224,0.24763839646566252,0.668325459064553,0.0,0.0,0.0,0.0,0.0,0.0,0.0,0.0,0.0,1.2615380718476676,0.0,0.0,3.675e-09
2632.0,0.9310654126567898,0.637993003,0.795056651,0.30908171514608945,0.6219836975107003,0.0,0.0,0.0,0.0,0.0,0.0,0.0,0.0,0.0,1.389933448664402,0.0,0.0,3.675e-09
2633.0,0.9429650928266416,0.724110842,0.819750804,0.3508023127978396,0.592162780028802,0.0,0.0,0.0,0.0,0.0,0.0,0.0,0.0,0.0,1.482243736895519,0.0,0.0,3.675e-09
2634.0,0.9569051633920937,0.758379324,0.838387325,0.36740400144051727,0.5895011619515764,0.0,0.0,0.0,0.0,0.0,0.0,0.0,0.0,0.0,1.5320656876330552,0.0,0.0,3.675e-09
2635.0,0.9707384299979473,0.739267501,0.849864643,0.3581450989061136,0.6125933310918338,0.0,0.0,0.0,0.0,0.0,0.0,0.0,0.0,0.0,1.5380172512221075,0.0,0.0,3.675e-09
2636.0,0.9835437139922518,0.670724245,0.847661245,0.32493867340213756,0.6586050405901143,0.0,0.0,0.0,0.0,0.0,0.0,0.0,0.0,0.0,1.486429770223177,0.0,0.0,3.675e-09
2637.0,0.9947803230793333,0.558737399,0.828944006,0.27068559182801094,0.7240947312513223,0.0,0.0,0.0,0.0,0.0,0.0,0.0,0.0,0.0,1.3735754873334873,0.0,0.0,3.675e-09
2638.0,1.0018983252228377,0.418160804,0.780778517,0.20258193726175985,0.7993163879610778,0.0,0.0,0.0,0.0,0.0,0.0,0.0,0.0,0.0,1.1764694679797316,0.0,0.0,3.675e-09
2639.0,1.000861442281322,0.264476862,0.676831153,0.12812830507392825,0.8727331372073938,0.0,0.0,0.0,0.0,0.0,0.0,0.0,0.0,0.0,0.8400104768148525,0.0,0.0,3.675e-09
2640.0,0.9969230667695862,0.126095227,0.543033287,0.06108801953882165,0.9358350472307645,0.0,0.0,0.0,0.0,0.0,0.0,0.0,0.0,0.0,0.4383286424697889,0.0,0.0,3.675e-09
2641.0,1.007305248179579,0.037779562,0.47470887,0.01830266439525204,0.9890025837843269,0.0,0.0,0.0,0.0,0.0,0.0,0.0,0.0,0.0,0.21226390935567896,0.0,0.0,3.675e-09
2642.0,0.9944621380328978,0.003573842,0.449623829,0.0017313813941955266,0.9927307566387022,0.0,0.0,0.0,0.0,0.0,0.0,0.0,0.0,0.0,0.14505721074225622,0.0,0.0,3.675e-09
2643.0,0.9456485288125688,1e-06,0.427693735,4.844594120824387e-07,0.9456480443531566,0.0,0.0,0.0,0.0,0.0,0.0,0.0,0.0,0.0,0.1366450949795907,0.0,0.0,3.675e-09
2644.0,0.8847616844879276,0.0,0.407740696,0.0,0.8847616844879276,0.0,0.0,0.0,0.0,0.0,0.0,0.0,0.0,0.0,0.14703962985108032,0.0,0.0,3.675e-09
2645.0,0.8301895907770661,0.0,0.395378801,0.0,0.8301895907770661,0.0,0.0,0.0,0.0,0.0,0.0,0.0,0.0,0.0,0.17032953948306628,0.0,0.0,3.675e-09
2646.0,0.786798480340901,0.0,0.387333104,0.0,0.786798480340901,0.0,0.0,0.0,0.0,0.0,0.0,0.0,0.0,0.0,0.19336074760677394,0.0,0.0,3.675e-09
2647.0,0.7543569436003777,0.0,0.380169838,0.0,0.7543569436003779,0.0,0.0,0.0,0.0,0.0,0.0,0.0,0.0,0.0,0.20767540286044178,0.0,0.0,3.675e-09
2648.0,0.7325312216814875,0.0,0.37565885,0.0,0.7325312216814875,0.0,0.0,0.0,0.0,0.0,0.0,0.0,0.0,0.0,0.2180859204766261,0.0,0.0,3.675e-09
2649.0,0.7304396551385233,1.59e-06,0.368005839,7.702904652110774e-07,0.7304388848480581,0.0,0.0,0.0,0.0,0.0,0.0,0.0,0.0,0.0,0.20081205990588258,0.0,0.0,3.675e-09
2650.0,0.7529306739726191,0.00076168,0.362451928,0.0003690030449949519,0.7525616709276242,0.0,0.0,0.0,0.0,0.0,0.0,0.0,0.0,0.0,0.1646349183848821,0.0,0.0,3.675e-09
2651.0,0.8040672563151928,0.017416874,0.355252214,0.008437768538353912,0.795629487776839,0.0,0.0,0.0,0.0,0.0,0.0,0.0,0.0,0.0,0.10334798717955469,0.0,0.0,3.675e-09
2652.0,0.8543338371531048,0.08555777,0.338364115,0.041449266953284505,0.8128845701998203,0.0,0.0,0.0,0.0,0.0,0.0,0.0,0.0,0.0,0.043357011783831424,0.0,0.0,3.675e-09
2653.0,0.8823741832234818,0.224560646,0.386362455,0.10879051853801264,0.7735836646854692,0.0,0.0,0.0,0.0,0.0,0.0,0.0,0.0,0.0,0.20411930387042346,0.0,0.0,3.675e-09
2654.0,0.9059443608164908,0.40038554,0.474589408,0.19397054331470973,0.711973817501781,0.0,0.0,0.0,0.0,0.0,0.0,0.0,0.0,0.0,0.48899037309687254,0.0,0.0,3.675e-09
2655.0,0.9283463763509212,0.568607234,0.561086184,0.27546712628946163,0.6528792500614597,0.0,0.0,0.0,0.0,0.0,0.0,0.0,0.0,0.0,0.7669678924682092,0.0,0.0,3.675e-09
2656.0,0.9409247034309662,0.704331859,0.59907246,0.34122019832207107,0.5997045051088952,0.0,0.0,0.0,0.0,0.0,0.0,0.0,0.0,0.0,0.9162681649635148,0.0,0.0,3.675e-09
2657.0,0.9509441981446908,0.79172934,0.626788905,0.38356073058481716,0.5673834675598737,0.0,0.0,0.0,0.0,0.0,0.0,0.0,0.0,0.0,1.0187265831084744,0.0,0.0,3.675e-09
2658.0,0.9641855963075062,0.822303033,0.65396908,0.39837244392078613,0.5658131523867201,0.0,0.0,0.0,0.0,0.0,0.0,0.0,0.0,0.0,1.0890772299092668,0.0,0.0,3.675e-09
2659.0,0.9751818974854157,0.792777944,0.676010991,0.3840687366621645,0.5911131608232513,0.0,0.0,0.0,0.0,0.0,0.0,0.0,0.0,0.0,1.1195550061369954,0.0,0.0,3.675e-09
2660.0,0.982718213137498,0.709253214,0.684296102,0.34360439507202,0.639113818065478,0.0,0.0,0.0,0.0,0.0,0.0,0.0,0.0,0.0,1.0925200962511343,0.0,0.0,3.675e-09
2661.0,0.9909643263546938,0.578387978,0.664970568,0.2802054997774305,0.7107588265772632,0.0,0.0,0.0,0.0,0.0,0.0,0.0,0.0,0.0,0.9719711848983552,0.0,0.0,3.675e-09
2662.0,0.9948671005465635,0.422779021,0.603911569,0.204819275954449,0.7900478245921145,0.0,0.0,0.0,0.0,0.0,0.0,0.0,0.0,0.0,0.7381703708237595,0.0,0.0,3.675e-09
2663.0,0.9894446027623243,0.257445954,0.523761875,0.12472211551784253,0.8647224872444816,0.0,0.0,0.0,0.0,0.0,0.0,0.0,0.0,0.0,0.4606742571257766,0.0,0.0,3.675e-09
2664.0,0.9856864576825048,0.117163843,0.457871879,0.05676112649709915,0.9289253311854058,0.0,0.0,0.0,0.0,0.0,0.0,0.0,0.0,0.0,0.22973459946589014,0.0,0.0,3.675e-09
2665.0,1.1792876660219531,0.031435064,0.43621687,0.015229012624213832,1.103861214292056,0.0,0.060197439105683107,0.0,0.0,0.0,0.0,0.0,0.0,0.0,0.0,0.0,0.0,0.006839048849999999
2666.0,0.9833189819105026,0.002582088,0.445554288,0.0012509168344251198,0.9820680650760774,0.0,0.0,0.0,0.0,0.0,0.0,0.0,0.0,0.0,0.14542179423338158,0.0,0.0,3.675e-09
2667.0,0.9405353157447984,1.4e-06,0.44176628,6.782431769154141e-07,0.9405346375016216,0.0,0.0,0.0,0.0,0.0,0.0,0.0,0.0,0.0,0.17736954230253077,0.0,0.0,3.675e-09
2668.0,0.8850954443618608,0.0,0.419739427,0.0,0.8850954443618608,0.0,0.0,0.0,0.0,0.0,0.0,0.0,0.0,0.0,0.1770690555449673,0.0,0.0,3.675e-09
2669.0,0.8286476168597425,0.0,0.390929351,0.0,0.8286476168597425,0.0,0.0,0.0,0.0,0.0,0.0,0.0,0.0,0.0,0.16061203304161364,0.0,0.0,3.675e-09
2670.0,0.7833273696525966,0.0,0.363625795,0.0,0.7833273696525966,0.0,0.0,0.0,0.0,0.0,0.0,0.0,0.0,0.0,0.13683972892067553,0.0,0.0,3.675e-09
2671.0,0.7502939644690351,0.0,0.339327098,0.0,0.7502939644690351,0.0,0.0,0.0,0.0,0.0,0.0,0.0,0.0,0.0,0.10838447783990075,0.0,0.0,3.675e-09
2672.0,0.7312629311607667,0.0,0.320928075,0.0,0.7312629311607667,0.0,0.0,0.0,0.0,0.0,0.0,0.0,0.0,0.0,0.08085617503040844,0.0,0.0,3.675e-09
2673.0,0.7268283650031895,6.44e-06,0.305947597,3.1199186138109053e-06,0.7268252450845757,0.0,0.0,0.0,0.0,0.0,0.0,0.0,0.0,0.0,0.04738526615529602,0.0,0.0,3.675e-09
2674.0,0.7456213152347966,0.001534891,0.295529761,0.0007435923914706264,0.7448777228433261,0.0,0.0,0.0,0.0,0.0,0.0,0.0,0.0,0.0,0.002970109903035034,0.0,0.0,3.675e-09
2675.0,0.7961170778194786,0.019826339,0.276637799,0.009605056535687124,0.7000410981886643,0.0,0.0864709230951272,0.0,0.0,0.0,0.0,0.0,0.0,0.0,0.0,0.0,0.0,0.006839048849999999
2676.0,0.8456894359197747,0.092470472,0.259236288,0.044798190500105604,0.6560059991724877,0.0,0.14488524624718152,0.0,0.0,0.0,0.0,0.0,0.0,0.0,0.0,0.0,0.0,0.006839048849999999
2677.0,0.8785759861588508,0.230137048,0.302403492,0.11149205897246797,0.7652420363414145,0.0,0.0018418908449682617,0.0,0.0,0.0,0.0,0.0,0.0,0.0,0.0,0.0,0.0,0.006839048849999999
2678.0,0.9059688369738799,0.398412669,0.351131976,0.19301476738993525,0.7129540695839446,0.0,0.0,0.0,0.0,0.0,0.0,0.0,0.0,0.0,0.1755970068660083,0.0,0.0,3.675e-09
2679.0,0.9315682788000873,0.55813411,0.391788428,0.27039332279375516,0.6611749560063321,0.0,0.0,0.0,0.0,0.0,0.0,0.0,0.0,0.0,0.33025861665135947,0.0,0.0,3.675e-09
2680.0,0.9520834343808592,0.683671941,0.408746596,0.3312113065941197,0.6208721277867395,0.0,0.0,0.0,0.0,0.0,0.0,0.0,0.0,0.0,0.4134746497652257,0.0,0.0,3.675e-09
2681.0,0.9654338603358588,0.76114475,0.425414368,0.3687437380946348,0.596690122241224,0.0,0.0,0.0,0.0,0.0,0.0,0.0,0.0,0.0,0.47983500352424135,0.0,0.0,3.675e-09
2682.0,0.977429219302832,0.783913114,0.44231027,0.3797740863321537,0.5976551329706783,0.0,0.0,0.0,0.0,0.0,0.0,0.0,0.0,0.0,0.5216256315170575,0.0,0.0,3.675e-09
2683.0,0.9845383211163699,0.75327715,0.450921148,0.36493220522413494,0.6196061158922349,0.0,0.0,0.0,0.0,0.0,0.0,0.0,0.0,0.0,0.5214647601177828,0.0,0.0,3.675e-09
2684.0,0.9904770360388188,0.671914739,0.446332209,0.3255154194254652,0.6649616166133535,0.0,0.0,0.0,0.0,0.0,0.0,0.0,0.0,0.0,0.46449679751078565,0.0,0.0,3.675e-09
2685.0,0.9936143858532652,0.550550216,0.425548671,0.2667192339652196,0.7268951518880457,0.0,0.0,0.0,0.0,0.0,0.0,0.0,0.0,0.0,0.3499698320600321,0.0,0.0,3.675e-09
2686.0,0.8693664174723822,0.405061298,0.39241282,0.1962357582864295,0.6731306591859526,0.0,0.0,0.0,0.0,0.0,0.0,0.0,0.0,0.0,0.3198829580750443,0.0,0.0,3.675e-09
2687.0,1.1018841191055313,0.249517006,0.352010867,0.12088086203133032,0.8907751391884947,0.0,0.09022811788570617,0.0,0.0,0.0,0.0,0.0,0.0,0.0,0.0,0.0,0.0,0.006839048849999999
2688.0,0.9629239802843167,0.115617258,0.331647895,0.056011868837263626,0.8392459651826495,0.0,0.06766614626440344,0.0,0.0,0.0,0.0,0.0,0.0,0.0,0.0,0.0,0.0,0.006839048849999999
2689.0,0.9574770063426883,0.032870152,0.35886529,0.015924254512980393,0.908120483251074,0.0,0.03343226857863391,0.0,0.0,0.0,0.0,0.0,0.0,0.0,0.0,0.0,0.0,0.006839048849999999
2690.0,0.9463472012152054,0.003478948,0.390015761,0.001685409102745376,0.94466179211246,0.0,0.0,0.0,0.0,0.0,0.0,0.0,0.0,0.0,0.04228598808343286,0.0,0.0,3.675e-09
2691.0,0.9125750726441202,2.22e-06,0.381522899,1.0754998948230138e-06,0.9125739971442255,0.0,0.0,0.0,0.0,0.0,0.0,0.0,0.0,0.0,0.05288231491992175,0.0,0.0,3.675e-09
2692.0,0.8662335173229567,0.0,0.356940481,0.0,0.8662335173229566,0.0,0.0,0.0,0.0,0.0,0.0,0.0,0.0,0.0,0.037016173104308596,0.0,0.0,3.675e-09
2693.0,0.8172352270057656,0.0,0.326255961,0.0,0.8172352270057655,0.0,0.0,0.0,0.0,0.0,0.0,0.0,0.0,0.0,0.008366270890181762,0.0,0.0,3.675e-09
2694.0,0.7771082958360889,0.0,0.296826088,0.0,0.751128231086617,0.0,0.025980064749471923,0.0,0.0,0.0,0.0,0.0,0.0,0.0,0.0,0.0,0.0,0.006839048849999999
2695.0,0.7444153260239168,0.0,0.272786574,0.0,0.6902954459744068,0.0,0.054119880049509884,0.0,0.0,0.0,0.0,0.0,0.0,0.0,0.0,0.0,0.0,0.006839048849999999
2696.0,0.7214014165540046,0.0,0.255997826,0.0,0.6478109639924896,0.0,0.07359045256151502,0.0,0.0,0.0,0.0,0.0,0.0,0.0,0.0,0.0,0.0,0.006839048849999999
2697.0,0.7115866284295856,3.7e-06,0.238592663,1.792499824705023e-06,0.6037666234695493,0.0,0.10781821246021167,0.0,0.0,0.0,0.0,0.0,0.0,0.0,0.0,0.0,0.0,0.006839048849999999
2698.0,0.7123164514871428,0.001438792,0.222869126,0.0006970363264289161,0.5639776931473771,0.0,0.14764172201333678,0.0,0.0,0.0,0.0,0.0,0.0,0.0,0.0,0.0,0.0,0.006839048849999999
2699.0,0.7229144646489181,0.022092285,0.206394366,0.010702815402657679,0.5222877681823701,0.0,0.18992388106389027,0.0,0.0,0.0,0.0,0.0,0.0,0.0,0.0,0.0,0.0,0.006839048849999999
2700.0,0.7379381446382289,0.094143778,0.191483709,0.045608839341099626,0.4845558575803974,0.0,0.20777344771673187,0.0,0.0,0.0,0.0,0.0,0.0,0.0,0.0,0.0,0.0,0.006839048849999999
2701.0,0.7741200247987138,0.220559695,0.178678881,0.10685222016878199,0.4521528168981769,0.0,0.2151149877317549,0.0,0.0,0.0,0.0,0.0,0.0,0.0,0.0,0.0,0.0,0.006839048849999999
2702.0,0.8124090483295102,0.374976565,0.199933274,0.18166092622459235,0.5059377612219041,0.0,0.12481036088301385,0.0,0.0,0.0,0.0,0.0,0.0,0.0,0.0,0.0,0.0,0.006839048849999999
2703.0,0.8428724959842743,0.522458042,0.233261225,0.25310971586506203,0.5897627801192122,0.0,0.0,0.0,0.0,0.0,0.0,0.0,0.0,0.0,0.0005124631921079102,0.0,0.0,3.675e-09
2704.0,0.8634010015600335,0.639854012,0.256702915,0.3099832984721097,0.5534177030879238,0.0,0.0,0.0,0.0,0.0,0.0,0.0,0.0,0.0,0.0961775119348479,0.0,0.0,3.675e-09
2705.0,0.8759036763353253,0.716202943,0.28178747,0.3469712566974923,0.528932419637833,0.0,0.0,0.0,0.0,0.0,0.0,0.0,0.0,0.0,0.18414009130491515,0.0,0.0,3.675e-09
2706.0,0.8825655388178753,0.739178623,0.309319915,0.35810204112248656,0.5244634976953887,0.0,0.0,0.0,0.0,0.0,0.0,0.0,0.0,0.0,0.25828077575881225,0.0,0.0,3.675e-09
2707.0,0.8888224387867597,0.708922868,0.336717635,0.3434443558430763,0.5453780829436835,0.0,0.0,0.0,0.0,0.0,0.0,0.0,0.0,0.0,0.3066970269544032,0.0,0.0,3.675e-09
2708.0,0.896841595089696,0.626873686,0.359309163,0.3036948573695113,0.5931467377201846,0.0,0.0,0.0,0.0,0.0,0.0,0.0,0.0,0.0,0.31609698083531823,0.0,0.0,3.675e-09
2709.0,0.9065629302494286,0.504632562,0.363567417,0.24447399430417474,0.6620889359452539,0.0,0.0,0.0,0.0,0.0,0.0,0.0,0.0,0.0,0.257930435168583,0.0,0.0,3.675e-09
2710.0,0.91398131777936,0.365014841,0.353979277,0.17683487527222483,0.7371464425071351,0.0,0.0,0.0,0.0,0.0,0.0,0.0,0.0,0.0,0.15860982327745984,0.0,0.0,3.675e-09
2711.0,0.9140769955765568,0.217620681,0.341314619,0.10542838717423993,0.8086486084023169,0.0,0.0,0.0,0.0,0.0,0.0,0.0,0.0,0.0,0.05505932152017896,0.0,0.0,3.675e-09
2712.0,0.9047250216106236,0.097136231,0.336093895,0.04705856136216396,0.8504967152023414,0.0,0.007169745046118286,0.0,0.0,0.0,0.0,0.0,0.0,0.0,0.0,0.0,0.0,0.006839048849999999
2713.0,0.9054926708205573,0.027613602,0.354572316,0.013377669390398453,0.8921150014301588,0.0,0.0,0.0,0.0,0.0,0.0,0.0,0.0,0.0,0.005141969154464966,0.0,0.0,3.675e-09
2714.0,0.9008978997235072,0.002547381,0.370309651,0.0012341027016099747,0.8996637970218972,0.0,0.0,0.0,0.0,0.0,0.0,0.0,0.0,0.0,0.03741702018016919,0.0,0.0,3.675e-09
2715.0,0.871513610827656,2.68e-06,0.376521463,1.2983512243809357e-06,0.8715123124764317,0.0,0.0,0.0,0.0,0.0,0.0,0.0,0.0,0.0,0.0812877004029453,0.0,0.0,3.675e-09
2716.0,0.8320653255682476,0.0,0.380138675,0.0,0.8320653255682476,0.0,0.0,0.0,0.0,0.0,0.0,0.0,0.0,0.0,0.12988816189057825,0.0,0.0,3.675e-09
2717.0,0.7896109696114558,0.0,0.369453451,0.0,0.7896109696114558,0.0,0.0,0.0,0.0,0.0,0.0,0.0,0.0,0.0,0.14530320517791137,0.0,0.0,3.675e-09
2718.0,0.7516668331169193,0.0,0.354424343,0.0,0.7516668331169193,0.0,0.0,0.0,0.0,0.0,0.0,0.0,0.0,0.0,0.14521568689805445,0.0,0.0,3.675e-09
2719.0,0.7221290147790513,0.0,0.34058653,0.0,0.7221290147790513,0.0,0.0,0.0,0.0,0.0,0.0,0.0,0.0,0.0,0.1397364618526017,0.0,0.0,3.675e-09
2720.0,0.7023748339106819,0.0,0.329148238,0.0,0.7023748339106819,0.0,0.0,0.0,0.0,0.0,0.0,0.0,0.0,0.0,0.13054566657516747,0.0,0.0,3.675e-09
2721.0,0.6914252592151153,6.82e-06,0.31142254,3.3040131904022316e-06,0.691421955201925,0.0,0.0,0.0,0.0,0.0,0.0,0.0,0.0,0.0,0.09664308034407873,0.0,0.0,3.675e-09
2722.0,0.692146181942706,0.001752964,0.303400186,0.0008492399088416801,0.6912969420338644,0.0,0.0,0.0,0.0,0.0,0.0,0.0,0.0,0.0,0.07646726143308484,0.0,0.0,3.675e-09
2723.0,0.6968433073343338,0.024552961,0.301709324,0.011894913050943047,0.6849483942833907,0.0,0.0,0.0,0.0,0.0,0.0,0.0,0.0,0.0,0.07853702697937573,0.0,0.0,3.675e-09
2724.0,0.7083402488231058,0.090204179,0.284385961,0.043700263525719055,0.6646399852973868,0.0,0.0,0.0,0.0,0.0,0.0,0.0,0.0,0.0,0.055008093047390134,0.0,0.0,3.675e-09
2725.0,0.7330719139771616,0.202724131,0.257586536,0.09821161331918328,0.6348603006579784,0.0,0.0,0.0,0.0,0.0,0.0,0.0,0.0,0.0,0.016970946524746216,0.0,0.0,3.675e-09
2726.0,0.7643541879891483,0.344767102,0.298702192,0.16702566754028617,0.5973285204488622,0.0,0.0,0.0,0.0,0.0,0.0,0.0,0.0,0.0,0.1585472538484934,0.0,0.0,3.675e-09
2727.0,0.7943436963229498,0.481854965,0.365439842,0.23343917305290407,0.5609045232700457,0.0,0.0,0.0,0.0,0.0,0.0,0.0,0.0,0.0,0.3638530812233734,0.0,0.0,3.675e-09
2728.0,0.8156042497887767,0.587551324,0.409617368,0.2846447689932984,0.5309594807954782,0.0,0.0,0.0,0.0,0.0,0.0,0.0,0.0,0.0,0.5055908140970509,0.0,0.0,3.675e-09
2729.0,0.8353829068145353,0.653229449,0.44848333,0.31646315481747533,0.51891975199706,0.0,0.0,0.0,0.0,0.0,0.0,0.0,0.0,0.0,0.6159821449505409,0.0,0.0,3.675e-09
2730.0,0.8524225010420571,0.67149666,0.482748431,0.3253128771189212,0.5271096239231359,0.0,0.0,0.0,0.0,0.0,0.0,0.0,0.0,0.0,0.6945012441784228,0.0,0.0,3.675e-09
2731.0,0.8668253867659196,0.64149215,0.50979025,0.31077690984449957,0.5560484769214199,0.0,0.0,0.0,0.0,0.0,0.0,0.0,0.0,0.0,0.7339926083746413,0.0,0.0,3.675e-09
2732.0,0.8798976786593709,0.564324628,0.526017693,0.27339237750452094,0.6065053011548499,0.0,0.0,0.0,0.0,0.0,0.0,0.0,0.0,0.0,0.7245998652594754,0.0,0.0,3.675e-09
2733.0,0.8966858398152437,0.451002409,0.532719152,0.21849236191190352,0.6781934779033402,0.0,0.0,0.0,0.0,0.0,0.0,0.0,0.0,0.0,0.6698699521133724,0.0,0.0,3.675e-09
2734.0,0.9133983486663637,0.325010273,0.527360498,0.1574542857783329,0.7559440628880308,0.0,0.0,0.0,0.0,0.0,0.0,0.0,0.0,0.0,0.5785591159824779,0.0,0.0,3.675e-09
2735.0,0.9215354340913753,0.196409571,0.513610384,0.095152465294024,0.8263829687973512,0.0,0.0,0.0,0.0,0.0,0.0,0.0,0.0,0.0,0.47332509190935484,0.0,0.0,3.675e-09
2736.0,0.9219715472599614,0.091936799,0.501258047,0.04453964759228134,0.8774318996676801,0.0,0.0,0.0,0.0,0.0,0.0,0.0,0.0,0.0,0.39101816379521304,0.0,0.0,3.675e-09
2737.0,0.933428438763771,0.026027216,0.484167844,0.01260912976150264,0.9208193090022683,0.0,0.0,0.0,0.0,0.0,0.0,0.0,0.0,0.0,0.3043834306327368,0.0,0.0,3.675e-09
2738.0,0.9305046948686722,0.002548244,0.473507729,0.0012345207900826018,0.9292701740785895,0.0,0.0,0.0,0.0,0.0,0.0,0.0,0.0,0.0,0.2689567920417577,0.0,0.0,3.675e-09
2739.0,0.8951861417153177,3.82e-06,0.458403123,1.8506349541549156e-06,0.8951842910803637,0.0,0.0,0.0,0.0,0.0,0.0,0.0,0.0,0.0,0.2648199700800331,0.0,0.0,3.675e-09
2740.0,0.844777156597866,0.0,0.439726103,0.0,0.844777156597866,0.0,0.0,0.0,0.0,0.0,0.0,0.0,0.0,0.0,0.2679642878435051,0.0,0.0,3.675e-09
2741.0,0.7985691062262005,0.0,0.426614621,0.0,0.7985691062262005,0.0,0.0,0.0,0.0,0.0,0.0,0.0,0.0,0.0,0.28099329944555956,0.0,0.0,3.675e-09
2742.0,0.7577501771514185,0.0,0.41832785,0.0,0.7577501771514185,0.0,0.0,0.0,0.0,0.0,0.0,0.0,0.0,0.0,0.3008422804790834,0.0,0.0,3.675e-09
2743.0,0.7296809062585561,0.0,0.411999705,0.0,0.7296809062585561,0.0,0.0,0.0,0.0,0.0,0.0,0.0,0.0,0.0,0.3128979711912522,0.0,0.0,3.675e-09
2744.0,0.714677251761689,0.0,0.405018894,0.0,0.714677251761689,0.0,0.0,0.0,0.0,0.0,0.0,0.0,0.0,0.0,0.31023645261215976,0.0,0.0,3.675e-09
2745.0,0.7128927451026831,1.73e-05,0.385985431,8.38114782902619e-06,0.7128843639548541,0.0,0.0,0.0,0.0,0.0,0.0,0.0,0.0,0.0,0.26386453290166284,0.0,0.0,3.675e-09
2746.0,0.7372661732254918,0.002246404,0.360815457,0.0010882915611396386,0.7361778816643522,0.0,0.0,0.0,0.0,0.0,0.0,0.0,0.0,0.0,0.17687756366806517,0.0,0.0,3.675e-09
2747.0,0.791920593738638,0.019016909,0.345818969,0.009212920553765236,0.7827076731848727,0.0,0.0,0.0,0.0,0.0,0.0,0.0,0.0,0.0,0.09239866336182459,0.0,0.0,3.675e-09
2748.0,0.846886524800688,0.06980187,0.321417749,0.03381617290245482,0.8130703518982332,0.0,0.0,0.0,0.0,0.0,0.0,0.0,0.0,0.0,0.0002878905424118652,0.0,0.0,3.675e-09
2749.0,0.8829015245242439,0.172859921,0.282632339,0.08374361570027679,0.7152104798852555,0.0,0.08394742893871154,0.0,0.0,0.0,0.0,0.0,0.0,0.0,0.0,0.0,0.0,0.006839048849999999
2750.0,0.9137432347026987,0.307106638,0.320178823,0.1487807012920943,0.7649625334106045,0.0,0.0,0.0,0.0,0.0,0.0,0.0,0.0,0.0,0.04526056581841284,0.0,0.0,3.675e-09
2751.0,0.9431942755733363,0.444868656,0.368274025,0.21552080753966465,0.7276734680336716,0.0,0.0,0.0,0.0,0.0,0.0,0.0,0.0,0.0,0.20425613026160536,0.0,0.0,3.675e-09
2752.0,0.9672050169998772,0.558928637,0.384363606,0.27077823887705876,0.6964267781228185,0.0,0.0,0.0,0.0,0.0,0.0,0.0,0.0,0.0,0.2762180369409215,0.0,0.0,3.675e-09
2753.0,0.987891502682599,0.636041139,0.400638992,0.30813611626018467,0.6797553864224143,0.0,0.0,0.0,0.0,0.0,0.0,0.0,0.0,0.0,0.3340748311064617,0.0,0.0,3.675e-09
2754.0,1.0084133337608268,0.666491853,0.418034076,0.3228882512621151,0.6855250824987117,0.0,0.0,0.0,0.0,0.0,0.0,0.0,0.0,0.0,0.3723239703103136,0.0,0.0,3.675e-09
2755.0,1.0254173266684825,0.648003195,0.434778646,0.3139312468772419,0.7114860797912407,0.0,0.0,0.0,0.0,0.0,0.0,0.0,0.0,0.0,0.3887356611098301,0.0,0.0,3.675e-09
2756.0,1.0379333514387616,0.583564685,0.445997999,0.2827134042071735,0.7552199472315881,0.0,0.0,0.0,0.0,0.0,0.0,0.0,0.0,0.0,0.37339273743594265,0.0,0.0,3.675e-09
2757.0,1.046344120260376,0.479909764,0.447308452,0.23249680212006188,0.8138473181403142,0.0,0.0,0.0,0.0,0.0,0.0,0.0,0.0,0.0,0.31808151117758887,0.0,0.0,3.675e-09
2758.0,1.0453695386287014,0.355063255,0.437270318,0.172013735769377,0.8733558028593245,0.0,0.0,0.0,0.0,0.0,0.0,0.0,0.0,0.0,0.23317119643199952,0.0,0.0,3.675e-09
2759.0,1.0394419498686542,0.219086334,0.42435461,0.10613843656493678,0.9333035133037174,0.0,0.0,0.0,0.0,0.0,0.0,0.0,0.0,0.0,0.14053985979882203,0.0,0.0,3.675e-09
2760.0,1.0359841891753374,0.099640707,0.408883352,0.048271878332698526,0.9877123108426389,0.0,0.0,0.0,0.0,0.0,0.0,0.0,0.0,0.0,0.04698053228955408,0.0,0.0,3.675e-09
2761.0,1.0356838047888348,0.029108862,0.399894088,0.014102062170908838,1.011945213324497,0.0,0.009636529293429077,0.0,0.0,0.0,0.0,0.0,0.0,0.0,0.0,0.0,0.0,0.006839048849999999
2762.0,1.0228540446371412,0.003766525,0.385707813,0.0018247284870938074,0.9760463753272847,0.0,0.044982940822762815,0.0,0.0,0.0,0.0,0.0,0.0,0.0,0.0,0.0,0.0,0.006839048849999999
2763.0,0.9745544267225867,7.62e-06,0.371847938,3.6915807200681822e-06,0.9409735033234208,0.0,0.03357723181844592,0.0,0.0,0.0,0.0,0.0,0.0,0.0,0.0,0.0,0.0,0.006839048849999999
2764.0,0.9126507249488734,0.0,0.358988359,0.0,0.908431913425202,0.0,0.004218811523671387,0.0,0.0,0.0,0.0,0.0,0.0,0.0,0.0,0.0,0.0,0.006839048849999999
2765.0,0.8549635327484443,0.0,0.347112164,0.0,0.8549635327484444,0.0,0.0,0.0,0.0,0.0,0.0,0.0,0.0,0.0,0.02341527650894031,0.0,0.0,3.675e-09
2766.0,0.8099525702577673,0.0,0.333186201,0.0,0.8099525702577673,0.0,0.0,0.0,0.0,0.0,0.0,0.0,0.0,0.0,0.03318612912636499,0.0,0.0,3.675e-09
2767.0,0.7735837831679853,0.0,0.319972492,0.0,0.7735837831679853,0.0,0.0,0.0,0.0,0.0,0.0,0.0,0.0,0.0,0.03611718864260803,0.0,0.0,3.675e-09
2768.0,0.7527393173783009,0.0,0.302070452,0.0,0.7527393173783009,0.0,0.0,0.0,0.0,0.0,0.0,0.0,0.0,0.0,0.011659950230194581,0.0,0.0,3.675e-09
2769.0,0.7466648736737683,2.08e-05,0.282097795,1.0076755771314726e-05,0.7138577986170309,0.0,0.032796998300966065,0.0,0.0,0.0,0.0,0.0,0.0,0.0,0.0,0.0,0.0,0.006839048849999999
2770.0,0.7671043759498621,0.002097302,0.265101155,0.0010160576938793228,0.6708472390545707,0.0,0.09524107920141223,0.0,0.0,0.0,0.0,0.0,0.0,0.0,0.0,0.0,0.0,0.006839048849999999
2771.0,0.8192088654265791,0.024210338,0.242541834,0.011728926113797125,0.613760131275671,0.0,0.19371980803711097,0.0,0.0,0.0,0.0,0.0,0.0,0.0,0.0,0.0,0.0,0.006839048849999999
2772.0,0.8710752718266348,0.097048689,0.213331011,0.047016150816311435,0.5398411777348546,0.0,0.2842179432754687,0.0,0.0,0.0,0.0,0.0,0.0,0.0,0.0,0.0,0.0,0.006839048849999999
2773.0,0.9067943378286338,0.222214911,0.209782496,0.10765410513901143,0.5308615431855683,0.0,0.26827868950405404,0.0,0.0,0.0,0.0,0.0,0.0,0.0,0.0,0.0,0.0,0.006839048849999999
2774.0,0.9182690289924518,0.380395379,0.258250799,0.18428612166921643,0.6535121866699783,0.0,0.08047072065325696,0.0,0.0,0.0,0.0,0.0,0.0,0.0,0.0,0.0,0.0,0.006839048849999999
2775.0,0.971959994036325,0.533925514,0.312653765,0.25866524060825385,0.7132947534280711,0.0,0.0,0.0,0.0,0.0,0.0,0.0,0.0,0.0,0.07788593769440454,0.0,0.0,3.675e-09
2776.0,0.9949160528613418,0.64918367,0.320901622,0.31450313910171984,0.680412913759622,0.0,0.0,0.0,0.0,0.0,0.0,0.0,0.0,0.0,0.1316392522403093,0.0,0.0,3.675e-09
2777.0,1.0140360884693507,0.723712049,0.322495742,0.350609113775517,0.6634269746938337,0.0,0.0,0.0,0.0,0.0,0.0,0.0,0.0,0.0,0.1526591646802295,0.0,0.0,3.675e-09
2778.0,1.0323906996999366,0.747399584,0.335517517,0.3620847630552992,0.6703059366446373,0.0,0.0,0.0,0.0,0.0,0.0,0.0,0.0,0.0,0.17873223496911889,0.0,0.0,3.675e-09
2779.0,1.046268467955623,0.719254852,0.359360251,0.3484497827373614,0.6978186852182615,0.0,0.0,0.0,0.0,0.0,0.0,0.0,0.0,0.0,0.21155431321061205,0.0,0.0,3.675e-09
2780.0,1.0584818825069644,0.643637164,0.388287335,0.31181608206584815,0.7466658004411162,0.0,0.0,0.0,0.0,0.0,0.0,0.0,0.0,0.0,0.23590814060643298,0.0,0.0,3.675e-09
2781.0,1.0699343233458285,0.527997526,0.405997741,0.25579337102694216,0.8141409523188864,0.0,0.0,0.0,0.0,0.0,0.0,0.0,0.0,0.0,0.21324975675683497,0.0,0.0,3.675e-09
2782.0,1.0726533606516218,0.391560625,0.415324795,0.18969523018213225,0.8829581304694895,0.0,0.0,0.0,0.0,0.0,0.0,0.0,0.0,0.0,0.16803499717891932,0.0,0.0,3.675e-09
2783.0,1.061459027381938,0.24328289,0.413428249,0.11786068585911659,0.9435983415228214,0.0,0.0,0.0,0.0,0.0,0.0,0.0,0.0,0.0,0.10259551375787561,0.0,0.0,3.675e-09
2784.0,1.0475367584763438,0.11563247,0.417894348,0.05601923843384023,0.9915175200425035,0.0,0.0,0.0,0.0,0.0,0.0,0.0,0.0,0.0,0.06597794644201624,0.0,0.0,3.675e-09
2785.0,1.0454518664309107,0.038164954,0.401456286,0.018489371176993317,1.015898407022037,0.0,0.01106408823188037,0.0,0.0,0.0,0.0,0.0,0.0,0.0,0.0,0.0,0.0,0.006839048849999999
2786.0,1.0284678990156986,0.00475204,0.370975217,0.002302170504592232,0.9387650539739077,0.0,0.0874006745371986,0.0,0.0,0.0,0.0,0.0,0.0,0.0,0.0,0.0,0.0,0.006839048849999999
2787.0,0.9777429536843218,5.46e-06,0.340255545,2.6451483899701153e-06,0.8610279081441884,0.0,0.11671240039174353,0.0,0.0,0.0,0.0,0.0,0.0,0.0,0.0,0.0,0.0,0.006839048849999999
2788.0,0.9148846967713022,0.0,0.310447933,0.0,0.7855987603043387,0.0,0.1292859364669635,0.0,0.0,0.0,0.0,0.0,0.0,0.0,0.0,0.0,0.0,0.006839048849999999
2789.0,0.8594848763732518,0.0,0.29127392,0.0,0.7370782863643198,0.0,0.122406590008932,0.0,0.0,0.0,0.0,0.0,0.0,0.0,0.0,0.0,0.0,0.006839048849999999
2790.0,0.8141512791711185,0.0,0.277450576,0.0,0.7020978572639578,0.0,0.11205342190716076,0.0,0.0,0.0,0.0,0.0,0.0,0.0,0.0,0.0,0.0,0.006839048849999999
2791.0,0.7798762844567357,0.0,0.265944052,0.0,0.6729802177858681,0.0,0.10689606667086755,0.0,0.0,0.0,0.0,0.0,0.0,0.0,0.0,0.0,0.0,0.006839048849999999
2792.0,0.7580194108830004,0.0,0.262263558,0.0,0.6636666060128191,0.0,0.09435280487018127,0.0,0.0,0.0,0.0,0.0,0.0,0.0,0.0,0.0,0.0,0.006839048849999999
2793.0,0.7534602401058915,1.35e-05,0.258943877,6.540202063112922e-06,0.6552660434675827,0.0,0.09818765643624573,0.0,0.0,0.0,0.0,0.0,0.0,0.0,0.0,0.0,0.0,0.006839048849999999
2794.0,0.7714521646402092,0.001863902,0.261626701,0.0009029848670992815,0.6620550183148228,0.0,0.10849416145828698,0.0,0.0,0.0,0.0,0.0,0.0,0.0,0.0,0.0,0.0,0.006839048849999999
2795.0,0.8166722843851374,0.023218164,0.263415757,0.011248258081073643,0.6665822836830707,0.0,0.13884174262099316,0.0,0.0,0.0,0.0,0.0,0.0,0.0,0.0,0.0,0.0,0.006839048849999999
2796.0,0.8663937222624296,0.0940812,0.256068677,0.04557852284001033,0.6479902547908803,0.0,0.17282494463153883,0.0,0.0,0.0,0.0,0.0,0.0,0.0,0.0,0.0,0.0,0.006839048849999999
2797.0,0.899576207222987,0.222363258,0.255197866,0.10772597323941563,0.6457866387595267,0.0,0.1460635952240447,0.0,0.0,0.0,0.0,0.0,0.0,0.0,0.0,0.0,0.0,0.006839048849999999
2798.0,0.9265151432095723,0.384616216,0.298803242,0.18633094588073223,0.7401841973288401,0.0,0.0,0.0,0.0,0.0,0.0,0.0,0.0,0.0,0.015947287335022584,0.0,0.0,3.675e-09
2799.0,0.9527687557885837,0.537583515,0.360504543,0.2604373936221108,0.6923313621664727,0.0,0.0,0.0,0.0,0.0,0.0,0.0,0.0,0.0,0.21993730500768494,0.0,0.0,3.675e-09
2800.0,0.9733128371917655,0.659841683,0.369214226,0.3196665138136669,0.6536463233780986,0.0,0.0,0.0,0.0,0.0,0.0,0.0,0.0,0.0,0.2806624846381105,0.0,0.0,3.675e-09
2801.0,0.9901566251599483,0.744533432,0.360839009,0.3606962287424403,0.629460396417508,0.0,0.0,0.0,0.0,0.0,0.0,0.0,0.0,0.0,0.2836546480297235,0.0,0.0,3.675e-09
2802.0,1.0057254481098787,0.78036178,0.352217527,0.3780536091504053,0.6276718389594734,0.0,0.0,0.0,0.0,0.0,0.0,0.0,0.0,0.0,0.2636262601928246,0.0,0.0,3.675e-09
2803.0,1.0181235437580824,0.763004546,0.349405292,0.369644733771388,0.6484788099866944,0.0,0.0,0.0,0.0,0.0,0.0,0.0,0.0,0.0,0.23570283550351892,0.0,0.0,3.675e-09
2804.0,1.0259758196240896,0.692796799,0.347311494,0.33563192993613544,0.6903438896879541,0.0,0.0,0.0,0.0,0.0,0.0,0.0,0.0,0.0,0.18853933072584644,0.0,0.0,3.675e-09
2805.0,1.0336500898906906,0.577816517,0.345268416,0.2799286501173424,0.7537214397733483,0.0,0.0,0.0,0.0,0.0,0.0,0.0,0.0,0.0,0.11999170420124133,0.0,0.0,3.675e-09
2806.0,1.0371812770563258,0.434798898,0.336432301,0.2106424184991722,0.8265388585571536,0.0,0.0,0.0,0.0,0.0,0.0,0.0,0.0,0.0,0.024814204218549196,0.0,0.0,3.675e-09
2807.0,1.0338013945001974,0.278568813,0.32106781,0.1349552833704828,0.8124727102294123,0.0,0.08637340090030236,0.0,0.0,0.0,0.0,0.0,0.0,0.0,0.0,0.0,0.0,0.006839048849999999
2808.0,1.0234881898975017,0.140324974,0.318815769,0.06798175440452349,0.8067738460087427,0.0,0.1487325894842356,0.0,0.0,0.0,0.0,0.0,0.0,0.0,0.0,0.0,0.0,0.006839048849999999
2809.0,1.0259402183042234,0.047653429,0.317963678,0.02308615219705223,0.8046176015564195,0.0,0.1982364645507517,0.0,0.0,0.0,0.0,0.0,0.0,0.0,0.0,0.0,0.0,0.006839048849999999
2810.0,1.0085401622129442,0.00590537,0.320352827,0.0028609120783292708,0.8106634221049567,0.0,0.19501582802965833,0.0,0.0,0.0,0.0,0.0,0.0,0.0,0.0,0.0,0.0,0.006839048849999999
2811.0,0.963133137538568,1.97e-05,0.318595253,9.543850418024043e-06,0.806215822978751,0.0,0.15690777070939893,0.0,0.0,0.0,0.0,0.0,0.0,0.0,0.0,0.0,0.0,0.006839048849999999
2812.0,0.9051522354491679,0.0,0.305874189,0.0,0.7740247498684265,0.0,0.13112748558074133,0.0,0.0,0.0,0.0,0.0,0.0,0.0,0.0,0.0,0.0,0.006839048849999999
2813.0,0.8499882732952682,0.0,0.290264741,0.0,0.7345245255334328,0.0,0.11546374776183532,0.0,0.0,0.0,0.0,0.0,0.0,0.0,0.0,0.0,0.0,0.006839048849999999
2814.0,0.8048705078449175,0.0,0.275473194,0.0,0.6970940267251726,0.0,0.10777648111974487,0.0,0.0,0.0,0.0,0.0,0.0,0.0,0.0,0.0,0.0,0.006839048849999999
2815.0,0.7708892220195811,0.0,0.265357421,0.0,0.6714957286417381,0.0,0.0993934933778429,0.0,0.0,0.0,0.0,0.0,0.0,0.0,0.0,0.0,0.0,0.006839048849999999
2816.0,0.7506744518252363,0.0,0.263161522,0.0,0.665938933608564,0.0,0.08473551821667225,0.0,0.0,0.0,0.0,0.0,0.0,0.0,0.0,0.0,0.0,0.006839048849999999
2817.0,0.7477039814477943,4.2e-05,0.257471756,2.0347295307462423e-05,0.651540792597196,0.0,0.09614284155529078,0.0,0.0,0.0,0.0,0.0,0.0,0.0,0.0,0.0,0.0,0.006839048849999999
2818.0,0.7683014648307753,0.002749144,0.254394306,0.0013318486859699636,0.6437532036075196,0.0,0.12321641253728564,0.0,0.0,0.0,0.0,0.0,0.0,0.0,0.0,0.0,0.0,0.006839048849999999
2819.0,0.8183655639118922,0.02579197,0.250472664,0.012495162622647896,0.633829358846223,0.0,0.17204104244302124,0.0,0.0,0.0,0.0,0.0,0.0,0.0,0.0,0.0,0.0,0.006839048849999999
2820.0,0.8711620492938649,0.098462266,0.235147175,0.047700971498664695,0.5950477021506451,0.0,0.2284133756445552,0.0,0.0,0.0,0.0,0.0,0.0,0.0,0.0,0.0,0.0,0.006839048849999999
2821.0,0.9043957114017112,0.23692083,0.227374373,0.11477852601188339,0.5753783696597403,0.0,0.2142388157300874,0.0,0.0,0.0,0.0,0.0,0.0,0.0,0.0,0.0,0.0,0.006839048849999999
2822.0,0.9328432448182642,0.409489344,0.237975107,0.19838096684826345,0.6022038775902959,0.0,0.13225840037970482,0.0,0.0,0.0,0.0,0.0,0.0,0.0,0.0,0.0,0.0,0.006839048849999999
2823.0,0.9637494821389953,0.570608432,0.244426846,0.2764366254960022,0.6185302164749782,0.0,0.06878264016801489,0.0,0.0,0.0,0.0,0.0,0.0,0.0,0.0,0.0,0.0,0.006839048849999999
2824.0,0.9824000280910626,0.697714105,0.236166576,0.3380141651099249,0.5976273300905514,0.0,0.046758532890586305,0.0,0.0,0.0,0.0,0.0,0.0,0.0,0.0,0.0,0.0,0.006839048849999999
2825.0,1.0027705535598594,0.779624326,0.226166187,0.3776963426191275,0.5723210150346185,0.0,0.0527531959061134,0.0,0.0,0.0,0.0,0.0,0.0,0.0,0.0,0.0,0.0,0.006839048849999999
2826.0,1.0205088201900179,0.810851352,0.22027491,0.39282456927617054,0.5574129437742135,0.0,0.0702713071396338,0.0,0.0,0.0,0.0,0.0,0.0,0.0,0.0,0.0,0.0,0.006839048849999999
2827.0,1.0351164115032612,0.790322659,0.21672981,0.38287925073456963,0.5484419509953539,0.0,0.10379520977333759,0.0,0.0,0.0,0.0,0.0,0.0,0.0,0.0,0.0,0.0,0.006839048849999999
2828.0,1.0440923477780142,0.719916002,0.212709784,0.3487700830776598,0.5382691422687091,0.0,0.1570531224316452,0.0,0.0,0.0,0.0,0.0,0.0,0.0,0.0,0.0,0.0,0.006839048849999999
2829.0,1.0515285359678785,0.60534506,0.204597684,0.2932651118746085,0.5177412049689468,0.0,0.24052221912432326,0.0,0.0,0.0,0.0,0.0,0.0,0.0,0.0,0.0,0.0,0.006839048849999999
2830.0,1.055028572478593,0.460483817,0.195092668,0.22308571925729728,0.4936884476704374,0.0,0.3382544055508584,0.0,0.0,0.0,0.0,0.0,0.0,0.0,0.0,0.0,0.0,0.006839048849999999
2831.0,1.0492389373331403,0.297880426,0.185737197,0.14431097605082635,0.47001411893956063,0.0,0.4349138423427534,0.0,0.0,0.0,0.0,0.0,0.0,0.0,0.0,0.0,0.0,0.006839048849999999
2832.0,1.0376062660623597,0.148450429,0.17764997,0.0719182075567258,0.44954912358879506,0.0,0.5161389349168388,0.0,0.0,0.0,0.0,0.0,0.0,0.0,0.0,0.0,0.0,0.006839048849999999
2833.0,1.0338458961500299,0.046737576,0.185900904,0.022642458591118297,0.4704283849165003,0.0,0.5407750526424113,0.0,0.0,0.0,0.0,0.0,0.0,0.0,0.0,0.0,0.0,0.006839048849999999
2834.0,1.0183171251849112,0.005152207,0.202146894,0.002496035174147025,0.5115393998315736,0.0,0.5042816901791907,0.0,0.0,0.0,0.0,0.0,0.0,0.0,0.0,0.0,0.0,0.006839048849999999
2835.0,0.9727610197336144,2e-05,0.217302426,9.689188241648775e-06,0.5498909747185378,0.0,0.42286035582683495,0.0,0.0,0.0,0.0,0.0,0.0,0.0,0.0,0.0,0.0,0.006839048849999999
2836.0,0.9155299671941397,0.0,0.222318814,0.0,0.5625851104337386,0.0,0.352944856760401,0.0,0.0,0.0,0.0,0.0,0.0,0.0,0.0,0.0,0.0,0.006839048849999999
2837.0,0.8639172186982433,0.0,0.219502557,0.0,0.5554584789676549,0.0,0.3084587397305884,0.0,0.0,0.0,0.0,0.0,0.0,0.0,0.0,0.0,0.0,0.006839048849999999
2838.0,0.8181119050078082,0.0,0.21596908,0.0,0.546516898574643,0.0,0.2715950064331652,0.0,0.0,0.0,0.0,0.0,0.0,0.0,0.0,0.0,0.0,0.006839048849999999
2839.0,0.7838769622782373,0.0,0.213769878,0.0,0.5409517451907458,0.0,0.24292521708749146,0.0,0.0,0.0,0.0,0.0,0.0,0.0,0.0,0.0,0.0,0.006839048849999999
2840.0,0.7643252621667382,0.0,0.213265193,0.0,0.5396746231093945,0.0,0.2246506390573438,0.0,0.0,0.0,0.0,0.0,0.0,0.0,0.0,0.0,0.0,0.006839048849999999
2841.0,0.7602578323704501,2.98e-05,0.208907825,1.4436890480056672e-05,0.5286481592965727,0.0,0.23159523618339722,0.0,0.0,0.0,0.0,0.0,0.0,0.0,0.0,0.0,0.0,0.006839048849999999
2842.0,0.7747007690791996,0.002358712,0.203474451,0.0011427002287917928,0.5148988267195386,0.0,0.25865924213086927,0.0,0.0,0.0,0.0,0.0,0.0,0.0,0.0,0.0,0.0,0.006839048849999999
2843.0,0.8264670470171129,0.02503721,0.198795003,0.012129512036784553,0.5030573288162214,0.0,0.3112802061641069,0.0,0.0,0.0,0.0,0.0,0.0,0.0,0.0,0.0,0.0,0.006839048849999999
2844.0,0.8763019643514596,0.10680508,0.173582708,0.051742726264217824,0.4392567826021571,0.0,0.38530245548508474,0.0,0.0,0.0,0.0,0.0,0.0,0.0,0.0,0.0,0.0,0.006839048849999999
2845.0,0.9110019470719514,0.260636856,0.120195575,0.1262679780247752,0.30415887714758005,0.0,0.4805750918995962,0.0,0.0,0.0,0.0,0.0,0.0,0.0,0.0,0.0,0.0,0.006839048849999999
2846.0,0.9395651847780696,0.441197222,0.104914983,0.21374214678252518,0.2654908337951497,0.0,0.4603322042003947,0.0,0.0,0.0,0.0,0.0,0.0,0.0,0.0,0.0,0.0,0.006839048849999999
2847.0,0.9692320574004899,0.610541584,0.134580852,0.29578261683652085,0.3405612962863621,0.0,0.3328881442776069,0.0,0.0,0.0,0.0,0.0,0.0,0.0,0.0,0.0,0.0,0.006839048849999999
2848.0,0.9901989019772705,0.746021373,0.137856596,0.36141707576451365,0.3488506748001961,0.0,0.27993115141256075,0.0,0.0,0.0,0.0,0.0,0.0,0.0,0.0,0.0,0.0,0.006839048849999999
2849.0,1.0058278014045317,0.83416663,0.13849816,0.40411987514858916,0.3504741737173427,0.0,0.2512337525385997,0.0,0.0,0.0,0.0,0.0,0.0,0.0,0.0,0.0,0.0,0.006839048849999999
2850.0,1.0197433958125945,0.867965442,0.143817761,0.42049402773919403,0.3639355999556475,0.0,0.23531376811775312,0.0,0.0,0.0,0.0,0.0,0.0,0.0,0.0,0.0,0.0,0.006839048849999999
2851.0,1.028619203625205,0.844289462,0.152576727,0.40902397638791843,0.38610045305888224,0.0,0.23349477417840436,0.0,0.0,0.0,0.0,0.0,0.0,0.0,0.0,0.0,0.0,0.006839048849999999
2852.0,1.0321081149734426,0.764662161,0.162516971,0.370447780959747,0.411254569203449,0.0,0.25040576481024657,0.0,0.0,0.0,0.0,0.0,0.0,0.0,0.0,0.0,0.0,0.006839048849999999
2853.0,1.0318700328967059,0.638419978,0.169776004,0.30928856720356346,0.42962379225061376,0.0,0.29295767344252854,0.0,0.0,0.0,0.0,0.0,0.0,0.0,0.0,0.0,0.0,0.006839048849999999
2854.0,1.0253706001861393,0.4811619,0.173334404,0.23310341119046912,0.43862844111927596,0.0,0.3536387478763943,0.0,0.0,0.0,0.0,0.0,0.0,0.0,0.0,0.0,0.0,0.006839048849999999
2855.0,1.0102734927245858,0.308160767,0.174721833,0.14929138400769337,0.44213937608307957,0.0,0.4188427326338129,0.0,0.0,0.0,0.0,0.0,0.0,0.0,0.0,0.0,0.0,0.006839048849999999
2856.0,0.991384864695782,0.150038262,0.189564839,0.0726874481983909,0.4797000935924788,0.0,0.43899732290491233,0.0,0.0,0.0,0.0,0.0,0.0,0.0,0.0,0.0,0.0,0.006839048849999999
2857.0,0.9883965946583316,0.046289547,0.233611535,0.022425406725182413,0.5911617143503212,0.0,0.3748094735828281,0.0,0.0,0.0,0.0,0.0,0.0,0.0,0.0,0.0,0.0,0.006839048849999999
2858.0,0.9765525413007895,0.005970835,0.285696379,0.002892627213741248,0.7229641344264918,0.0,0.2506957796605565,0.0,0.0,0.0,0.0,0.0,0.0,0.0,0.0,0.0,0.0,0.006839048849999999
2859.0,0.9409447289234097,2.38e-05,0.318401459,1.1530134007562039e-05,0.8057254208533988,0.0,0.13520777793600341,0.0,0.0,0.0,0.0,0.0,0.0,0.0,0.0,0.0,0.0,0.006839048849999999
2860.0,0.8947633785417191,0.0,0.334088712,0.0,0.845422533313737,0.0,0.049340845227982176,0.0,0.0,0.0,0.0,0.0,0.0,0.0,0.0,0.0,0.0,0.006839048849999999
2861.0,0.8484641000378778,0.0,0.339816429,0.0,0.8484641000378778,0.0,0.0,0.0,0.0,0.0,0.0,0.0,0.0,0.0,0.011452610547685425,0.0,0.0,3.675e-09
2862.0,0.8060253189085839,0.0,0.339840495,0.0,0.8060253189085839,0.0,0.0,0.0,0.0,0.0,0.0,0.0,0.0,0.0,0.053952291485790525,0.0,0.0,3.675e-09
2863.0,0.7732833987814829,0.0,0.33873294,0.0,0.7732833987814829,0.0,0.0,0.0,0.0,0.0,0.0,0.0,0.0,0.0,0.08389150706092115,0.0,0.0,3.675e-09
2864.0,0.752405556504443,0.0,0.333737616,0.0,0.752405556504443,0.0,0.0,0.0,0.0,0.0,0.0,0.0,0.0,0.0,0.09212851677130164,0.0,0.0,3.675e-09
2865.0,0.740287819750298,4.02e-05,0.313302425,1.9475268365714036e-05,0.7402683444819322,0.0,0.0,0.0,0.0,0.0,0.0,0.0,0.0,0.0,0.0525538022203396,0.0,0.0,3.675e-09
2866.0,0.7406304809541226,0.002412755,0.288895863,0.0011688818687989643,0.7310605344885709,0.0,0.008401064596752808,0.0,0.0,0.0,0.0,0.0,0.0,0.0,0.0,0.0,0.0,0.006839048849999999
2867.0,0.7482914002258115,0.026556042,0.262719672,0.012865324494556548,0.6648208175725316,0.0,0.07060525815872339,0.0,0.0,0.0,0.0,0.0,0.0,0.0,0.0,0.0,0.0,0.006839048849999999
2868.0,0.7664991565119118,0.111874793,0.218269807,0.054198796443624526,0.5523389643282544,0.0,0.15996139574003296,0.0,0.0,0.0,0.0,0.0,0.0,0.0,0.0,0.0,0.0,0.006839048849999999
2869.0,0.8009098810083031,0.265305256,0.174074121,0.12852962834414086,0.4405003194486319,0.0,0.23187993321553033,0.0,0.0,0.0,0.0,0.0,0.0,0.0,0.0,0.0,0.0,0.006839048849999999
2870.0,0.8380218411506297,0.444384354,0.176578832,0.2152861828774743,0.4468385734595569,0.0,0.17589708481359864,0.0,0.0,0.0,0.0,0.0,0.0,0.0,0.0,0.0,0.0,0.006839048849999999
2871.0,0.8678778445349331,0.611189904,0.230785487,0.29609670156256207,0.5717811429723711,0.0,0.0,0.0,0.0,0.0,0.0,0.0,0.0,0.0,0.012229163462599122,0.0,0.0,3.675e-09
2872.0,0.8907693762176736,0.740326308,0.247169143,0.3586580479228424,0.5321113282948312,0.0,0.0,0.0,0.0,0.0,0.0,0.0,0.0,0.0,0.09335836142053199,0.0,0.0,3.675e-09
2873.0,0.9041776538174933,0.821394177,0.250814839,0.3979321400773585,0.5062455137401347,0.0,0.0,0.0,0.0,0.0,0.0,0.0,0.0,0.0,0.12844973025858214,0.0,0.0,3.675e-09
2874.0,0.9118786250739941,0.85136077,0.252897096,0.4124497381042523,0.49942888696974186,0.0,0.0,0.0,0.0,0.0,0.0,0.0,0.0,0.0,0.14053557722325163,0.0,0.0,3.675e-09
2875.0,0.9161730127844666,0.824541313,0.255070794,0.39945679973366205,0.5167162130508045,0.0,0.0,0.0,0.0,0.0,0.0,0.0,0.0,0.0,0.12874886581072345,0.0,0.0,3.675e-09
2876.0,0.9206721060843202,0.746591499,0.258509862,0.36169327867128653,0.5589788274130337,0.0,0.0,0.0,0.0,0.0,0.0,0.0,0.0,0.0,0.0951889267451029,0.0,0.0,3.675e-09
2877.0,0.927988139319674,0.624145537,0.260193115,0.30237317990889795,0.6256149594107762,0.0,0.0,0.0,0.0,0.0,0.0,0.0,0.0,0.0,0.03281232212542993,0.0,0.0,3.675e-09
2878.0,0.9313835987031499,0.472491644,0.257373041,0.22890302406610488,0.6512909910254026,0.0,0.051189583611642456,0.0,0.0,0.0,0.0,0.0,0.0,0.0,0.0,0.0,0.0,0.006839048849999999
2879.0,0.9285310574477833,0.303871045,0.254801857,0.14721318780957626,0.6447845248898578,0.0,0.13653334474834924,0.0,0.0,0.0,0.0,0.0,0.0,0.0,0.0,0.0,0.0,0.006839048849999999
2880.0,0.9243902001792523,0.148630953,0.272614968,0.07200566410763258,0.6898611913167642,0.0,0.16252334475485558,0.0,0.0,0.0,0.0,0.0,0.0,0.0,0.0,0.0,0.0,0.006839048849999999
2881.0,0.9274118467040584,0.047340014,0.308625466,0.022934315350414413,0.7809869472957608,0.0,0.12349058405788318,0.0,0.0,0.0,0.0,0.0,0.0,0.0,0.0,0.0,0.0,0.006839048849999999
2882.0,0.9182668041599413,0.00640213,0.332574761,0.003101572135875343,0.8415914302451218,0.0,0.0735738017789441,0.0,0.0,0.0,0.0,0.0,0.0,0.0,0.0,0.0,0.0,0.006839048849999999
2883.0,0.8931279516597092,3.14e-05,0.326356142,1.5212025539388573e-05,0.8258550092292184,0.0,0.0672577304049513,0.0,0.0,0.0,0.0,0.0,0.0,0.0,0.0,0.0,0.0,0.006839048849999999
2884.0,0.8571151757687391,0.0,0.307808821,0.0,0.7789204001185607,0.0,0.07819477565017846,0.0,0.0,0.0,0.0,0.0,0.0,0.0,0.0,0.0,0.0,0.006839048849999999
2885.0,0.8135238084082894,0.0,0.28752768,0.0,0.7275983021641913,0.0,0.08592550624409814,0.0,0.0,0.0,0.0,0.0,0.0,0.0,0.0,0.0,0.0,0.006839048849999999
2886.0,0.7741222506311489,0.0,0.266256448,0.0,0.6737707461941344,0.0,0.10035150443701453,0.0,0.0,0.0,0.0,0.0,0.0,0.0,0.0,0.0,0.0,0.006839048849999999
2887.0,0.7450383461218002,0.0,0.247954223,0.0,0.6274563606162763,0.0,0.11758198550552393,0.0,0.0,0.0,0.0,0.0,0.0,0.0,0.0,0.0,0.0,0.006839048849999999
2888.0,0.7262142452352726,0.0,0.23189384,0.0,0.5868150303523286,0.0,0.13939921488294396,0.0,0.0,0.0,0.0,0.0,0.0,0.0,0.0,0.0,0.0,0.006839048849999999
2889.0,0.7152980460271371,5.14e-05,0.212627952,2.4901213781037348e-05,0.5380620636867003,0.0,0.17721108112665582,0.0,0.0,0.0,0.0,0.0,0.0,0.0,0.0,0.0,0.0,0.006839048849999999
2890.0,0.7103072117464632,0.002165206,0.195071418,0.0010489544257973687,0.49363467384274534,0.0,0.2156235834779204,0.0,0.0,0.0,0.0,0.0,0.0,0.0,0.0,0.0,0.0,0.006839048849999999
2891.0,0.7189471633147723,0.025249217,0.176761335,0.012232220823361915,0.44730040333604,0.0,0.2594145391553703,0.0,0.0,0.0,0.0,0.0,0.0,0.0,0.0,0.0,0.0,0.006839048849999999
2892.0,0.7317769224665412,0.108961771,0.143892346,0.05278755551812132,0.3641243397645137,0.0,0.31486502718390624,0.0,0.0,0.0,0.0,0.0,0.0,0.0,0.0,0.0,0.0,0.006839048849999999
2893.0,0.7645989465632658,0.258268191,0.106520936,0.12512045597145496,0.26955475096707376,0.0,0.369923739624737,0.0,0.0,0.0,0.0,0.0,0.0,0.0,0.0,0.0,0.0,0.006839048849999999
2894.0,0.8066260886815133,0.43277875,0.096231571,0.20966373878677272,0.2435171725873239,0.0,0.35344517730741676,0.0,0.0,0.0,0.0,0.0,0.0,0.0,0.0,0.0,0.0,0.006839048849999999
2895.0,0.841951316332399,0.597885812,0.112521189,0.2896514089739515,0.28473858959908166,0.0,0.26756131775936587,0.0,0.0,0.0,0.0,0.0,0.0,0.0,0.0,0.0,0.0,0.006839048849999999
2896.0,0.8683584603532766,0.729602857,0.11898366,0.3534629711558876,0.3010920861646483,0.0,0.21380340303274079,0.0,0.0,0.0,0.0,0.0,0.0,0.0,0.0,0.0,0.0,0.006839048849999999
2897.0,0.8912677916960255,0.814586708,0.126166468,0.3946341976478491,0.3192684193287157,0.0,0.1773651747194607,0.0,0.0,0.0,0.0,0.0,0.0,0.0,0.0,0.0,0.0,0.006839048849999999
2898.0,0.906520654432031,0.846023323,0.138907358,0.40986396166861117,0.3515096627876436,0.0,0.14514702997577625,0.0,0.0,0.0,0.0,0.0,0.0,0.0,0.0,0.0,0.0,0.006839048849999999
2899.0,0.9169473374918564,0.819434182,0.156091424,0.396982602051974,0.39499451004087993,0.0,0.1249702253990025,0.0,0.0,0.0,0.0,0.0,0.0,0.0,0.0,0.0,0.0,0.006839048849999999
2900.0,0.9218803201277104,0.739215516,0.174351818,0.35811991428357653,0.4412030408899765,0.0,0.12255736495415728,0.0,0.0,0.0,0.0,0.0,0.0,0.0,0.0,0.0,0.0,0.006839048849999999
2901.0,0.9374758430676158,0.611782291,0.186382419,0.29638368902030743,0.4716468745466694,0.0,0.16944527950063892,0.0,0.0,0.0,0.0,0.0,0.0,0.0,0.0,0.0,0.0,0.006839048849999999
2902.0,0.9444514409315803,0.457001433,0.19006383,0.221398645552012,0.48096280681854175,0.0,0.24208998856102662,0.0,0.0,0.0,0.0,0.0,0.0,0.0,0.0,0.0,0.0,0.006839048849999999
2903.0,0.9475554152585957,0.290186076,0.195318759,0.14058337577346988,0.4942605784222822,0.0,0.31271146106284364,0.0,0.0,0.0,0.0,0.0,0.0,0.0,0.0,0.0,0.0,0.006839048849999999
2904.0,0.9482941386461193,0.141988487,0.213951471,0.06878765893449498,0.5414112722821373,0.0,0.3380952074294872,0.0,0.0,0.0,0.0,0.0,0.0,0.0,0.0,0.0,0.0,0.006839048849999999
2905.0,0.9569118388895498,0.046899835,0.257672291,0.02272106649086338,0.6520482530459587,0.0,0.28214251935272766,0.0,0.0,0.0,0.0,0.0,0.0,0.0,0.0,0.0,0.0,0.006839048849999999
2906.0,0.9711656438364916,0.006652531,0.303275896,0.003222881257120198,0.7674496835119452,0.0,0.20049307906742614,0.0,0.0,0.0,0.0,0.0,0.0,0.0,0.0,0.0,0.0,0.006839048849999999
2907.0,0.8944451934952836,4.38e-05,0.326369007,2.1219322249210814e-05,0.8258875645371362,0.0,0.06853640963589808,0.0,0.0,0.0,0.0,0.0,0.0,0.0,0.0,0.0,0.0,0.006839048849999999
2908.0,0.8662068163330571,0.0,0.335399833,0.0,0.8487403683601986,0.0,0.01746644797285852,0.0,0.0,0.0,0.0,0.0,0.0,0.0,0.0,0.0,0.0,0.006839048849999999
2909.0,0.8191309882893154,0.0,0.33603483,0.0,0.8191309882893154,0.0,0.0,0.0,0.0,0.0,0.0,0.0,0.0,0.0,0.031216260977373168,0.0,0.0,3.675e-09
2910.0,0.7777446659289597,0.0,0.329560731,0.0,0.7777446659289597,0.0,0.0,0.0,0.0,0.0,0.0,0.0,0.0,0.0,0.05621966173364917,0.0,0.0,3.675e-09
2911.0,0.7497532721733611,0.0,0.31898063,0.0,0.7497532721733611,0.0,0.0,0.0,0.0,0.0,0.0,0.0,0.0,0.0,0.05743776004748145,0.0,0.0,3.675e-09
2912.0,0.7283503134280696,0.0,0.304358827,0.0,0.7283503134280696,0.0,0.0,0.0,0.0,0.0,0.0,0.0,0.0,0.0,0.041839762789583006,0.0,0.0,3.675e-09
2913.0,0.727887498269659,7.06e-05,0.284936681,3.420283449302017e-05,0.7210416935159071,0.0,0.006811601919258911,0.0,0.0,0.0,0.0,0.0,0.0,0.0,0.0,0.0,0.0,0.006839048849999999
2914.0,0.7497710728332941,0.003266811,0.268774158,0.0015826373364444435,0.6801418946044084,0.0,0.06804654089244129,0.0,0.0,0.0,0.0,0.0,0.0,0.0,0.0,0.0,0.0,0.006839048849999999
2915.0,0.8062500519902577,0.03057947,0.250620053,0.014814512057992571,0.6342023315845614,0.0,0.15723320834770374,0.0,0.0,0.0,0.0,0.0,0.0,0.0,0.0,0.0,0.0,0.006839048849999999
2916.0,0.859366948251101,0.119331528,0.199385811,0.057811281897779065,0.504552387996976,0.0,0.29700327835634605,0.0,0.0,0.0,0.0,0.0,0.0,0.0,0.0,0.0,0.0,0.006839048849999999
2917.0,0.8966457888303567,0.275981279,0.131214204,0.13370172817009948,0.3320418821945276,0.0,0.43090217846572954,0.0,0.0,0.0,0.0,0.0,0.0,0.0,0.0,0.0,0.0,0.006839048849999999
2918.0,0.9249108669824829,0.458646353,0.139664978,0.22219554252813464,0.3534268452505134,0.0,0.3492884792038349,0.0,0.0,0.0,0.0,0.0,0.0,0.0,0.0,0.0,0.0,0.006839048849999999
2919.0,0.9530958421649103,0.626694603,0.211656711,0.3036080989246173,0.5356043062193417,0.0,0.11388343702095118,0.0,0.0,0.0,0.0,0.0,0.0,0.0,0.0,0.0,0.0,0.006839048849999999
2920.0,0.9744387234329465,0.759318026,0.246854732,0.36785876445955784,0.6065799589733886,0.0,0.0,0.0,0.0,0.0,0.0,0.0,0.0,0.0,0.01809410330957654,0.0,0.0,3.675e-09
2921.0,0.9858622384494005,0.842687905,0.269450594,0.4082480870252819,0.5776141514241186,0.0,0.0,0.0,0.0,0.0,0.0,0.0,0.0,0.0,0.10423948684657873,0.0,0.0,3.675e-09
2922.0,0.9970765962116032,0.873569633,0.294990618,0.4232090308162517,0.5738675653953514,0.0,0.0,0.0,0.0,0.0,0.0,0.0,0.0,0.0,0.17261594816120607,0.0,0.0,3.675e-09
2923.0,1.0043548042945052,0.843355016,0.319605535,0.40857127522813563,0.5957835290663696,0.0,0.0,0.0,0.0,0.0,0.0,0.0,0.0,0.0,0.21298884592124218,0.0,0.0,3.675e-09
2924.0,1.0047731168031582,0.757421401,0.33726758,0.366939926627117,0.6378331901760412,0.0,0.0,0.0,0.0,0.0,0.0,0.0,0.0,0.0,0.21563357373004796,0.0,0.0,3.675e-09
2925.0,1.0047575419756605,0.625128718,0.343521388,0.3028494911981286,0.7019080507775319,0.0,0.0,0.0,0.0,0.0,0.0,0.0,0.0,0.0,0.16738418107258557,0.0,0.0,3.675e-09
2926.0,1.00357825375468,0.467360457,0.337410057,0.22641717222879987,0.7771610815258801,0.0,0.0,0.0,0.0,0.0,0.0,0.0,0.0,0.0,0.07666622514011816,0.0,0.0,3.675e-09
2927.0,0.9987209244235042,0.297317998,0.323154006,0.14403850251260766,0.8177518981934431,0.0,0.03693052371745349,0.0,0.0,0.0,0.0,0.0,0.0,0.0,0.0,0.0,0.0,0.006839048849999999
2928.0,0.9947180207695674,0.147843426,0.334757926,0.07162413924021353,0.8471160014702097,0.0,0.07597788005914416,0.0,0.0,0.0,0.0,0.0,0.0,0.0,0.0,0.0,0.0,0.006839048849999999
2929.0,0.9994974739634045,0.051330025,0.396807902,0.024867313733676878,0.9746301602297277,0.0,0.0,0.0,0.0,0.0,0.0,0.0,0.0,0.0,0.029505357368212158,0.0,0.0,3.675e-09
2930.0,0.9889617621114701,0.008101411,0.442353591,0.003924804810098202,0.985036957301372,0.0,0.0,0.0,0.0,0.0,0.0,0.0,0.0,0.0,0.13435343240939637,0.0,0.0,3.675e-09
2931.0,0.9447340246581495,6.94e-05,0.449718585,3.362148319852125e-05,0.9447004031749511,0.0,0.0,0.0,0.0,0.0,0.0,0.0,0.0,0.0,0.19332734739738539,0.0,0.0,3.675e-09
2932.0,0.8876164505758046,0.0,0.437359542,0.0,0.8876164505758047,0.0,0.0,0.0,0.0,0.0,0.0,0.0,0.0,0.0,0.2191363329979658,0.0,0.0,3.675e-09
2933.0,0.8337474799325254,0.0,0.420994363,0.0,0.8337474799325254,0.0,0.0,0.0,0.0,0.0,0.0,0.0,0.0,0.0,0.23159267702034692,0.0,0.0,3.675e-09
2934.0,0.7928261975630906,0.0,0.404699324,0.0,0.7928261975630906,0.0,0.0,0.0,0.0,0.0,0.0,0.0,0.0,0.0,0.2312788243582632,0.0,0.0,3.675e-09
2935.0,0.7604892399496553,0.0,0.3930026,0.0,0.7604892399496554,0.0,0.0,0.0,0.0,0.0,0.0,0.0,0.0,0.0,0.23401683510410218,0.0,0.0,3.675e-09
2936.0,0.7483715031955104,0.0,0.378010581,0.0,0.7483715031955104,0.0,0.0,0.0,0.0,0.0,0.0,0.0,0.0,0.0,0.20819677202480763,0.0,0.0,3.675e-09
2937.0,0.74492264283216,5.84e-05,0.344255775,2.8292429665614417e-05,0.7448943504024944,0.0,0.0,0.0,0.0,0.0,0.0,0.0,0.0,0.0,0.12625627203572742,0.0,0.0,3.675e-09
2938.0,0.764696849192973,0.003349756,0.311489555,0.0016228208223796215,0.7630740283705933,0.0,0.0,0.0,0.0,0.0,0.0,0.0,0.0,0.0,0.025160590848952637,0.0,0.0,3.675e-09
2939.0,0.8164831536232545,0.032882968,0.27849677,0.015930463344805645,0.7047452857763513,0.0,0.09580740450209753,0.0,0.0,0.0,0.0,0.0,0.0,0.0,0.0,0.0,0.0,0.006839048849999999
2940.0,0.8690371072634697,0.121387585,0.212302976,0.058807358063207055,0.5372397011724404,0.0,0.27299004802782234,0.0,0.0,0.0,0.0,0.0,0.0,0.0,0.0,0.0,0.0,0.006839048849999999
2941.0,0.901712275415784,0.274840033,0.18521689,0.13314884080389802,0.4686974648706232,0.0,0.29986596974126284,0.0,0.0,0.0,0.0,0.0,0.0,0.0,0.0,0.0,0.0,0.006839048849999999
2942.0,0.9245726554436793,0.455558465,0.249211746,0.22069958612307822,0.630638564151367,0.0,0.07323450516923413,0.0,0.0,0.0,0.0,0.0,0.0,0.0,0.0,0.0,0.0,0.006839048849999999
2943.0,0.9472416798771811,0.623282234,0.281350595,0.30195494464506895,0.6452867352321122,0.0,0.0,0.0,0.0,0.0,0.0,0.0,0.0,0.0,0.06668024907661596,0.0,0.0,3.675e-09
2944.0,0.9642412231198159,0.7528131,0.285619758,0.3647073918339581,0.5995338312858578,0.0,0.0,0.0,0.0,0.0,0.0,0.0,0.0,0.0,0.12323641116644177,0.0,0.0,3.675e-09
2945.0,0.9769330276570659,0.830504384,0.289855424,0.4023456656045279,0.5745873620525381,0.0,0.0,0.0,0.0,0.0,0.0,0.0,0.0,0.0,0.1589013732771588,0.0,0.0,3.675e-09
2946.0,0.9887993323394867,0.848618528,0.299318661,0.41112123315714455,0.5776780991823421,0.0,0.0,0.0,0.0,0.0,0.0,0.0,0.0,0.0,0.17975767030482215,0.0,0.0,3.675e-09
2947.0,0.9995664507707016,0.809114506,0.310570355,0.3919831378841328,0.6075833128865689,0.0,0.0,0.0,0.0,0.0,0.0,0.0,0.0,0.0,0.17832524033700317,0.0,0.0,3.675e-09
2948.0,1.006817957863704,0.719495104,0.319378689,0.34856617508003307,0.6582517827836709,0.0,0.0,0.0,0.0,0.0,0.0,0.0,0.0,0.0,0.14994655089962977,0.0,0.0,3.675e-09
2949.0,1.0100131593229704,0.590431523,0.320058792,0.2860401085075189,0.7239730508154517,0.0,0.0,0.0,0.0,0.0,0.0,0.0,0.0,0.0,0.08594630599889758,0.0,0.0,3.675e-09
2950.0,1.0152554266752933,0.439456275,0.316112886,0.21289872862243847,0.7999341111986942,0.0,0.0024225868541606446,0.0,0.0,0.0,0.0,0.0,0.0,0.0,0.0,0.0,0.0,0.006839048849999999
2951.0,1.010102162622636,0.27971828,0.326038594,0.13551215347751094,0.8250514435145866,0.0,0.04953856563053857,0.0,0.0,0.0,0.0,0.0,0.0,0.0,0.0,0.0,0.0,0.006839048849999999
2952.0,1.0022231857667292,0.14089175,0.356500804,0.06825633437226593,0.9021370732395891,0.0,0.03182977815487427,0.0,0.0,0.0,0.0,0.0,0.0,0.0,0.0,0.0,0.0,0.006839048849999999
2953.0,1.0038875394710738,0.049958841,0.400890407,0.02420303073918003,0.9796845087318937,0.0,0.0,0.0,0.0,0.0,0.0,0.0,0.0,0.0,0.03478192276823755,0.0,0.0,3.675e-09
2954.0,0.9970343203942056,0.008235172,0.435624028,0.003989606585517761,0.9930447138086879,0.0,0.0,0.0,0.0,0.0,0.0,0.0,0.0,0.0,0.10931629419835388,0.0,0.0,3.675e-09
2955.0,0.9535319553334964,8.02e-05,0.441186745,3.885364484901158e-05,0.9534931016886474,0.0,0.0,0.0,0.0,0.0,0.0,0.0,0.0,0.0,0.16294454563402416,0.0,0.0,3.675e-09
2956.0,0.8950036864508909,0.0,0.428990869,0.0,0.8950036864508909,0.0,0.0,0.0,0.0,0.0,0.0,0.0,0.0,0.0,0.19057189336229796,0.0,0.0,3.675e-09
2957.0,0.8406652261516697,0.0,0.408028065,0.0,0.8406652261516697,0.0,0.0,0.0,0.0,0.0,0.0,0.0,0.0,0.0,0.19186328494451513,0.0,0.0,3.675e-09
2958.0,0.7945039012624227,0.0,0.384277476,0.0,0.7945039012624227,0.0,0.0,0.0,0.0,0.0,0.0,0.0,0.0,0.0,0.17792295898818275,0.0,0.0,3.675e-09
2959.0,0.7613325414643423,0.0,0.364050323,0.0,0.7613325414643423,0.0,0.0,0.0,0.0,0.0,0.0,0.0,0.0,0.0,0.15990883925116126,0.0,0.0,3.675e-09
2960.0,0.741654012900726,0.0,0.340052702,0.0,0.741654012900726,0.0,0.0,0.0,0.0,0.0,0.0,0.0,0.0,0.0,0.11886059432437915,0.0,0.0,3.675e-09
2961.0,0.7367076802698846,8.04e-05,0.304856321,3.895053673142807e-05,0.7366687297331532,0.0,0.0,0.0,0.0,0.0,0.0,0.0,0.0,0.0,0.034780271502559815,0.0,0.0,3.675e-09
2962.0,0.7559256195075257,0.003712538,0.269623526,0.0017985739768137125,0.682291248415188,0.0,0.07183579711552393,0.0,0.0,0.0,0.0,0.0,0.0,0.0,0.0,0.0,0.0,0.006839048849999999
2963.0,0.8086064015998582,0.031717068,0.240266023,0.01536563211625873,0.6080011162839783,0.0,0.18523965319962096,0.0,0.0,0.0,0.0,0.0,0.0,0.0,0.0,0.0,0.0,0.006839048849999999
2964.0,0.8565255321582115,0.113377219,0.191298014,0.05492666086028189,0.4840859502423617,0.0,0.3175129210555679,0.0,0.0,0.0,0.0,0.0,0.0,0.0,0.0,0.0,0.0,0.006839048849999999
2965.0,0.8855271088653508,0.254035397,0.190033833,0.1230698390787489,0.4808868984181053,0.0,0.28157037136849666,0.0,0.0,0.0,0.0,0.0,0.0,0.0,0.0,0.0,0.0,0.006839048849999999
2966.0,0.9089482066813638,0.420485152,0.242335301,0.20370798952731484,0.6132374926895674,0.0,0.09200272446448157,0.0,0.0,0.0,0.0,0.0,0.0,0.0,0.0,0.0,0.0,0.006839048849999999
2967.0,0.9293543334700267,0.575716174,0.259735212,0.2789111191823909,0.6504432142876357,0.0,0.0,0.0,0.0,0.0,0.0,0.0,0.0,0.0,0.006825328565199463,0.0,0.0,3.675e-09
2968.0,0.9444581154291116,0.691102288,0.257248032,0.33481100813330816,0.6096471072958035,0.0,0.0,0.0,0.0,0.0,0.0,0.0,0.0,0.0,0.04132754432131933,0.0,0.0,3.675e-09
2969.0,0.9529534368854458,0.754050392,0.262481494,0.3653068095888524,0.5876466272965933,0.0,0.0,0.0,0.0,0.0,0.0,0.0,0.0,0.0,0.0765714729709021,0.0,0.0,3.675e-09
2970.0,0.9605609551772603,0.757517572,0.278500781,0.3669865175732364,0.593574437604024,0.0,0.0,0.0,0.0,0.0,0.0,0.0,0.0,0.0,0.11118099814046252,0.0,0.0,3.675e-09
2971.0,0.9668712571259438,0.708083175,0.299736319,0.34303755866596647,0.6238336984599773,0.0,0.0,0.0,0.0,0.0,0.0,0.0,0.0,0.0,0.13465896840724195,0.0,0.0,3.675e-09
2972.0,0.9726119399566185,0.620336251,0.322435507,0.3005277354528841,0.6720842045037344,0.0,0.0,0.0,0.0,0.0,0.0,0.0,0.0,0.0,0.14384950821098658,0.0,0.0,3.675e-09
2973.0,0.9803663131929184,0.501303845,0.341888334,0.24286136602336597,0.7375049471695525,0.0,0.0,0.0,0.0,0.0,0.0,0.0,0.0,0.0,0.127654787531969,0.0,0.0,3.675e-09
2974.0,0.989673785509019,0.370787425,0.3571093,0.17963145792306132,0.8100423275859576,0.0,0.0,0.0,0.0,0.0,0.0,0.0,0.0,0.0,0.09363456490329015,0.0,0.0,3.675e-09
2975.0,0.992561927084327,0.234696234,0.372754451,0.11370079954160245,0.8788611275427246,0.0,0.0,0.0,0.0,0.0,0.0,0.0,0.0,0.0,0.06440633690363842,0.0,0.0,3.675e-09
2976.0,0.9912758359036732,0.118445194,0.394383015,0.05738188904923039,0.9338939468544428,0.0,0.0,0.0,0.0,0.0,0.0,0.0,0.0,0.0,0.06410531400418054,0.0,0.0,3.675e-09
2977.0,0.9942084801287386,0.043680249,0.417623352,0.02116130775015453,0.9730471723785841,0.0,0.0,0.0,0.0,0.0,0.0,0.0,0.0,0.0,0.08376252976667871,0.0,0.0,3.675e-09
2978.0,0.9835058878398752,0.007424293,0.442291463,0.003596768621907765,0.9799091192179675,0.0,0.0,0.0,0.0,0.0,0.0,0.0,0.0,0.0,0.1393240535343611,0.0,0.0,3.675e-09
2979.0,0.942600181297863,6.96e-05,0.457897431,3.371837508093773e-05,0.9425664629227821,0.0,0.0,0.0,0.0,0.0,0.0,0.0,0.0,0.0,0.21615812790946398,0.0,0.0,3.675e-09
2980.0,0.8834956187997172,0.0,0.451607462,0.0,0.8834956187997172,0.0,0.0,0.0,0.0,0.0,0.0,0.0,0.0,0.0,0.25931199748223377,0.0,0.0,3.675e-09
2981.0,0.830788135717485,0.0,0.433319884,0.0,0.830788135717485,0.0,0.0,0.0,0.0,0.0,0.0,0.0,0.0,0.0,0.26574215970445253,0.0,0.0,3.675e-09
2982.0,0.7862511125477709,0.0,0.41195454,0.0,0.7862511125477709,0.0,0.0,0.0,0.0,0.0,0.0,0.0,0.0,0.0,0.25621347337602757,0.0,0.0,3.675e-09
2983.0,0.7531732067143014,0.0,0.389106426,0.0,0.7531732067143014,0.0,0.0,0.0,0.0,0.0,0.0,0.0,0.0,0.0,0.2314734711943318,0.0,0.0,3.675e-09
2984.0,0.7349899255856656,0.0,0.36652333,0.0,0.7349899255856656,0.0,0.0,0.0,0.0,0.0,0.0,0.0,0.0,0.0,0.19250948112037963,0.0,0.0,3.675e-09
2985.0,0.7307378146925152,0.000106188,0.334926023,5.144377605020999e-05,0.7306863709164649,0.0,0.0,0.0,0.0,0.0,0.0,0.0,0.0,0.0,0.11685500557085242,0.0,0.0,3.675e-09
2986.0,0.7521496737677732,0.003615676,0.303140973,0.0017516482692405834,0.7503980254985326,0.0,0.0,0.0,0.0,0.0,0.0,0.0,0.0,0.0,0.016710230900298096,0.0,0.0,3.675e-09
2987.0,0.8026877131697775,0.03003085,0.275900421,0.014548727935335903,0.698175138776154,0.0,0.08996384645828748,0.0,0.0,0.0,0.0,0.0,0.0,0.0,0.0,0.0,0.0,0.006839048849999999
2988.0,0.8552327664800261,0.107387735,0.228027158,0.052024998962964725,0.5770302636884415,0.0,0.22617750382862,0.0,0.0,0.0,0.0,0.0,0.0,0.0,0.0,0.0,0.0,0.006839048849999999
2989.0,0.8853046016161121,0.236583125,0.218881859,0.1146149216461261,0.5538877821535023,0.0,0.21680189781648376,0.0,0.0,0.0,0.0,0.0,0.0,0.0,0.0,0.0,0.0,0.006839048849999999
2990.0,0.9077310923080071,0.3916887,0.311764383,0.18975727732133468,0.7179738149866723,0.0,0.0,0.0,0.0,0.0,0.0,0.0,0.0,0.0,0.07095626557484667,0.0,0.0,3.675e-09
2991.0,0.9281817207465026,0.53781651,0.384203827,0.26055027024282895,0.6676314505036737,0.0,0.0,0.0,0.0,0.0,0.0,0.0,0.0,0.0,0.3046090385170171,0.0,0.0,3.675e-09
2992.0,0.9428894405218885,0.653527385,0.411740942,0.31660749271687355,0.626281947805015,0.0,0.0,0.0,0.0,0.0,0.0,0.0,0.0,0.0,0.4156421213165554,0.0,0.0,3.675e-09
2993.0,0.9526931034838304,0.72365138,0.434044251,0.35057972210744537,0.602113381376385,0.0,0.0,0.0,0.0,0.0,0.0,0.0,0.0,0.0,0.49624994869231687,0.0,0.0,3.675e-09
2994.0,0.961628989773621,0.74165741,0.456452079,0.3593029128151841,0.6023260769584368,0.0,0.0,0.0,0.0,0.0,0.0,0.0,0.0,0.0,0.552741002843116,0.0,0.0,3.675e-09
2995.0,0.9685378346628741,0.708788578,0.474096241,0.3433792977886277,0.6251585368742465,0.0,0.0,0.0,0.0,0.0,0.0,0.0,0.0,0.0,0.5745576783229313,0.0,0.0,3.675e-09
2996.0,0.9766860452503627,0.629766717,0.482989659,0.3050964134669075,0.6715896317834553,0.0,0.0,0.0,0.0,0.0,0.0,0.0,0.0,0.0,0.5506316717489969,0.0,0.0,3.675e-09
2997.0,0.986576485679535,0.514552657,0.482444985,0.2492798776956767,0.7372966079838584,0.0,0.0,0.0,0.0,0.0,0.0,0.0,0.0,0.0,0.4835463799803916,0.0,0.0,3.675e-09
2998.0,0.990379132409187,0.382208599,0.465620875,0.18516455316439254,0.8052145792447944,0.0,0.0,0.0,0.0,0.0,0.0,0.0,0.0,0.0,0.37305444202719285,0.0,0.0,3.675e-09
2999.0,0.9871572299600209,0.243339961,0.433028884,0.11788833444222356,0.8692688955177974,0.0,0.0,0.0,0.0,0.0,0.0,0.0,0.0,0.0,0.2265250147813938,0.0,0.0,3.675e-09
3000.0,0.9790201445350093,0.121321749,0.410816119,0.058775463193353195,0.9202446813416562,0.0,0.0,0.0,0.0,0.0,0.0,0.0,0.0,0.0,0.11933909259649951,0.0,0.0,3.675e-09
3001.0,0.9796031136480056,0.043187139,0.411627647,0.02092241596946256,0.9586806976785431,0.0,0.0,0.0,0.0,0.0,0.0,0.0,0.0,0.0,0.08295667469910437,0.0,0.0,3.675e-09
3002.0,0.9743786469556159,0.007735787,0.424803932,0.0037476748220149716,0.9706309721336009,0.0,0.0,0.0,0.0,0.0,0.0,0.0,0.0,0.0,0.10434942514805408,0.0,0.0,3.675e-09
3003.0,0.9333928374439049,7.84e-05,0.436092959,3.798161790726319e-05,0.9333548558259976,0.0,0.0,0.0,0.0,0.0,0.0,0.0,0.0,0.0,0.17019279758308728,0.0,0.0,3.675e-09
3004.0,0.8810858672103176,0.0,0.431618396,0.0,0.8810858672103175,0.0,0.0,0.0,0.0,0.0,0.0,0.0,0.0,0.0,0.21113875656305836,0.0,0.0,3.675e-09
3005.0,0.8304120980263048,0.0,0.426412359,0.0,0.8304120980263048,0.0,0.0,0.0,0.0,0.0,0.0,0.0,0.0,0.0,0.24863847696608424,0.0,0.0,3.675e-09
3006.0,0.7895308676416818,0.0,0.41857886,0.0,0.7895308676416818,0.0,0.0,0.0,0.0,0.0,0.0,0.0,0.0,0.0,0.2696967790941829,0.0,0.0,3.675e-09
3007.0,0.7566977183824803,0.0,0.412585862,0.0,0.7566977183824803,0.0,0.0,0.0,0.0,0.0,0.0,0.0,0.0,0.0,0.2873644487387838,0.0,0.0,3.675e-09
3008.0,0.7392642868037699,0.0,0.399715355,0.0,0.7392642868037699,0.0,0.0,0.0,0.0,0.0,0.0,0.0,0.0,0.0,0.2722286367539098,0.0,0.0,3.675e-09
3009.0,0.7350900540478079,0.000135323,0.371662958,6.555850102123184e-05,0.7350244955467866,0.0,0.0,0.0,0.0,0.0,0.0,0.0,0.0,0.0,0.20548090976974195,0.0,0.0,3.675e-09
3010.0,0.7527637935356901,0.00386974,0.344115538,0.001874731965311896,0.7508890615703782,0.0,0.0,0.0,0.0,0.0,0.0,0.0,0.0,0.0,0.11990668650200659,0.0,0.0,3.675e-09
3011.0,0.8024896810780032,0.030294634,0.322789322,0.014676520576892659,0.7878131605011105,0.0,0.0,0.0,0.0,0.0,0.0,0.0,0.0,0.0,0.02901589277101428,0.0,0.0,3.675e-09
3012.0,0.8472914873143537,0.101020643,0.292282851,0.04894040131596992,0.7396314196230057,0.0,0.05871966637537793,0.0,0.0,0.0,0.0,0.0,0.0,0.0,0.0,0.0,0.0,0.006839048849999999
3013.0,0.8756566929286974,0.222868424,0.301633023,0.10797070566277966,0.7632923390591558,0.0,0.004393648206761841,0.0,0.0,0.0,0.0,0.0,0.0,0.0,0.0,0.0,0.0,0.006839048849999999
3014.0,0.8994226777809702,0.375082257,0.40305491,0.18171212970877415,0.717710548072196,0.0,0.0,0.0,0.0,0.0,0.0,0.0,0.0,0.0,0.30223322984491063,0.0,0.0,3.675e-09
3015.0,0.9220182737423046,0.524963826,0.471275997,0.25432366650850763,0.6676946072337969,0.0,0.0,0.0,0.0,0.0,0.0,0.0,0.0,0.0,0.5248848872619558,0.0,0.0,3.675e-09
3016.0,0.9351951447628437,0.644205035,0.505994201,0.31209119251664685,0.6231039522461969,0.0,0.0,0.0,0.0,0.0,0.0,0.0,0.0,0.0,0.6573311055281593,0.0,0.0,3.675e-09
3017.0,0.9430296199689179,0.718123393,0.538007645,0.34790163677542607,0.5951279831934917,0.0,0.0,0.0,0.0,0.0,0.0,0.0,0.0,0.0,0.7663181532388511,0.0,0.0,3.675e-09
3018.0,0.9544219843304512,0.738264442,0.573488776,0.3576591575326896,0.5967628267977615,0.0,0.0,0.0,0.0,0.0,0.0,0.0,0.0,0.0,0.8544694849150457,0.0,0.0,3.675e-09
3019.0,0.9622609092015463,0.704996552,0.606451643,0.3415422151020664,0.6207186940994799,0.0,0.0,0.0,0.0,0.0,0.0,0.0,0.0,0.0,0.9139272425681977,0.0,0.0,3.675e-09
3020.0,0.9687692422420794,0.626727609,0.625707467,0.30362408899197246,0.6651451532501069,0.0,0.0,0.0,0.0,0.0,0.0,0.0,0.0,0.0,0.9182282827984043,0.0,0.0,3.675e-09
3021.0,0.9751284955056166,0.510561691,0.622603916,0.2473464166536757,0.7277820788519409,0.0,0.0,0.0,0.0,0.0,0.0,0.0,0.0,0.0,0.8477377187632895,0.0,0.0,3.675e-09
3022.0,0.9786708088336533,0.381060953,0.603558398,0.18460856525795377,0.7940622435756995,0.0,0.0,0.0,0.0,0.0,0.0,0.0,0.0,0.0,0.7332622409460663,0.0,0.0,3.675e-09
3023.0,0.9715639318526259,0.242494138,0.57595897,0.11747856752891774,0.8540853643237082,0.0,0.0,0.0,0.0,0.0,0.0,0.0,0.0,0.0,0.6033978549901208,0.0,0.0,3.675e-09
3024.0,0.9549359756362258,0.121442302,0.567263044,0.058833866228857966,0.8961021094073679,0.0,0.0,0.0,0.0,0.0,0.0,0.0,0.0,0.0,0.539375781607824,0.0,0.0,3.675e-09
3025.0,0.6797747872844019,0.043579601,0.573892758,0.021112547879247257,0.6586622394051546,0.0,0.0,0.0,0.0,0.0,0.0,0.0,0.0,0.0,0.7935923621174714,0.0,0.0,3.675e-09
3026.0,0.9418258565904732,0.007755952,0.576371842,0.0037574439460596144,0.9380684126444137,0.0,0.0,0.0,0.0,0.0,0.0,0.0,0.0,0.0,0.5204595929182074,0.0,0.0,3.675e-09
3027.0,0.9091573629356904,0.000123253,0.574994868,5.971107591739681e-05,0.9090976518597731,0.0,0.0,0.0,0.0,0.0,0.0,0.0,0.0,0.0,0.5459458754622687,0.0,0.0,3.675e-09
3028.0,0.8613561614994125,0.0,0.575286706,0.0,0.8613561614994125,0.0,0.0,0.0,0.0,0.0,0.0,0.0,0.0,0.0,0.5944258715320866,0.0,0.0,3.675e-09
3029.0,0.8129341647977617,0.0,0.573313943,0.0,0.8129341647977617,0.0,0.0,0.0,0.0,0.0,0.0,0.0,0.0,0.0,0.6378557262271929,0.0,0.0,3.675e-09
3030.0,0.7706956405927524,0.0,0.552346137,0.0,0.7706956405927524,0.0,0.0,0.0,0.0,0.0,0.0,0.0,0.0,0.0,0.6270345239887927,0.0,0.0,3.675e-09
3031.0,0.7392220109863724,0.0,0.521834597,0.0,0.7392220109863724,0.0,0.0,0.0,0.0,0.0,0.0,0.0,0.0,0.0,0.5812976926739325,0.0,0.0,3.675e-09
3032.0,0.7154916274539658,0.0,0.489326868,0.0,0.7154916274539658,0.0,0.0,0.0,0.0,0.0,0.0,0.0,0.0,0.0,0.522766193010907,0.0,0.0,3.675e-09
3033.0,0.7069851808351546,0.000137481,0.458127888,6.660396443250575e-05,0.7069185768707221,0.0,0.0,0.0,0.0,0.0,0.0,0.0,0.0,0.0,0.45238919302074293,0.0,0.0,3.675e-09
3034.0,0.7096819668160692,0.004179022,0.437782004,0.002024566541199577,0.7076574002748697,0.0,0.0,0.0,0.0,0.0,0.0,0.0,0.0,0.0,0.4001644373598137,0.0,0.0,3.675e-09
3035.0,0.7187780580453328,0.032706676,0.409558639,0.015845057026130805,0.7029330010192019,0.0,0.0,0.0,0.0,0.0,0.0,0.0,0.0,0.0,0.33346867819678505,0.0,0.0,3.675e-09
3036.0,0.7361536379792231,0.107900182,0.370450852,0.05227325873530813,0.6838803792439149,0.0,0.0,0.0,0.0,0.0,0.0,0.0,0.0,0.0,0.253557751757866,0.0,0.0,3.675e-09
3037.0,0.7669641965028328,0.238334211,0.378488521,0.11546325174019188,0.6515009447626409,0.0,0.0,0.0,0.0,0.0,0.0,0.0,0.0,0.0,0.30627677343212867,0.0,0.0,3.675e-09
3038.0,0.8005316184846123,0.394121215,0.457160373,0.19093573210811643,0.6095958863764959,0.0,0.0,0.0,0.0,0.0,0.0,0.0,0.0,0.0,0.5472635548138215,0.0,0.0,3.675e-09
3039.0,0.8267540814086278,0.539471355,0.512819306,0.26135197547861655,0.5654021059300113,0.0,0.0,0.0,0.0,0.0,0.0,0.0,0.0,0.0,0.7323041057384406,0.0,0.0,3.675e-09
3040.0,0.8470244784152823,0.651132248,0.522634664,0.31544714605399665,0.5315773323612856,0.0,0.0,0.0,0.0,0.0,0.0,0.0,0.0,0.0,0.7909669672990205,0.0,0.0,3.675e-09
3041.0,0.8601635232834449,0.720741985,0.521998718,0.3491702383162298,0.5109932849672152,0.0,0.0,0.0,0.0,0.0,0.0,0.0,0.0,0.0,0.8099417323107195,0.0,0.0,3.675e-09
3042.0,0.8704211010738307,0.740987446,0.518803458,0.35897834244962773,0.5114427586242031,0.0,0.0,0.0,0.0,0.0,0.0,0.0,0.0,0.0,0.8014065475633311,0.0,0.0,3.675e-09
3043.0,0.8819358442224605,0.714377311,0.512219052,0.34608681209209347,0.5358490321303672,0.0,0.0,0.0,0.0,0.0,0.0,0.0,0.0,0.0,0.7603382169419712,0.0,0.0,3.675e-09
3044.0,0.8938177237323793,0.640084981,0.497302397,0.3100951935780589,0.5837225301543203,0.0,0.0,0.0,0.0,0.0,0.0,0.0,0.0,0.0,0.6747176301787043,0.0,0.0,3.675e-09
3045.0,0.9054526198356703,0.530044345,0.471398636,0.25678497175632126,0.648667648079349,0.0,0.0,0.0,0.0,0.0,0.0,0.0,0.0,0.0,0.5442221884613124,0.0,0.0,3.675e-09
3046.0,0.9155544423516041,0.399541157,0.444442936,0.1935614740229573,0.7219929683286469,0.0,0.0,0.0,0.0,0.0,0.0,0.0,0.0,0.0,0.4026845779947831,0.0,0.0,3.675e-09
3047.0,0.9125572719841871,0.258265158,0.431556285,0.1251189866060581,0.787438285378129,0.0,0.0,0.0,0.0,0.0,0.0,0.0,0.0,0.0,0.304629164455869,0.0,0.0,3.675e-09
3048.0,0.9050031556721719,0.132390614,0.425938406,0.06413787902367306,0.8408652766484987,0.0,0.0,0.0,0.0,0.0,0.0,0.0,0.0,0.0,0.23698594460478015,0.0,0.0,3.675e-09
3049.0,0.9024487739707973,0.047249522,0.413030588,0.022890475649296253,0.879558298321501,0.0,0.0,0.0,0.0,0.0,0.0,0.0,0.0,0.0,0.1656292626488988,0.0,0.0,3.675e-09
3050.0,0.8983390673571867,0.008387362,0.396418811,0.004063336463442587,0.8942757308937441,0.0,0.0,0.0,0.0,0.0,0.0,0.0,0.0,0.0,0.10887517906229016,0.0,0.0,3.675e-09
3051.0,0.8708394145824087,0.000165715,0.387833904,8.028219147324133e-05,0.8707591323909354,0.0,0.0,0.0,0.0,0.0,0.0,0.0,0.0,0.0,0.11066738651712231,0.0,0.0,3.675e-09
3052.0,0.8290325538809646,0.0,0.371753063,0.0,0.8290325538809646,0.0,0.0,0.0,0.0,0.0,0.0,0.0,0.0,0.0,0.11170086511764331,0.0,0.0,3.675e-09
3053.0,0.78693643495542,0.0,0.349473441,0.0,0.7869364349554201,0.0,0.0,0.0,0.0,0.0,0.0,0.0,0.0,0.0,0.0974176638328346,0.0,0.0,3.675e-09
3054.0,0.7500069300775203,0.0,0.328240748,0.0,0.7500069300775203,0.0,0.0,0.0,0.0,0.0,0.0,0.0,0.0,0.0,0.08061713695457971,0.0,0.0,3.675e-09
3055.0,0.724389686591455,0.0,0.305170866,0.0,0.724389686591455,0.0,0.0,0.0,0.0,0.0,0.0,0.0,0.0,0.0,0.047855281168087155,0.0,0.0,3.675e-09
3056.0,0.6963048398711701,0.0,0.284710826,0.0,0.6963048398711701,0.0,0.0,0.0,0.0,0.0,0.0,0.0,0.0,0.0,0.024165320098696045,0.0,0.0,3.675e-09
3057.0,0.6857869286791688,0.000137202,0.262362901,6.646880025653476e-05,0.6639179967593791,0.0,0.021802463119533082,0.0,0.0,0.0,0.0,0.0,0.0,0.0,0.0,0.0,0.0,0.006839048849999999
3058.0,0.6849013503471596,0.004581207,0.243308699,0.002219408849847953,0.6157007085167532,0.0,0.06698123298055847,0.0,0.0,0.0,0.0,0.0,0.0,0.0,0.0,0.0,0.0,0.006839048849999999
3059.0,0.6880476014914972,0.03371175,0.223187013,0.01633197458527015,0.5647821167127188,0.0,0.10693351019350818,0.0,0.0,0.0,0.0,0.0,0.0,0.0,0.0,0.0,0.0,0.006839048849999999
3060.0,0.7018474916099952,0.111555361,0.196140813,0.05404404460470421,0.49634081325284624,0.0,0.15146263375244465,0.0,0.0,0.0,0.0,0.0,0.0,0.0,0.0,0.0,0.0,0.006839048849999999
3061.0,0.732994036839898,0.244284081,0.179731689,0.11834572226235882,0.4548169823562812,0.0,0.15983133222125812,0.0,0.0,0.0,0.0,0.0,0.0,0.0,0.0,0.0,0.0,0.006839048849999999
3062.0,0.7712140825634726,0.402008109,0.203829404,0.19475661213851292,0.5157970470235737,0.0,0.060660423401385985,0.0,0.0,0.0,0.0,0.0,0.0,0.0,0.0,0.0,0.0,0.006839048849999999
3063.0,0.8018911371375089,0.552329624,0.228930843,0.2675812849187544,0.5343098522187545,0.0,0.0,0.0,0.0,0.0,0.0,0.0,0.0,0.0,0.04500721624511316,0.0,0.0,3.675e-09
3064.0,0.8229736860038546,0.673220605,0.236628292,0.32614805850008366,0.49682562750377096,0.0,0.0,0.0,0.0,0.0,0.0,0.0,0.0,0.0,0.1019700901927392,0.0,0.0,3.675e-09
3065.0,0.8388829433252497,0.745758306,0.24463929,0.3612896304803554,0.47759331284489437,0.0,0.0,0.0,0.0,0.0,0.0,0.0,0.0,0.0,0.14147450019715166,0.0,0.0,3.675e-09
3066.0,0.8544361904477576,0.766699976,0.257903053,0.3714350196165798,0.4830011708311779,0.0,0.0,0.0,0.0,0.0,0.0,0.0,0.0,0.0,0.16963103308658556,0.0,0.0,3.675e-09
3067.0,0.8658263289768559,0.735964438,0.275619646,0.35654489894706237,0.5092814300297934,0.0,0.0,0.0,0.0,0.0,0.0,0.0,0.0,0.0,0.18818319832423303,0.0,0.0,3.675e-09
3068.0,0.8754742376642706,0.655422582,0.295557027,0.317525638741274,0.5579485989229965,0.0,0.0,0.0,0.0,0.0,0.0,0.0,0.0,0.0,0.1899682313379928,0.0,0.0,3.675e-09
3069.0,0.8860833759885228,0.536175256,0.309245615,0.25975514929491106,0.6263282266936118,0.0,0.0,0.0,0.0,0.0,0.0,0.0,0.0,0.0,0.15622802815364722,0.0,0.0,3.675e-09
3070.0,0.8953752734771254,0.399891344,0.317254175,0.19373112541109622,0.7016441480660291,0.0,0.0,0.0,0.0,0.0,0.0,0.0,0.0,0.0,0.10117803268714648,0.0,0.0,3.675e-09
3071.0,0.8981499365953037,0.254938163,0.325531057,0.12350719256435692,0.7746427440309468,0.0,0.0,0.0,0.0,0.0,0.0,0.0,0.0,0.0,0.04912436032197876,0.0,0.0,3.675e-09
3072.0,0.8960183190674524,0.130706527,0.328512229,0.0633220072257574,0.8313110586798947,0.0,0.0013852531618001708,0.0,0.0,0.0,0.0,0.0,0.0,0.0,0.0,0.0,0.0,0.006839048849999999
3073.0,0.9051789364390674,0.04715368,0.318122019,0.022844044090323447,0.8050182886929167,0.0,0.07731660365582715,0.0,0.0,0.0,0.0,0.0,0.0,0.0,0.0,0.0,0.0,0.006839048849999999
3074.0,0.9103121749992814,0.009254472,0.319253154,0.00448341606425339,0.8078806632146271,0.0,0.09794809572040075,0.0,0.0,0.0,0.0,0.0,0.0,0.0,0.0,0.0,0.0,0.006839048849999999
3075.0,0.8824498355282351,0.000195018,0.315491833,9.447830562549302e-05,0.7983625160453025,0.0,0.08399284117730713,0.0,0.0,0.0,0.0,0.0,0.0,0.0,0.0,0.0,0.0,0.006839048849999999
3076.0,0.8276463352380932,0.0,0.299564646,0.0,0.7580582426638611,0.0,0.06958809257423205,0.0,0.0,0.0,0.0,0.0,0.0,0.0,0.0,0.0,0.0,0.006839048849999999
3077.0,0.7900025821301341,0.0,0.28486605,0.0,0.7208629594347912,0.0,0.06913962269534289,0.0,0.0,0.0,0.0,0.0,0.0,0.0,0.0,0.0,0.0,0.006839048849999999
3078.0,0.7514376503702245,0.0,0.272185082,0.0,0.6887733505783554,0.0,0.06266429979186902,0.0,0.0,0.0,0.0,0.0,0.0,0.0,0.0,0.0,0.0,0.006839048849999999
3079.0,0.7243674362665011,0.0,0.2552963,0.0,0.6460357292515281,0.0,0.07833170701497302,0.0,0.0,0.0,0.0,0.0,0.0,0.0,0.0,0.0,0.0,0.006839048849999999
3080.0,0.7005013239520107,0.0,0.241067006,0.0,0.6100280302522697,0.0,0.0904732936997411,0.0,0.0,0.0,0.0,0.0,0.0,0.0,0.0,0.0,0.0,0.006839048849999999
3081.0,0.7009619132779861,0.000105348,0.230083725,5.103683014406075e-05,0.5822344744882048,0.0,0.11867640195963733,0.0,0.0,0.0,0.0,0.0,0.0,0.0,0.0,0.0,0.0,0.006839048849999999
3082.0,0.72470564680538,0.003317007,0.224773195,0.0016069552610933336,0.5687960027153584,0.0,0.15430268882892823,0.0,0.0,0.0,0.0,0.0,0.0,0.0,0.0,0.0,0.0,0.006839048849999999
3083.0,0.7782586572347342,0.029301677,0.216934778,0.014195473212449516,0.5489606292972063,0.0,0.2151025547250785,0.0,0.0,0.0,0.0,0.0,0.0,0.0,0.0,0.0,0.0,0.006839048849999999
3084.0,0.8322255315076453,0.098829401,0.20497745,0.047878833504919574,0.5187022153899945,0.0,0.2656444826127313,0.0,0.0,0.0,0.0,0.0,0.0,0.0,0.0,0.0,0.0,0.006839048849999999
3085.0,0.8676330869607404,0.221972906,0.217814977,0.10753686353899042,0.551188001973001,0.0,0.20890822144874902,0.0,0.0,0.0,0.0,0.0,0.0,0.0,0.0,0.0,0.0,0.006839048849999999
3086.0,0.8957246091784814,0.372189579,0.286208017,0.18031074462555036,0.7154138645529311,0.0,0.0,0.0,0.0,0.0,0.0,0.0,0.0,0.0,0.008844986751332764,0.0,0.0,3.675e-09
3087.0,0.9240319631480051,0.514164051,0.343809215,0.24909161386138498,0.67494034928662,0.0,0.0,0.0,0.0,0.0,0.0,0.0,0.0,0.0,0.19508023830481958,0.0,0.0,3.675e-09
3088.0,0.9486123236925548,0.62727263,0.376831021,0.30388812954520505,0.6447241941473497,0.0,0.0,0.0,0.0,0.0,0.0,0.0,0.0,0.0,0.3088591654874469,0.0,0.0,3.675e-09
3089.0,0.9672294931572664,0.700583221,0.410130816,0.3394041353604812,0.6278253577967852,0.0,0.0,0.0,0.0,0.0,0.0,0.0,0.0,0.0,0.41002423423836903,0.0,0.0,3.675e-09
3090.0,0.9854884265906553,0.725916101,0.444120102,0.35167688751163617,0.633811539079019,0.0,0.0,0.0,0.0,0.0,0.0,0.0,0.0,0.0,0.49004906513198243,0.0,0.0,3.675e-09
3091.0,0.9973680812680636,0.704325289,0.477150885,0.3412170154237337,0.6561510658443298,0.0,0.0,0.0,0.0,0.0,0.0,0.0,0.0,0.0,0.5512950270053789,0.0,0.0,3.675e-09
3092.0,1.0051491544943385,0.635577623,0.505683971,0.30791156157133387,0.6972375929230047,0.0,0.0,0.0,0.0,0.0,0.0,0.0,0.0,0.0,0.58241241757771,0.0,0.0,3.675e-09
3093.0,1.010373621186728,0.530307368,0.520626154,0.25691239572426544,0.7534612254624626,0.0,0.0,0.0,0.0,0.0,0.0,0.0,0.0,0.0,0.5640004732257222,0.0,0.0,3.675e-09
3094.0,1.0142096434038113,0.404116349,0.516945799,0.1957779688494416,0.8184316745543696,0.0,0.0,0.0,0.0,0.0,0.0,0.0,0.0,0.0,0.48971676410486253,0.0,0.0,3.675e-09
3095.0,1.0121536781807132,0.265905916,0.501401149,0.12882062373460232,0.883333054446111,0.0,0.0,0.0,0.0,0.0,0.0,0.0,0.0,0.0,0.3854791333598585,0.0,0.0,3.675e-09
3096.0,1.0064307950100466,0.140145574,0.478789644,0.0678948423859959,0.9385359526240508,0.0,0.0,0.0,0.0,0.0,0.0,0.0,0.0,0.0,0.273057074065406,0.0,0.0,3.675e-09
3097.0,1.0089273250666015,0.053278102,0.456691371,0.0258110779717882,0.9831162470948134,0.0,0.0,0.0,0.0,0.0,0.0,0.0,0.0,0.0,0.17255636902561317,0.0,0.0,3.675e-09
3098.0,0.9963356479915689,0.009892925,0.435942536,0.00479272062927566,0.9915429273622933,0.0,0.0,0.0,0.0,0.0,0.0,0.0,0.0,0.0,0.11162407567112537,0.0,0.0,3.675e-09
3099.0,0.9496803572889909,0.000170193,0.422838928,8.245160072054648e-05,0.9495979056882704,0.0,0.0,0.0,0.0,0.0,0.0,0.0,0.0,0.0,0.12040998399291346,0.0,0.0,3.675e-09
3100.0,0.8889781940612117,0.0,0.410830765,0.0,0.8889781940612117,0.0,0.0,0.0,0.0,0.0,0.0,0.0,0.0,0.0,0.15064264206425587,0.0,0.0,3.675e-09
3101.0,0.8370895363362774,0.0,0.398268118,0.0,0.8370895363362774,0.0,0.0,0.0,0.0,0.0,0.0,0.0,0.0,0.0,0.17074110613587634,0.0,0.0,3.675e-09
3102.0,0.7925680899939105,0.0,0.386005451,0.0,0.7925680899939105,0.0,0.0,0.0,0.0,0.0,0.0,0.0,0.0,0.0,0.184231468134625,0.0,0.0,3.675e-09
3103.0,0.7617041284905769,0.0,0.376936003,0.0,0.7617041284905769,0.0,0.0,0.0,0.0,0.0,0.0,0.0,0.0,0.0,0.19214489156674952,0.0,0.0,3.675e-09
3104.0,0.7519449671784676,0.0,0.372127538,0.0,0.7519449671784677,0.0,0.0,0.0,0.0,0.0,0.0,0.0,0.0,0.0,0.18973607319072594,0.0,0.0,3.675e-09
3105.0,0.7473657709089153,9.8779e-05,0.361547817,4.78544162660912e-05,0.7473179164926491,0.0,0.0,0.0,0.0,0.0,0.0,0.0,0.0,0.0,0.16759079003734387,0.0,0.0,3.675e-09
3106.0,0.764692399527952,0.003871228,0.353498086,0.001875452840917075,0.7628169466870349,0.0,0.0,0.0,0.0,0.0,0.0,0.0,0.0,0.0,0.13172164936010486,0.0,0.0,3.675e-09
3107.0,0.8138041673023483,0.028905445,0.347568001,0.014003514890681265,0.799800652411667,0.0,0.0,0.0,0.0,0.0,0.0,0.0,0.0,0.0,0.07973166744777038,0.0,0.0,3.675e-09
3108.0,0.8641775520998587,0.095281533,0.354858852,0.04616003545949348,0.8180175166403651,0.0,0.0,0.0,0.0,0.0,0.0,0.0,0.0,0.0,0.07996454276739014,0.0,0.0,3.675e-09
3109.0,0.8972821589232277,0.218587478,0.378913108,0.105896761080463,0.7913853978427646,0.0,0.0,0.0,0.0,0.0,0.0,0.0,0.0,0.0,0.167466751795687,0.0,0.0,3.675e-09
3110.0,0.9305469716859943,0.366393795,0.423327733,0.17750292251635358,0.7530440491696406,0.0,0.0,0.0,0.0,0.0,0.0,0.0,0.0,0.0,0.318200777727777,0.0,0.0,3.675e-09
3111.0,0.9839687029982856,0.506179475,0.46165317,0.24522341086669747,0.7387452921315881,0.0,0.0,0.0,0.0,0.0,0.0,0.0,0.0,0.0,0.4294833204343977,0.0,0.0,3.675e-09
3112.0,0.9906661668007019,0.617769744,0.474725247,0.2992843669805586,0.6913817998201434,0.0,0.0,0.0,0.0,0.0,0.0,0.0,0.0,0.0,0.5099261358599151,0.0,0.0,3.675e-09
3113.0,1.0116730623623695,0.690925803,0.484321151,0.3347255083139668,0.6769475540484027,0.0,0.0,0.0,0.0,0.0,0.0,0.0,0.0,0.0,0.5486431340196364,0.0,0.0,3.675e-09
3114.0,1.0357883829159982,0.720670977,0.493048524,0.3491358378222967,0.6866525450937014,0.0,0.0,0.0,0.0,0.0,0.0,0.0,0.0,0.0,0.5610230489463593,0.0,0.0,3.675e-09
3115.0,1.0478393676953566,0.700933513,0.498530228,0.33957383761685833,0.7082655300784982,0.0,0.0,0.0,0.0,0.0,0.0,0.0,0.0,0.0,0.5532816972017663,0.0,0.0,3.675e-09
3116.0,1.0699654750006737,0.633251907,0.498146376,0.3067848465653031,0.7631806284353706,0.0,0.0,0.0,0.0,0.0,0.0,0.0,0.0,0.0,0.497395248665731,0.0,0.0,3.675e-09
3117.0,1.0797847127901137,0.52967558,0.493026892,0.25660632008122475,0.8231783927088889,0.0,0.0,0.0,0.0,0.0,0.0,0.0,0.0,0.0,0.42444246083984816,0.0,0.0,3.675e-09
3118.0,1.088638271277695,0.406004822,0.485535494,0.19669285736875516,0.8919454139089398,0.0,0.0,0.0,0.0,0.0,0.0,0.0,0.0,0.0,0.3367182092763197,0.0,0.0,3.675e-09
3119.0,1.0844951881767286,0.26868576,0.473590726,0.1301673453245232,0.9543278428522054,0.0,0.0,0.0,0.0,0.0,0.0,0.0,0.0,0.0,0.2441091499211747,0.0,0.0,3.675e-09
3120.0,1.0722706484629103,0.142178947,0.458334765,0.0688799290741202,1.00339071938879,0.0,0.0,0.0,0.0,0.0,0.0,0.0,0.0,0.0,0.15644055959215405,0.0,0.0,3.675e-09
3121.0,1.0676380502135585,0.051764933,0.438899982,0.025078009007666827,1.0425600412058915,0.0,0.0,0.0,0.0,0.0,0.0,0.0,0.0,0.0,0.06809087672692847,0.0,0.0,3.675e-09
3122.0,1.0510301194896021,0.007950654,0.442401866,0.003851769162510889,1.0471783503270913,0.0,0.0,0.0,0.0,0.0,0.0,0.0,0.0,0.0,0.07233420086752783,0.0,0.0,3.675e-09
3123.0,1.0004164277828447,0.000124365,0.439544331,6.024979478363249e-05,1.000356177988061,0.0,0.0,0.0,0.0,0.0,0.0,0.0,0.0,0.0,0.11192528639649951,0.0,0.0,3.675e-09
3124.0,0.9359939456276227,0.0,0.435988286,0.0,0.9359939456276227,0.0,0.0,0.0,0.0,0.0,0.0,0.0,0.0,0.0,0.16728882929365052,0.0,0.0,3.675e-09
3125.0,0.8762441117067147,0.0,0.428215473,0.0,0.8762441117067147,0.0,0.0,0.0,0.0,0.0,0.0,0.0,0.0,0.0,0.20736930288779015,0.0,0.0,3.675e-09
3126.0,0.8266962297638077,0.0,0.420991328,0.0,0.8266962297638077,0.0,0.0,0.0,0.0,0.0,0.0,0.0,0.0,0.0,0.23863624702120362,0.0,0.0,3.675e-09
3127.0,0.7888433204015222,0.0,0.415414687,0.0,0.7888433204015222,0.0,0.0,0.0,0.0,0.0,0.0,0.0,0.0,0.0,0.26237728192542237,0.0,0.0,3.675e-09
3128.0,0.7668707435381465,0.0,0.410493838,0.0,0.7668707435381467,0.0,0.0,0.0,0.0,0.0,0.0,0.0,0.0,0.0,0.27189748767236704,0.0,0.0,3.675e-09
3129.0,0.7590674199869176,0.00014349,0.397394959,6.951508103970912e-05,0.7589979049058779,0.0,0.0,0.0,0.0,0.0,0.0,0.0,0.0,0.0,0.2466231798432788,0.0,0.0,3.675e-09
3130.0,0.7750990560954092,0.004116347,0.387981629,0.0019942030475473102,0.7731048530478618,0.0,0.0,0.0,0.0,0.0,0.0,0.0,0.0,0.0,0.20869548885764502,0.0,0.0,3.675e-09
3131.0,0.8214762127364389,0.028036946,0.377729878,0.01358276237574708,0.8078934503606918,0.0,0.0,0.0,0.0,0.0,0.0,0.0,0.0,0.0,0.14796449663587963,0.0,0.0,3.675e-09
3132.0,0.869675702188851,0.096169716,0.37148705,0.046590324073495094,0.823085378115356,0.0,0.0,0.0,0.0,0.0,0.0,0.0,0.0,0.0,0.11697488619027209,0.0,0.0,3.675e-09
3133.0,0.9037882671312504,0.220235986,0.414412327,0.1066953962969562,0.7970928708342941,0.0,0.0,0.0,0.0,0.0,0.0,0.0,0.0,0.0,0.2515912263667533,0.0,0.0,3.675e-09
3134.0,0.9356824350787187,0.366066997,0.455114249,0.17734460214940384,0.7583378329293149,0.0,0.0,0.0,0.0,0.0,0.0,0.0,0.0,0.0,0.3933438238180669,0.0,0.0,3.675e-09
3135.0,0.969479039807193,0.507218575,0.487937764,0.24572681264179233,0.7237522271654007,0.0,0.0,0.0,0.0,0.0,0.0,0.0,0.0,0.0,0.5109904196927798,0.0,0.0,3.675e-09
3136.0,1.0025969976254743,0.624073235,0.502063613,0.3023381525244856,0.7002588451009887,0.0,0.0,0.0,0.0,0.0,0.0,0.0,0.0,0.0,0.5702297297632457,0.0,0.0,3.675e-09
3137.0,1.0281563894667192,0.701172189,0.526204012,0.33968946645149656,0.6884669230152225,0.0,0.0,0.0,0.0,0.0,0.0,0.0,0.0,0.0,0.6431097297897725,0.0,0.0,3.675e-09
3138.0,1.0855654476056,0.729031609,0.555545064,0.3531862246856543,0.7323792229199457,0.0,0.0,0.0,0.0,0.0,0.0,0.0,0.0,0.0,0.6734459322167599,0.0,0.0,3.675e-09
3139.0,1.045182632699329,0.708132688,0.580932231,0.34306154570483693,0.702121086994492,0.0,0.0,0.0,0.0,0.0,0.0,0.0,0.0,0.0,0.7679471337349203,0.0,0.0,3.675e-09
3140.0,1.0933620966592976,0.640973375,0.593249376,0.31052558441299644,0.7828365122463011,0.0,0.0,0.0,0.0,0.0,0.0,0.0,0.0,0.0,0.7184006512072001,0.0,0.0,3.675e-09
3141.0,1.1085882584054034,0.534265387,0.588026953,0.25882989528201655,0.8497583631233867,0.0,0.0,0.0,0.0,0.0,0.0,0.0,0.0,0.0,0.6382632862342776,0.0,0.0,3.675e-09
3142.0,1.1170635533693694,0.405376457,0.563128405,0.19638844003028197,0.9206751133390874,0.0,0.0,0.0,0.0,0.0,0.0,0.0,0.0,0.0,0.5043399369629536,0.0,0.0,3.675e-09
3143.0,1.1128804202834408,0.264179472,0.521108128,0.1279842316893691,0.9848961885940718,0.0,0.0,0.0,0.0,0.0,0.0,0.0,0.0,0.0,0.3337851612389602,0.0,0.0,3.675e-09
3144.0,1.0991606321347172,0.135628831,0.461292594,0.06570666372768844,1.0334539684070287,0.0,0.0,0.0,0.0,0.0,0.0,0.0,0.0,0.0,0.13386219466748156,0.0,0.0,3.675e-09
3145.0,1.0893302681828754,0.046333836,0.420265622,0.022446862948084133,1.0634960537544693,0.0,0.0033873514803220216,0.0,0.0,0.0,0.0,0.0,0.0,0.0,0.0,0.0,0.0,0.006839048849999999
3146.0,1.0722817736253871,0.007140259,0.421125793,0.0034591656772563414,1.065672744913981,0.0,0.0031498630341499022,0.0,0.0,0.0,0.0,0.0,0.0,0.0,0.0,0.0,0.0,0.006839048849999999
3147.0,1.0207847284191311,0.00012609,0.432578136,6.108548726947469e-05,1.0207236429318616,0.0,0.0,0.0,0.0,0.0,0.0,0.0,0.0,0.0,0.0739296346480592,0.0,0.0,3.675e-09
3148.0,0.9533450494041239,0.0,0.441169388,0.0,0.9533450494041239,0.0,0.0,0.0,0.0,0.0,0.0,0.0,0.0,0.0,0.16304867545608898,0.0,0.0,3.675e-09
3149.0,0.8905223928110458,0.0,0.440656477,0.0,0.890522392811046,0.0,0.0,0.0,0.0,0.0,0.0,0.0,0.0,0.0,0.22457339380279956,0.0,0.0,3.675e-09
3150.0,0.8397395958348489,0.0,0.437690433,0.0,0.8397395958348489,0.0,0.0,0.0,0.0,0.0,0.0,0.0,0.0,0.0,0.2678505183562778,0.0,0.0,3.675e-09
3151.0,0.7990163455571884,0.0,0.432666131,0.0,0.7990163455571884,0.0,0.0,0.0,0.0,0.0,0.0,0.0,0.0,0.0,0.2958596062800386,0.0,0.0,3.675e-09
3152.0,0.7725847263788462,0.0,0.423626438,0.0,0.7725847263788462,0.0,0.0,0.0,0.0,0.0,0.0,0.0,0.0,0.0,0.2994159833986057,0.0,0.0,3.675e-09
3153.0,0.7640671545975581,8.84e-05,0.404326618,4.282621202808757e-05,0.76402432838553,0.0,0.0,0.0,0.0,0.0,0.0,0.0,0.0,0.0,0.25913754867823496,0.0,0.0,3.675e-09
3154.0,0.7803791506000334,0.003416985,0.389920397,0.0016553905441945116,0.7787237600558389,0.0,0.0,0.0,0.0,0.0,0.0,0.0,0.0,0.0,0.2079826983845708,0.0,0.0,3.675e-09
3155.0,0.8243243033268599,0.030716639,0.368664234,0.014880964871088507,0.8094433384557713,0.0,0.0,0.0,0.0,0.0,0.0,0.0,0.0,0.0,0.12347369661738099,0.0,0.0,3.675e-09
3156.0,0.8746287103171484,0.108129559,0.368335105,0.05238438258187337,0.822244327735275,0.0,0.0,0.0,0.0,0.0,0.0,0.0,0.0,0.0,0.10983983551978663,0.0,0.0,3.675e-09
3157.0,0.9121345088105884,0.238683083,0.382013182,0.1156322660642039,0.7965022427463846,0.0,0.0,0.0,0.0,0.0,0.0,0.0,0.0,0.0,0.1701947466618706,0.0,0.0,3.675e-09
3158.0,0.9454482728882088,0.388246398,0.44492681,0.1880896217182045,0.7573586511700042,0.0,0.0,0.0,0.0,0.0,0.0,0.0,0.0,0.0,0.3685433543111019,0.0,0.0,3.675e-09
3159.0,0.9804219400052281,0.533214218,0.53580501,0.2583206465662773,0.7221012934389507,0.0,0.0,0.0,0.0,0.0,0.0,0.0,0.0,0.0,0.6337710022894729,0.0,0.0,3.675e-09
3160.0,1.0124006605874163,0.647892982,0.576611711,0.313877853152058,0.6985228074353581,0.0,0.0,0.0,0.0,0.0,0.0,0.0,0.0,0.0,0.7606121945637165,0.0,0.0,3.675e-09
3161.0,1.037067798599196,0.721989489,0.604958605,0.3497746033706403,0.6872931952285557,0.0,0.0,0.0,0.0,0.0,0.0,0.0,0.0,0.0,0.843574559408555,0.0,0.0,3.675e-09
3162.0,1.0608938599287994,0.747498252,0.633547501,0.36213256369657054,0.6987612962322287,0.0,0.0,0.0,0.0,0.0,0.0,0.0,0.0,0.0,0.9044516051064053,0.0,0.0,3.675e-09
3163.0,1.0805968636498802,0.721429166,0.66030732,0.34950314961948403,0.7310937140303961,0.0,0.0,0.0,0.0,0.0,0.0,0.0,0.0,0.0,0.9398357941776047,0.0,0.0,3.675e-09
3164.0,1.0911147748418812,0.646543123,0.677601041,0.3132239012545239,0.7778908735873574,0.0,0.0,0.0,0.0,0.0,0.0,0.0,0.0,0.0,0.9368009674774354,0.0,0.0,3.675e-09
3165.0,1.100555751107555,0.531755306,0.673370985,0.25761386291647725,0.8429418881910776,0.0,0.0,0.0,0.0,0.0,0.0,0.0,0.0,0.0,0.8610456562868286,0.0,0.0,3.675e-09
3166.0,1.1049992185950237,0.397885871,0.649751415,0.19275955514056903,0.9122396634544546,0.0,0.0,0.0,0.0,0.0,0.0,0.0,0.0,0.0,0.7319777780898894,0.0,0.0,3.675e-09
3167.0,1.0979546439237622,0.254126684,0.616680572,0.12311406392509967,0.9748405799986626,0.0,0.0,0.0,0.0,0.0,0.0,0.0,0.0,0.0,0.5856899997522761,0.0,0.0,3.675e-09
3168.0,1.081687148571195,0.126062199,0.575585217,0.06107201881335939,1.0206151297578356,0.0,0.0,0.0,0.0,0.0,0.0,0.0,0.0,0.0,0.4359222952302826,0.0,0.0,3.675e-09
3169.0,1.074600297082611,0.042376674,0.555793399,0.020529778572049164,1.0540705185105617,0.0,0.0,0.0,0.0,0.0,0.0,0.0,0.0,0.0,0.35238305655555,0.0,0.0,3.675e-09
3170.0,1.0566439738681594,0.007131233,0.539059971,0.0034547929466028854,1.0531891809215566,0.0,0.0,0.0,0.0,0.0,0.0,0.0,0.0,0.0,0.3109199012519518,0.0,0.0,3.675e-09
3171.0,1.006157111613444,0.000127078,0.520381888,6.156413316861215e-05,1.0060955474802753,0.0,0.0,0.0,0.0,0.0,0.0,0.0,0.0,0.0,0.31074802801755613,0.0,0.0,3.675e-09
3172.0,0.9417235032958204,0.0,0.497462228,0.0,0.9417235032958204,0.0,0.0,0.0,0.0,0.0,0.0,0.0,0.0,0.0,0.31712111466797305,0.0,0.0,3.675e-09
3173.0,0.8792457327390774,0.0,0.475344321,0.0,0.8792457327390774,0.0,0.0,0.0,0.0,0.0,0.0,0.0,0.0,0.0,0.3236287901694314,0.0,0.0,3.675e-09
3174.0,0.828093574569081,0.0,0.459172493,0.0,0.828093574569081,0.0,0.0,0.0,0.0,0.0,0.0,0.0,0.0,0.0,0.3338576028177328,0.0,0.0,3.675e-09
3175.0,0.7995681630153395,0.0,0.439812051,0.0,0.7995681630153395,0.0,0.0,0.0,0.0,0.0,0.0,0.0,0.0,0.0,0.31339077568214757,0.0,0.0,3.675e-09
3176.0,0.7644320661263367,0.0,0.416816688,0.0,0.7644320661263367,0.0,0.0,0.0,0.0,0.0,0.0,0.0,0.0,0.0,0.29033634609227627,0.0,0.0,3.675e-09
3177.0,0.7553493258919853,0.00020927,0.388958919,0.00010138282116649194,0.7552479430708189,0.0,0.0,0.0,0.0,0.0,0.0,0.0,0.0,0.0,0.22902546349657396,0.0,0.0,3.675e-09
3178.0,0.7697299602909692,0.004844277,0.365650927,0.00234685558738448,0.7673831047035847,0.0,0.0,0.0,0.0,0.0,0.0,0.0,0.0,0.0,0.1579086573624629,0.0,0.0,3.675e-09
3179.0,0.8113988663778943,0.037477195,0.343844981,0.01815617985619891,0.7932426865216954,0.0,0.0,0.0,0.0,0.0,0.0,0.0,0.0,0.0,0.0768684081154491,0.0,0.0,3.675e-09
3180.0,0.8584168427768156,0.122039057,0.305362456,0.05912296980531522,0.7727297925900128,0.0,0.02656408038148767,0.0,0.0,0.0,0.0,0.0,0.0,0.0,0.0,0.0,0.0,0.006839048849999999
3181.0,0.8968193447647419,0.248572399,0.331863255,0.12042323827946136,0.7763961064852806,0.0,0.0,0.0,0.0,0.0,0.0,0.0,0.0,0.0,0.06339483429886279,0.0,0.0,3.675e-09
3182.0,0.9340247578717549,0.392907284,0.420634953,0.19034763180954775,0.7436771260622071,0.0,0.0,0.0,0.0,0.0,0.0,0.0,0.0,0.0,0.3207535320007466,0.0,0.0,3.675e-09
3183.0,0.9702511396820724,0.530220145,0.453342266,0.2568701397209654,0.7133809999611069,0.0,0.0,0.0,0.0,0.0,0.0,0.0,0.0,0.0,0.4338165952090945,0.0,0.0,3.675e-09
3184.0,0.9998379093347939,0.638608142,0.455028193,0.30937972502437855,0.6904581843104153,0.0,0.0,0.0,0.0,0.0,0.0,0.0,0.0,0.0,0.4610057048832791,0.0,0.0,3.675e-09
3185.0,1.0219150643253327,0.705921731,0.458884457,0.3419904267764774,0.6799246375488553,0.0,0.0,0.0,0.0,0.0,0.0,0.0,0.0,0.0,0.4812976552152252,0.0,0.0,3.675e-09
3186.0,1.0424791712209585,0.728084703,0.466662545,0.35272748716159696,0.6897516840593616,0.0,0.0,0.0,0.0,0.0,0.0,0.0,0.0,0.0,0.4911533175934202,0.0,0.0,3.675e-09
3187.0,1.058266050755182,0.702611908,0.472286074,0.34038695187180046,0.7178790988833816,0.0,0.0,0.0,0.0,0.0,0.0,0.0,0.0,0.0,0.4772564288619529,0.0,0.0,3.675e-09
3188.0,1.0691889244608486,0.629770148,0.471219863,0.3050980756471504,0.7640908488136982,0.0,0.0,0.0,0.0,0.0,0.0,0.0,0.0,0.0,0.42834659673882336,0.0,0.0,3.675e-09
3189.0,1.0796423085105737,0.518094306,0.457283984,0.25099566288801906,0.8286466456225546,0.0,0.0,0.0,0.0,0.0,0.0,0.0,0.0,0.0,0.3285255972908135,0.0,0.0,3.675e-09
3190.0,1.0830511178890372,0.386081461,0.432768268,0.187040797611989,0.8960103202770482,0.0,0.0,0.0,0.0,0.0,0.0,0.0,0.0,0.0,0.19912409261613037,0.0,0.0,3.675e-09
3191.0,1.0692200761156938,0.24526904,0.40524154,0.11882289492042414,0.9503971811952697,0.0,0.0,0.0,0.0,0.0,0.0,0.0,0.0,0.0,0.07507993624400501,0.0,0.0,3.675e-09
3192.0,1.0454896925832873,0.122154852,0.399367059,0.0591790677829373,0.9863106248003499,0.0,0.0,0.0,0.0,0.0,0.0,0.0,0.0,0.0,0.02430092421192749,0.0,0.0,3.675e-09
3193.0,1.0282965689137489,0.043613239,0.407232957,0.021128844124950887,1.007167724788798,0.0,0.0,0.0,0.0,0.0,0.0,0.0,0.0,0.0,0.023348739220869386,0.0,0.0,3.675e-09
3194.0,1.0114372051181435,0.007485753,0.399794282,0.0036265434973743516,1.0078106616207692,0.0,0.0,0.0,0.0,0.0,0.0,0.0,0.0,0.0,0.0038819893203573,0.0,0.0,3.675e-09
3195.0,0.9670514875578603,0.000177182,0.390858125,8.583748755159065e-05,0.9669656500703088,0.0,0.0,0.0,0.0,0.0,0.0,0.0,0.0,0.0,0.022113760082756468,0.0,0.0,3.675e-09
3196.0,0.9109018186098091,0.0,0.384298836,0.0,0.9109018186098091,0.0,0.0,0.0,0.0,0.0,0.0,0.0,0.0,0.0,0.06157909382712561,0.0,0.0,3.675e-09
3197.0,0.8562874500814749,0.0,0.374151564,0.0,0.8562874500814749,0.0,0.0,0.0,0.0,0.0,0.0,0.0,0.0,0.0,0.09051545501092102,0.0,0.0,3.675e-09
3198.0,0.808054584141707,0.0,0.35894628,0.0,0.808054584141707,0.0,0.0,0.0,0.0,0.0,0.0,0.0,0.0,0.0,0.10027084698253272,0.0,0.0,3.675e-09
3199.0,0.7614882967387943,0.0,0.343587056,0.0,0.7614882967387943,0.0,0.0,0.0,0.0,0.0,0.0,0.0,0.0,0.0,0.10797011015682324,0.0,0.0,3.675e-09
3200.0,0.7461086055506715,0.0,0.325839892,0.0,0.7461086055506715,0.0,0.0,0.0,0.0,0.0,0.0,0.0,0.0,0.0,0.07844001598226574,0.0,0.0,3.675e-09
3201.0,0.7314275867651854,0.000339018,0.302579783,0.0001642404609653642,0.7312633463042201,0.0,0.0,0.0,0.0,0.0,0.0,0.0,0.0,0.0,0.03442480024226001,0.0,0.0,3.675e-09
3202.0,0.7305753849205319,0.006861765,0.28415701,0.003324246637747855,0.719068710268358,0.0,0.008182428014426148,0.0,0.0,0.0,0.0,0.0,0.0,0.0,0.0,0.0,0.0,0.006839048849999999
3203.0,0.7364540223657254,0.037148411,0.268695977,0.017996897352856797,0.6799440549986304,0.0,0.03851307001423828,0.0,0.0,0.0,0.0,0.0,0.0,0.0,0.0,0.0,0.0,0.006839048849999999
3204.0,0.7541566876760177,0.104614928,0.244226074,0.05068168651392665,0.6180221562898784,0.0,0.08545284487221265,0.0,0.0,0.0,0.0,0.0,0.0,0.0,0.0,0.0,0.0,0.006839048849999999
3205.0,0.7871900928595792,0.215230146,0.222771427,0.10427026999357744,0.5637304625971805,0.0,0.11918936026882129,0.0,0.0,0.0,0.0,0.0,0.0,0.0,0.0,0.0,0.0,0.006839048849999999
3206.0,0.8278732921523527,0.349757109,0.251692533,0.16944312339779344,0.6369162776891765,0.0,0.021513891065382814,0.0,0.0,0.0,0.0,0.0,0.0,0.0,0.0,0.0,0.0,0.006839048849999999
3207.0,0.864833947685173,0.482763092,0.30672587,0.23387912372542025,0.6309548239597527,0.0,0.0,0.0,0.0,0.0,0.0,0.0,0.0,0.0,0.14522513284243932,0.0,0.0,3.675e-09
3208.0,0.8941069829564047,0.589098131,0.342743202,0.28539413420312343,0.6087128487532812,0.0,0.0,0.0,0.0,0.0,0.0,0.0,0.0,0.0,0.25861015769089307,0.0,0.0,3.675e-09
3209.0,0.9151539295029594,0.656373913,0.365168558,0.31798651999822974,0.5971674095047296,0.0,0.0,0.0,0.0,0.0,0.0,0.0,0.0,0.0,0.32690370185590883,0.0,0.0,3.675e-09
3210.0,0.9293988351198594,0.6750428,0.384938139,0.32703083801848326,0.6023679971013761,0.0,0.0,0.0,0.0,0.0,0.0,0.0,0.0,0.0,0.37173069271743886,0.0,0.0,3.675e-09
3211.0,0.9383858965570894,0.643270892,0.402343997,0.31163863814806586,0.6267472584090235,0.0,0.0,0.0,0.0,0.0,0.0,0.0,0.0,0.0,0.391397530653214,0.0,0.0,3.675e-09
3212.0,0.9448185772928693,0.566097861,0.412797535,0.2742514369211861,0.6705671403716833,0.0,0.0,0.0,0.0,0.0,0.0,0.0,0.0,0.0,0.3740306722756532,0.0,0.0,3.675e-09
3213.0,0.9493844235674341,0.455035802,0.411697887,0.22044637711338094,0.7289380464540531,0.0,0.0,0.0,0.0,0.0,0.0,0.0,0.0,0.0,0.3128770705662806,0.0,0.0,3.675e-09
3214.0,0.9503189532142968,0.331326803,0.40147663,0.16051438818853397,0.7898045650257629,0.0,0.0,0.0,0.0,0.0,0.0,0.0,0.0,0.0,0.22614532316100658,0.0,0.0,3.675e-09
3215.0,0.9459911900163934,0.20710109,0.393599346,0.1003320723030322,0.8456591177133612,0.0,0.0,0.0,0.0,0.0,0.0,0.0,0.0,0.0,0.1503570428265078,0.0,0.0,3.675e-09
3216.0,0.9327853931734441,0.102678716,0.404723177,0.04974367038673969,0.8830417227867043,0.0,0.0,0.0,0.0,0.0,0.0,0.0,0.0,0.0,0.14112365993991688,0.0,0.0,3.675e-09
3217.0,0.9258476214618562,0.036250969,0.420584205,0.01756212312915871,0.9082854983326976,0.0,0.0,0.0,0.0,0.0,0.0,0.0,0.0,0.0,0.15601674023812867,0.0,0.0,3.675e-09
3218.0,0.9205608524597008,0.006804625,0.420621128,0.003296564626941464,0.9172642878327594,0.0,0.0,0.0,0.0,0.0,0.0,0.0,0.0,0.0,0.14713138561053138,0.0,0.0,3.675e-09
3219.0,0.8920621418958589,0.000261755,0.411000036,0.00012680967340963873,0.8919353322224493,0.0,0.0,0.0,0.0,0.0,0.0,0.0,0.0,0.0,0.14811384976594763,0.0,0.0,3.675e-09
3220.0,0.8487444589319365,0.0,0.393604237,0.0,0.8487444589319365,0.0,0.0,0.0,0.0,0.0,0.0,0.0,0.0,0.0,0.14728407844516747,0.0,0.0,3.675e-09
3221.0,0.804033880827762,0.0,0.373741236,0.0,0.804033880827762,0.0,0.0,0.0,0.0,0.0,0.0,0.0,0.0,0.0,0.14173067569196618,0.0,0.0,3.675e-09
3222.0,0.767907626479662,0.0,0.348859034,0.0,0.767907626479662,0.0,0.0,0.0,0.0,0.0,0.0,0.0,0.0,0.0,0.11489169507796997,0.0,0.0,3.675e-09
3223.0,0.7386991193506313,0.0,0.327928214,0.0,0.7386991193506313,0.0,0.0,0.0,0.0,0.0,0.0,0.0,0.0,0.0,0.09113407005963904,0.0,0.0,3.675e-09
3224.0,0.7186022772784373,0.0,0.310373822,0.0,0.7186022772784373,0.0,0.0,0.0,0.0,0.0,0.0,0.0,0.0,0.0,0.06680894268970959,0.0,0.0,3.675e-09
3225.0,0.7086250583821101,0.000338514,0.284829759,0.00016399629342167465,0.7084610620886885,0.0,0.0,0.0,0.0,0.0,0.0,0.0,0.0,0.0,0.012310061770537232,0.0,0.0,3.675e-09
3226.0,0.7071787622619833,0.004911372,0.256806806,0.002379360391638151,0.6498581146337244,0.0,0.0549412872366206,0.0,0.0,0.0,0.0,0.0,0.0,0.0,0.0,0.0,0.0,0.006839048849999999
3227.0,0.7075013979733643,0.027312579,0.228956975,0.01323183596479516,0.5793831963539969,0.0,0.11488636565457214,0.0,0.0,0.0,0.0,0.0,0.0,0.0,0.0,0.0,0.0,0.006839048849999999
3228.0,0.7181706127749473,0.084689502,0.193673192,0.04102862634847451,0.49009641671340803,0.0,0.18704556971306477,0.0,0.0,0.0,0.0,0.0,0.0,0.0,0.0,0.0,0.0,0.006839048849999999
3229.0,0.7486073604397365,0.184662265,0.184395211,0.08946137233571148,0.4666181789899596,0.0,0.19252780911406556,0.0,0.0,0.0,0.0,0.0,0.0,0.0,0.0,0.0,0.0,0.006839048849999999
3230.0,0.781525061333733,0.307095377,0.238129197,0.14877524579465484,0.6025938074307219,0.0,0.0301560081083562,0.0,0.0,0.0,0.0,0.0,0.0,0.0,0.0,0.0,0.0,0.006839048849999999
3231.0,0.8072824842668276,0.426327281,0.296858009,0.20653826390796462,0.600744220358863,0.0,0.0,0.0,0.0,0.0,0.0,0.0,0.0,0.0,0.15046478787381287,0.0,0.0,3.675e-09
3232.0,0.8284406854379264,0.518315771,0.337947568,0.2511029536917159,0.5773377317462105,0.0,0.0,0.0,0.0,0.0,0.0,0.0,0.0,0.0,0.27784976427962466,0.0,0.0,3.675e-09
3233.0,0.8470400542427049,0.578986291,0.371116261,0.2804953581416517,0.5665446961010532,0.0,0.0,0.0,0.0,0.0,0.0,0.0,0.0,0.0,0.3725772743788772,0.0,0.0,3.675e-09
3234.0,0.8602614269130768,0.599407212,0.399919268,0.2903884655234937,0.5698729613895831,0.0,0.0,0.0,0.0,0.0,0.0,0.0,0.0,0.0,0.4421359707575625,0.0,0.0,3.675e-09
3235.0,0.8702564454694122,0.576446438,0.425511139,0.2792649024504959,0.5909915430189162,0.0,0.0,0.0,0.0,0.0,0.0,0.0,0.0,0.0,0.48577846496205873,0.0,0.0,3.675e-09
3236.0,0.8782088497975618,0.51393692,0.44754412,0.24898157811065932,0.6292272716869025,0.0,0.0,0.0,0.0,0.0,0.0,0.0,0.0,0.0,0.5032979232980362,0.0,0.0,3.675e-09
3237.0,0.8879657862771606,0.422893011,0.455920669,0.20487449948283223,0.6830912867943284,0.0,0.0,0.0,0.0,0.0,0.0,0.0,0.0,0.0,0.4706310424296345,0.0,0.0,3.675e-09
3238.0,0.8998788174419246,0.316146261,0.452619107,0.1531600317361212,0.7467187857058033,0.0,0.0,0.0,0.0,0.0,0.0,0.0,0.0,0.0,0.3986488317015797,0.0,0.0,3.675e-09
3239.0,0.9071904010122576,0.201122638,0.438758781,0.09743575496194913,0.8097546460503084,0.0,0.0,0.0,0.0,0.0,0.0,0.0,0.0,0.0,0.300538958082797,0.0,0.0,3.675e-09
3240.0,0.9091996397530125,0.102793533,0.420416345,0.04979929456305676,0.8594003451899558,0.0,0.0,0.0,0.0,0.0,0.0,0.0,0.0,0.0,0.20447711810009997,0.0,0.0,3.675e-09
3241.0,0.9197665022598674,0.037106397,0.406933916,0.017976543275117565,0.9017899589847499,0.0,0.0,0.0,0.0,0.0,0.0,0.0,0.0,0.0,0.12796977188577247,0.0,0.0,3.675e-09
3242.0,0.9242433452347668,0.007190713,0.392487069,0.0034836085924335484,0.9207597366423332,0.0,0.0,0.0,0.0,0.0,0.0,0.0,0.0,0.0,0.07244177016841907,0.0,0.0,3.675e-09
3243.0,0.8943695411905305,0.000235526,0.382861061,0.00011410278749012846,0.8942554384030404,0.0,0.0,0.0,0.0,0.0,0.0,0.0,0.0,0.0,0.07458713685225635,0.0,0.0,3.675e-09
3244.0,0.8483773215707228,0.0,0.361677192,0.0,0.8483773215707228,0.0,0.0,0.0,0.0,0.0,0.0,0.0,0.0,0.0,0.0668587726749242,0.0,0.0,3.675e-09
3245.0,0.80522874387624,0.0,0.341094301,0.0,0.80522874387624,0.0,0.0,0.0,0.0,0.0,0.0,0.0,0.0,0.0,0.05792166406181177,0.0,0.0,3.675e-09
3246.0,0.7678809264896872,0.0,0.332944855,0.0,0.7678809264896873,0.0,0.0,0.0,0.0,0.0,0.0,0.0,0.0,0.0,0.07464703886065002,0.0,0.0,3.675e-09
3247.0,0.7338551390145182,0.0,0.327660079,0.0,0.7338551390145182,0.0,0.0,0.0,0.0,0.0,0.0,0.0,0.0,0.0,0.09529952591160229,0.0,0.0,3.675e-09
3248.0,0.7296653304311335,0.0,0.325953637,0.0,0.7296653304311335,0.0,0.0,0.0,0.0,0.0,0.0,0.0,0.0,0.0,0.09517112658560718,0.0,0.0,3.675e-09
3249.0,0.7320617320255457,0.000192145,0.32059302,9.308645373458019e-05,0.7319686455718111,0.0,0.0,0.0,0.0,0.0,0.0,0.0,0.0,0.0,0.07930259286231335,0.0,0.0,3.675e-09
3250.0,0.7558788930251825,0.004220748,0.310052841,0.002044781094628129,0.7538341119305543,0.0,0.0,0.0,0.0,0.0,0.0,0.0,0.0,0.0,0.03076485500293872,0.0,0.0,3.675e-09
3251.0,0.8082926672183683,0.02884413,0.29714961,0.013973810261829431,0.7519469142057962,0.0,0.04237194275074268,0.0,0.0,0.0,0.0,0.0,0.0,0.0,0.0,0.0,0.0,0.006839048849999999
3252.0,0.8604127315225831,0.094169546,0.265944736,0.045621322891230165,0.6729819486704866,0.0,0.14180945996086647,0.0,0.0,0.0,0.0,0.0,0.0,0.0,0.0,0.0,0.0,0.006839048849999999
3253.0,0.8924582050794826,0.207527586,0.262724496,0.10053869230444774,0.6648330248640509,0.0,0.1270864879109839,0.0,0.0,0.0,0.0,0.0,0.0,0.0,0.0,0.0,0.0,0.006839048849999999
3254.0,0.9174457529702084,0.346419998,0.368856586,0.16782642856467955,0.7496193244055288,0.0,0.0,0.0,0.0,0.0,0.0,0.0,0.0,0.0,0.183784463764292,0.0,0.0,3.675e-09
3255.0,0.9411850358326568,0.480381064,0.440966964,0.23272512784097635,0.7084599079916805,0.0,0.0,0.0,0.0,0.0,0.0,0.0,0.0,0.0,0.4074215762428047,0.0,0.0,3.675e-09
3256.0,0.9579620718260529,0.582305783,0.486876654,0.2821035172843841,0.6758585545416687,0.0,0.0,0.0,0.0,0.0,0.0,0.0,0.0,0.0,0.5561989183728779,0.0,0.0,3.675e-09
3257.0,0.9698751029908169,0.646072883,0.528826265,0.3129960890605862,0.6568790139302307,0.0,0.0,0.0,0.0,0.0,0.0,0.0,0.0,0.0,0.6813333368035515,0.0,0.0,3.675e-09
3258.0,0.980960406468467,0.66464485,0.566463491,0.3219934532746206,0.6589669531938465,0.0,0.0,0.0,0.0,0.0,0.0,0.0,0.0,0.0,0.7744876425153413,0.0,0.0,3.675e-09
3259.0,0.9893889759500145,0.639028383,0.592543326,0.30958331473217143,0.679805661217843,0.0,0.0,0.0,0.0,0.0,0.0,0.0,0.0,0.0,0.8196448193630976,0.0,0.0,3.675e-09
3260.0,0.9928689869682854,0.573201598,0.601844974,0.2776929091717944,0.715176077796491,0.0,0.0,0.0,0.0,0.0,0.0,0.0,0.0,0.0,0.8078125306340151,0.0,0.0,3.675e-09
3261.0,0.9979109983962482,0.474945253,0.584344313,0.2300916980397251,0.7678193003565231,0.0,0.0,0.0,0.0,0.0,0.0,0.0,0.0,0.0,0.7108833067041286,0.0,0.0,3.675e-09
3262.0,1.0015823650089126,0.364243865,0.548700918,0.17646136869253515,0.8251209963163775,0.0,0.0,0.0,0.0,0.0,0.0,0.0,0.0,0.0,0.5633848210460871,0.0,0.0,3.675e-09
3263.0,0.9996688040653544,0.243376434,0.511539866,0.11790600413036044,0.8817627999349938,0.0,0.0,0.0,0.0,0.0,0.0,0.0,0.0,0.0,0.41270574650511915,0.0,0.0,3.675e-09
3264.0,0.9958617076706815,0.131232696,0.49272959,0.06357691475015341,0.9322847929205281,0.0,0.0,0.0,0.0,0.0,0.0,0.0,0.0,0.0,0.3145837280860688,0.0,0.0,3.675e-09
3265.0,1.0021786841168965,0.049314698,0.479570911,0.02389096960010301,0.9782877145167934,0.0,0.0,0.0,0.0,0.0,0.0,0.0,0.0,0.0,0.23528233415098876,0.0,0.0,3.675e-09
3266.0,0.9954411693295933,0.009166809,0.469647305,0.004440946898812007,0.9910002224307812,0.0,0.0,0.0,0.0,0.0,0.0,0.0,0.0,0.0,0.19745781310161742,0.0,0.0,3.675e-09
3267.0,0.9524817223969935,0.00027761,0.460393161,0.0001344907773882058,0.9523472316196052,0.0,0.0,0.0,0.0,0.0,0.0,0.0,0.0,0.0,0.21269288650608326,0.0,0.0,3.675e-09
3268.0,0.8936263671380612,0.0,0.4464419,0.0,0.8936263671380612,0.0,0.0,0.0,0.0,0.0,0.0,0.0,0.0,0.0,0.23610962368882435,0.0,0.0,3.675e-09
3269.0,0.8438693279409029,0.0,0.435151158,0.0,0.8438693279409029,0.0,0.0,0.0,0.0,0.0,0.0,0.0,0.0,0.0,0.2572950668943413,0.0,0.0,3.675e-09
3270.0,0.8029346955764806,0.0,0.425956367,0.0,0.8029346955764806,0.0,0.0,0.0,0.0,0.0,0.0,0.0,0.0,0.0,0.2749619765812302,0.0,0.0,3.675e-09
3271.0,0.7700614953323921,0.0,0.4226941,0.0,0.7700614953323921,0.0,0.0,0.0,0.0,0.0,0.0,0.0,0.0,0.0,0.29957990230564024,0.0,0.0,3.675e-09
3272.0,0.7527014912259243,0.0,0.414081053,0.0,0.7527014912259243,0.0,0.0,0.0,0.0,0.0,0.0,0.0,0.0,0.0,0.2951443061636018,0.0,0.0,3.675e-09
3273.0,0.7503918670987423,0.00022058,0.397434368,0.00010686205711714431,0.7502850050416251,0.0,0.0,0.0,0.0,0.0,0.0,0.0,0.0,0.0,0.2554358054852028,0.0,0.0,3.675e-09
3274.0,0.770199449946911,0.004754663,0.38281944,0.002303441241630124,0.7678960087052809,0.0,0.0,0.0,0.0,0.0,0.0,0.0,0.0,0.0,0.2008412432331986,0.0,0.0,3.675e-09
3275.0,0.8210823753852503,0.029670423,0.372458322,0.014374115682817266,0.8067082597024331,0.0,0.0,0.0,0.0,0.0,0.0,0.0,0.0,0.0,0.13580984051707848,0.0,0.0,3.675e-09
3276.0,0.8723925136622092,0.095729456,0.354350465,0.046377035972731684,0.8260154776894774,0.0,0.0,0.0,0.0,0.0,0.0,0.0,0.0,0.0,0.07068009160350927,0.0,0.0,3.675e-09
3277.0,0.9065162037670855,0.211015745,0.373401756,0.1022285637628378,0.8042876400042478,0.0,0.0,0.0,0.0,0.0,0.0,0.0,0.0,0.0,0.14061785114960426,0.0,0.0,3.675e-09
3278.0,0.9330880023924569,0.350185757,0.456763629,0.16965078595586372,0.7634372164365932,0.0,0.0,0.0,0.0,0.0,0.0,0.0,0.0,0.0,0.39241825094225025,0.0,0.0,3.675e-09
3279.0,0.9586229180763128,0.490511052,0.519953709,0.23763269587185848,0.7209902222044543,0.0,0.0,0.0,0.0,0.0,0.0,0.0,0.0,0.0,0.5947698321749155,0.0,0.0,3.675e-09
3280.0,0.9788287889406158,0.605576072,0.57351773,0.2933770278123125,0.6854517611283032,0.0,0.0,0.0,0.0,0.0,0.0,0.0,0.0,0.0,0.7658538196389505,0.0,0.0,3.675e-09
3281.0,0.992889012460729,0.678682952,0.625592916,0.32879434391629386,0.6640946685444351,0.0,0.0,0.0,0.0,0.0,0.0,0.0,0.0,0.0,0.9189888924106199,0.0,0.0,3.675e-09
3282.0,1.0039186901259942,0.702109575,0.66639134,0.34014359192195087,0.6637750982040435,0.0,0.0,0.0,0.0,0.0,0.0,0.0,0.0,0.0,1.0225502237994601,0.0,0.0,3.675e-09
3283.0,1.0101488891049792,0.679757455,0.689944073,0.3293148970079547,0.6808339920970246,0.0,0.0,0.0,0.0,0.0,0.0,0.0,0.0,0.0,1.065092299601385,0.0,0.0,3.675e-09
3284.0,1.015546911731754,0.615913943,0.693431546,0.29838530671915664,0.7171616050125973,0.0,0.0,0.0,0.0,0.0,0.0,0.0,0.0,0.0,1.0375898524355702,0.0,0.0,3.675e-09
3285.0,1.0161476805047587,0.513574337,0.675387243,0.24880592136364824,0.7673417591411105,0.0,0.0,0.0,0.0,0.0,0.0,0.0,0.0,0.0,0.9417479928791266,0.0,0.0,3.675e-09
3286.0,1.019625466690519,0.388903267,0.631215908,0.18840784808775968,0.8312176186027592,0.0,0.0,0.0,0.0,0.0,0.0,0.0,0.0,0.0,0.7660951095485911,0.0,0.0,3.675e-09
3287.0,1.0175094239901656,0.254346497,0.580982888,0.12322055440184775,0.8942888695883179,0.0,0.0,0.0,0.0,0.0,0.0,0.0,0.0,0.0,0.5759075403547127,0.0,0.0,3.675e-09
3288.0,1.01050045063877,0.133077266,0.551436568,0.0644705340478983,0.9460299165908717,0.0,0.0,0.0,0.0,0.0,0.0,0.0,0.0,0.0,0.44939855355867564,0.0,0.0,3.675e-09
3289.0,1.0287015314274144,0.047578488,0.536940068,0.023049846324251364,1.0056516851031632,0.0,0.0,0.0,0.0,0.0,0.0,0.0,0.0,0.0,0.3530929124281963,0.0,0.0,3.675e-09
3290.0,1.0041901486900866,0.008532532,0.53160808,0.004133665436294595,1.000056483253792,0.0,0.0,0.0,0.0,0.0,0.0,0.0,0.0,0.0,0.3451953423261509,0.0,0.0,3.675e-09
3291.0,0.963954188728301,0.000319295,0.546931661,0.00015468546798086223,0.9637995032603202,0.0,0.0,0.0,0.0,0.0,0.0,0.0,0.0,0.0,0.4202291507581071,0.0,0.0,3.675e-09
3292.0,0.9062536455329596,0.0,0.556586785,0.0,0.9062536455329596,0.0,0.0,0.0,0.0,0.0,0.0,0.0,0.0,0.0,0.502207619041727,0.0,0.0,3.675e-09
3293.0,0.8537063673902006,0.0,0.550357983,0.0,0.8537063673902006,0.0,0.0,0.0,0.0,0.0,0.0,0.0,0.0,0.0,0.5389927077503527,0.0,0.0,3.675e-09
3294.0,0.8095720829015661,0.0,0.53085146,0.0,0.8095720829015661,0.0,0.0,0.0,0.0,0.0,0.0,0.0,0.0,0.0,0.5337650907485747,0.0,0.0,3.675e-09
3295.0,0.7677518722051347,0.0,0.508405326,0.0,0.7677518722051347,0.0,0.0,0.0,0.0,0.0,0.0,0.0,0.0,0.0,0.5187846171124577,0.0,0.0,3.675e-09
3296.0,0.7529462488001171,0.0,0.490137124,0.0,0.7529462488001171,0.0,0.0,0.0,0.0,0.0,0.0,0.0,0.0,0.0,0.4873619512661849,0.0,0.0,3.675e-09
3297.0,0.7487875908716529,0.000256356,0.465937138,0.00012419407704380563,0.7486633967946091,0.0,0.0,0.0,0.0,0.0,0.0,0.0,0.0,0.0,0.4304059384570178,0.0,0.0,3.675e-09
3298.0,0.773312324603893,0.005420494,0.441794728,0.002626009336436386,0.7706863152674566,0.0,0.0,0.0,0.0,0.0,0.0,0.0,0.0,0.0,0.34728985314141014,0.0,0.0,3.675e-09
3299.0,0.8217966226153848,0.035007898,0.417435303,0.016959905683321983,0.8048367169320627,0.0,0.0,0.0,0.0,0.0,0.0,0.0,0.0,0.0,0.2514971210003225,0.0,0.0,3.675e-09
3300.0,0.8712332519335972,0.114516235,0.419581367,0.055478467881994384,0.815754784051603,0.0,0.0,0.0,0.0,0.0,0.0,0.0,0.0,0.0,0.24600973979851978,0.0,0.0,3.675e-09
3301.0,0.9008533980736744,0.246382929,0.432686926,0.11936252893048922,0.7814908691431851,0.0,0.0,0.0,0.0,0.0,0.0,0.0,0.0,0.0,0.313437705129188,0.0,0.0,3.675e-09
3302.0,0.9229906305414686,0.396411454,0.431209918,0.19204525994758467,0.7309453705938839,0.0,0.0,0.0,0.0,0.0,0.0,0.0,0.0,0.0,0.3602455860929999,0.0,0.0,3.675e-09
3303.0,0.9467098879114735,0.536474271,0.42429579,0.25990000992601486,0.6868098779854587,0.0,0.0,0.0,0.0,0.0,0.0,0.0,0.0,0.0,0.3868846491620294,0.0,0.0,3.675e-09
3304.0,0.9657542712147295,0.647240119,0.419745022,0.31356156752690767,0.6521927036878218,0.0,0.0,0.0,0.0,0.0,0.0,0.0,0.0,0.0,0.4099859545515211,0.0,0.0,3.675e-09
3305.0,0.9816212527187271,0.717762884,0.427395421,0.34772698479723557,0.6338942679214916,0.0,0.0,0.0,0.0,0.0,0.0,0.0,0.0,0.0,0.447643977969651,0.0,0.0,3.675e-09
3306.0,0.9945044138502953,0.742931478,0.440950705,0.3599201470494172,0.6345842668008781,0.0,0.0,0.0,0.0,0.0,0.0,0.0,0.0,0.0,0.48125607349645666,0.0,0.0,3.675e-09
3307.0,1.006063658648758,0.719913936,0.452356567,0.34876908218451436,0.6572945764642436,0.0,0.0,0.0,0.0,0.0,0.0,0.0,0.0,0.0,0.4874086747915041,0.0,0.0,3.675e-09
3308.0,1.0133351912342037,0.647309075,0.454476624,0.3135949739101272,0.6997402173240765,0.0,0.0,0.0,0.0,0.0,0.0,0.0,0.0,0.0,0.45032790827591296,0.0,0.0,3.675e-09
3309.0,1.0199837027218415,0.536354127,0.450774443,0.2598418050344096,0.7601418976874319,0.0,0.0,0.0,0.0,0.0,0.0,0.0,0.0,0.0,0.380557736468866,0.0,0.0,3.675e-09
3310.0,1.0236773206593845,0.406069444,0.444484194,0.19672416410488275,0.8269531565545017,0.0,0.0,0.0,0.0,0.0,0.0,0.0,0.0,0.0,0.2978287945022419,0.0,0.0,3.675e-09
3311.0,1.0209493840235495,0.265620504,0.432777253,0.12868235320488106,0.8922670308186684,0.0,0.0,0.0,0.0,0.0,0.0,0.0,0.0,0.0,0.20289011891412476,0.0,0.0,3.675e-09
3312.0,1.0129992055278354,0.137666809,0.411472704,0.06669398135140538,0.94630522417643,0.0,0.0,0.0,0.0,0.0,0.0,0.0,0.0,0.0,0.0949400598160846,0.0,0.0,3.675e-09
3313.0,1.013003655192856,0.0490529,0.39194833,0.023764139094938654,0.9892395160979175,0.0,0.0,0.0,0.0,0.0,0.0,0.0,0.0,0.0,0.002598693858390625,0.0,0.0,3.675e-09
3314.0,1.005749923267343,0.009261499,0.397056514,0.0044868203605420934,1.0012631029068009,0.0,0.0,0.0,0.0,0.0,0.0,0.0,0.0,0.0,0.003501535578205078,0.0,0.0,3.675e-09
3315.0,0.9665552969120188,0.000358736,0.393029602,0.00017379303165280572,0.9663815038803659,0.0,0.0,0.0,0.0,0.0,0.0,0.0,0.0,0.0,0.028192900627289918,0.0,0.0,3.675e-09
3316.0,0.9081894578013966,0.0,0.37528535,0.0,0.9081894578013966,0.0,0.0,0.0,0.0,0.0,0.0,0.0,0.0,0.0,0.041482530255872556,0.0,0.0,3.675e-09
3317.0,0.8521399173154878,0.0,0.360184751,0.0,0.8521399173154878,0.0,0.0,0.0,0.0,0.0,0.0,0.0,0.0,0.0,0.05931950562783386,0.0,0.0,3.675e-09
3318.0,0.8072402084494301,0.0,0.346584709,0.0,0.8072402084494302,0.0,0.0,0.0,0.0,0.0,0.0,0.0,0.0,0.0,0.06980385848864795,0.0,0.0,3.675e-09
3319.0,0.7738485662346215,0.0,0.331381333,0.0,0.7738485662346215,0.0,0.0,0.0,0.0,0.0,0.0,0.0,0.0,0.0,0.06472285499239404,0.0,0.0,3.675e-09
3320.0,0.7461152810481275,0.0,0.32020558,0.0,0.7461152810481275,0.0,0.0,0.0,0.0,0.0,0.0,0.0,0.0,0.0,0.0641755276541864,0.0,0.0,3.675e-09
3321.0,0.7423971869531953,0.000116141,0.314249667,5.626560057866651e-05,0.7423409213526166,0.0,0.0,0.0,0.0,0.0,0.0,0.0,0.0,0.0,0.05287825255391821,0.0,0.0,3.675e-09
3322.0,0.7624384022130796,0.003905182,0.30490373,0.001891902175794922,0.7605465000372846,0.0,0.0,0.0,0.0,0.0,0.0,0.0,0.0,0.0,0.011022471240642333,0.0,0.0,3.675e-09
3323.0,0.811505669337568,0.036985122,0.287474454,0.01791779045991727,0.7274636120111215,0.0,0.06612426686652917,0.0,0.0,0.0,0.0,0.0,0.0,0.0,0.0,0.0,0.0,0.006839048849999999
3324.0,0.8606686142592529,0.121742863,0.28518634,0.058979475834212876,0.7216734638710951,0.0,0.08001567455394494,0.0,0.0,0.0,0.0,0.0,0.0,0.0,0.0,0.0,0.0,0.006839048849999999
3325.0,0.8921978716778673,0.255443629,0.282519024,0.12375207032554458,0.7149237325306713,0.0,0.05352206882165149,0.0,0.0,0.0,0.0,0.0,0.0,0.0,0.0,0.0,0.0,0.006839048849999999
3326.0,0.9189120745827788,0.407947802,0.298410868,0.1976341523172431,0.7212779222655357,0.0,0.0,0.0,0.0,0.0,0.0,0.0,0.0,0.0,0.033860647016359616,0.0,0.0,3.675e-09
3327.0,0.9441488307126428,0.551286648,0.316152962,0.26707600537897835,0.6770728253336645,0.0,0.0,0.0,0.0,0.0,0.0,0.0,0.0,0.0,0.12296269950825708,0.0,0.0,3.675e-09
3328.0,0.9646461856334816,0.665586761,0.326516328,0.32244977092391464,0.6421964147095669,0.0,0.0,0.0,0.0,0.0,0.0,0.0,0.0,0.0,0.18406395048965918,0.0,0.0,3.675e-09
3329.0,0.9801393552787341,0.738861985,0.330456782,0.35794864286316364,0.6221907124155706,0.0,0.0,0.0,0.0,0.0,0.0,0.0,0.0,0.0,0.21404110193302467,0.0,0.0,3.675e-09
3330.0,0.9928000101609884,0.763975968,0.327726497,0.37011534830239196,0.6226846618585964,0.0,0.0,0.0,0.0,0.0,0.0,0.0,0.0,0.0,0.20663807601282494,0.0,0.0,3.675e-09
3331.0,1.0015334136940592,0.739256856,0.319101874,0.358139941835672,0.6433934718583872,0.0,0.0,0.0,0.0,0.0,0.0,0.0,0.0,0.0,0.16410437231373462,0.0,0.0,3.675e-09
3332.0,1.0062616897406074,0.665774955,0.302431186,0.322540943278512,0.6837207464620955,0.0,0.0,0.0,0.0,0.0,0.0,0.0,0.0,0.0,0.08159137046210034,0.0,0.0,3.675e-09
3333.0,1.0092544104430035,0.551654191,0.280521594,0.26725406504467336,0.7098691698649416,0.0,0.03213117553338843,0.0,0.0,0.0,0.0,0.0,0.0,0.0,0.0,0.0,0.0,0.006839048849999999
3334.0,1.011497281595474,0.417754297,0.25991381,0.20238500111953248,0.6577204909976884,0.0,0.15139178947825305,0.0,0.0,0.0,0.0,0.0,0.0,0.0,0.0,0.0,0.0,0.006839048849999999
3335.0,1.004450482091702,0.271727445,0.243158445,0.13164091825136318,0.6153204858011754,0.0,0.2574890780391633,0.0,0.0,0.0,0.0,0.0,0.0,0.0,0.0,0.0,0.0,0.006839048849999999
3336.0,0.9940594003517426,0.140620828,0.236940245,0.06812508365942573,0.5995851250786273,0.0,0.32634919161368947,0.0,0.0,0.0,0.0,0.0,0.0,0.0,0.0,0.0,0.0,0.006839048849999999
3337.0,0.9940171235344204,0.052219975,0.239842478,0.025298458387459644,0.606929321655753,0.0,0.3617893434912079,0.0,0.0,0.0,0.0,0.0,0.0,0.0,0.0,0.0,0.0,0.006839048849999999
3338.0,0.9846762757308889,0.010148333,0.246243813,0.0049164554387968115,0.6231281115516831,0.0,0.35663170874040906,0.0,0.0,0.0,0.0,0.0,0.0,0.0,0.0,0.0,0.0,0.006839048849999999
3339.0,0.9456663294725018,0.000415464,0.253218057,0.00020127544518141829,0.640776666616986,0.0,0.3046883874103345,0.0,0.0,0.0,0.0,0.0,0.0,0.0,0.0,0.0,0.0,0.006839048849999999
3340.0,0.8863058832377616,0.0,0.254057402,0.0,0.6429006568948263,0.0,0.2434052263429353,0.0,0.0,0.0,0.0,0.0,0.0,0.0,0.0,0.0,0.0,0.006839048849999999
3341.0,0.8305433771433676,0.0,0.25046797,0.0,0.6338174805240024,0.0,0.19672589661936513,0.0,0.0,0.0,0.0,0.0,0.0,0.0,0.0,0.0,0.0,0.006839048849999999
3342.0,0.793649473585334,0.0,0.237841776,0.0,0.6018664790858255,0.0,0.19178299449950856,0.0,0.0,0.0,0.0,0.0,0.0,0.0,0.0,0.0,0.0,0.006839048849999999
3343.0,0.7608764018033879,0.0,0.220768287,0.0,0.5586614505876335,0.0,0.2022149512157544,0.0,0.0,0.0,0.0,0.0,0.0,0.0,0.0,0.0,0.0,0.006839048849999999
3344.0,0.7451540504113652,0.0,0.206461602,0.0,0.5224579111037205,0.0,0.2226961393076447,0.0,0.0,0.0,0.0,0.0,0.0,0.0,0.0,0.0,0.0,0.006839048849999999
3345.0,0.740523676994524,0.000385546,0.188306568,0.00018678138849073588,0.47651599721865334,0.0,0.26382089838738,0.0,0.0,0.0,0.0,0.0,0.0,0.0,0.0,0.0,0.0,0.006839048849999999
3346.0,0.7593655785409847,0.007548147,0.169070049,0.0036567708579318234,0.4278373497786948,0.0,0.3278714579043582,0.0,0.0,0.0,0.0,0.0,0.0,0.0,0.0,0.0,0.0,0.006839048849999999
3347.0,0.8050907892617211,0.043915206,0.153745706,0.02127513488023918,0.38905859307401264,0.0,0.3947570613074693,0.0,0.0,0.0,0.0,0.0,0.0,0.0,0.0,0.0,0.0,0.006839048849999999
3348.0,0.8536774415677905,0.127251019,0.144150817,0.06164795385163122,0.3647784091770957,0.0,0.42725107853906347,0.0,0.0,0.0,0.0,0.0,0.0,0.0,0.0,0.0,0.0,0.006839048849999999
3349.0,0.8888602649391363,0.259192211,0.13724362,0.1255681061574074,0.34729951876239346,0.0,0.41599264001933545,0.0,0.0,0.0,0.0,0.0,0.0,0.0,0.0,0.0,0.0,0.006839048849999999
3350.0,0.9203850716928053,0.407824981,0.133623768,0.19757465052779172,0.33813936357564534,0.0,0.3846710575893682,0.0,0.0,0.0,0.0,0.0,0.0,0.0,0.0,0.0,0.0,0.006839048849999999
3351.0,0.9494445000447648,0.547129646,0.136227257,0.2650621066340328,0.3447275785819471,0.0,0.33965481482878485,0.0,0.0,0.0,0.0,0.0,0.0,0.0,0.0,0.0,0.0,0.006839048849999999
3352.0,0.9695413421169589,0.65980814,0.137786788,0.31965026359160736,0.3486740233477951,0.0,0.3012170551775565,0.0,0.0,0.0,0.0,0.0,0.0,0.0,0.0,0.0,0.0,0.006839048849999999
3353.0,0.9827604889548955,0.734291669,0.143630584,0.35573451026077263,0.3634619423676054,0.0,0.2635640363265175,0.0,0.0,0.0,0.0,0.0,0.0,0.0,0.0,0.0,0.0,0.006839048849999999
3354.0,0.9922637675303351,0.758965297,0.152427884,0.36768788157559346,0.3857238009254633,0.0,0.23885208502927838,0.0,0.0,0.0,0.0,0.0,0.0,0.0,0.0,0.0,0.0,0.006839048849999999
3355.0,0.9997511318675637,0.733242429,0.162135482,0.35522619606723926,0.4102891986739252,0.0,0.23423573712639922,0.0,0.0,0.0,0.0,0.0,0.0,0.0,0.0,0.0,0.0,0.006839048849999999
3356.0,1.0050178753772756,0.660309386,0.170742685,0.319893096934076,0.4320700104871828,0.0,0.2530547679560168,0.0,0.0,0.0,0.0,0.0,0.0,0.0,0.0,0.0,0.0,0.006839048849999999
3357.0,1.0101867152573556,0.547957617,0.175393788,0.2654632249779141,0.44383978043069144,0.0,0.30088370984875007,0.0,0.0,0.0,0.0,0.0,0.0,0.0,0.0,0.0,0.0,0.006839048849999999
3358.0,1.0108653621675487,0.41488766,0.176953691,0.2009962318438587,0.4477871665548407,0.0,0.36208196376884927,0.0,0.0,0.0,0.0,0.0,0.0,0.0,0.0,0.0,0.0,0.006839048849999999
3359.0,1.000458704600167,0.271948276,0.176591907,0.13174790190779276,0.44687166017941915,0.0,0.4218391425129551,0.0,0.0,0.0,0.0,0.0,0.0,0.0,0.0,0.0,0.0,0.006839048849999999
3360.0,0.9828939939043935,0.144329079,0.181871431,0.06992158075873983,0.46023167024396355,0.0,0.45274074290169003,0.0,0.0,0.0,0.0,0.0,0.0,0.0,0.0,0.0,0.0,0.006839048849999999
3361.0,0.9761498026197095,0.054152475,0.193049551,0.026234676201308958,0.4885182725404367,0.0,0.4613968538779638,0.0,0.0,0.0,0.0,0.0,0.0,0.0,0.0,0.0,0.0,0.006839048849999999
3362.0,0.9645193561814396,0.010392711,0.217253875,0.0050348466610026935,0.5497681148075603,0.0,0.4097163947128766,0.0,0.0,0.0,0.0,0.0,0.0,0.0,0.0,0.0,0.0,0.006839048849999999
3363.0,0.9235847238170173,0.000413747,0.240271365,0.00020044362837087277,0.608014634391627,0.0,0.31536964579701954,0.0,0.0,0.0,0.0,0.0,0.0,0.0,0.0,0.0,0.0,0.006839048849999999
3364.0,0.8825076871730552,0.0,0.253294077,0.0,0.6409690377408045,0.0,0.24153864943225073,0.0,0.0,0.0,0.0,0.0,0.0,0.0,0.0,0.0,0.0,0.006839048849999999
3365.0,0.8336139759829521,0.0,0.259785027,0.0,0.6573946013576105,0.0,0.17621937462534154,0.0,0.0,0.0,0.0,0.0,0.0,0.0,0.0,0.0,0.0,0.006839048849999999
3366.0,0.7923522572422032,0.0,0.260803722,0.0,0.6599724427411712,0.0,0.13237981450103198,0.0,0.0,0.0,0.0,0.0,0.0,0.0,0.0,0.0,0.0,0.006839048849999999
3367.0,0.757276236830531,0.0,0.257163632,0.0,0.6507610746261956,0.0,0.10651516220433545,0.0,0.0,0.0,0.0,0.0,0.0,0.0,0.0,0.0,0.0,0.006839048849999999
3368.0,0.7367210302648721,8.84e-10,0.251730266,4.282621202808758e-10,0.6370117622934259,0.0,0.09970926754318409,0.0,0.0,0.0,0.0,0.0,0.0,0.0,0.0,0.0,0.0,0.006839048849999999
3369.0,0.725824857549105,0.000442633,0.240074994,0.00021443772294828608,0.6075177110825588,0.0,0.1180927087435979,0.0,0.0,0.0,0.0,0.0,0.0,0.0,0.0,0.0,0.0,0.006839048849999999
3370.0,0.7255890003048788,0.006182072,0.228284814,0.002994962966571306,0.5776822707165731,0.0,0.14491176662173438,0.0,0.0,0.0,0.0,0.0,0.0,0.0,0.0,0.0,0.0,0.006839048849999999
3371.0,0.7355506433737832,0.039766475,0.207796532,0.019265243099090997,0.5258359956119948,0.0,0.19044940466269744,0.0,0.0,0.0,0.0,0.0,0.0,0.0,0.0,0.0,0.0,0.006839048849999999
3372.0,0.7524990094691292,0.126950952,0.182981495,0.06150258356922589,0.46304072390340106,0.0,0.22795570199650225,0.0,0.0,0.0,0.0,0.0,0.0,0.0,0.0,0.0,0.0,0.006839048849999999
3373.0,0.7915890586972151,0.262709043,0.177393688,0.12727186852052008,0.4489005935130986,0.0,0.2154165966635965,0.0,0.0,0.0,0.0,0.0,0.0,0.0,0.0,0.0,0.0,0.006839048849999999
3374.0,0.8354986111041003,0.413074704,0.189331149,0.20011792824596739,0.47910873331985127,0.0,0.1562719495382817,0.0,0.0,0.0,0.0,0.0,0.0,0.0,0.0,0.0,0.0,0.006839048849999999
3375.0,0.8770584883989163,0.552845121,0.201110349,0.2678310222923047,0.5089163884327518,0.0,0.10031107767385974,0.0,0.0,0.0,0.0,0.0,0.0,0.0,0.0,0.0,0.0,0.006839048849999999
3376.0,0.9093665201899416,0.664663251,0.205063059,0.3220023678122624,0.5189188517954006,0.0,0.06844530058227856,0.0,0.0,0.0,0.0,0.0,0.0,0.0,0.0,0.0,0.0,0.006839048849999999
3377.0,0.9307383272803879,0.736967624,0.214435646,0.3570309018468317,0.5426364931302669,0.0,0.031070932303289306,0.0,0.0,0.0,0.0,0.0,0.0,0.0,0.0,0.0,0.0,0.006839048849999999
3378.0,0.9450366338771624,0.760967924,0.226270047,0.36865807307463383,0.5725838361990463,0.0,0.0037947246034823,0.0,0.0,0.0,0.0,0.0,0.0,0.0,0.0,0.0,0.0,0.006839048849999999
3379.0,0.9562977191216329,0.733618243,0.240330793,0.35540826269673165,0.6008894564249011,0.0,0.0,0.0,0.0,0.0,0.0,0.0,0.0,0.0,0.007275562485882324,0.0,0.0,3.675e-09
3380.0,0.9649665955124274,0.659586977,0.253318752,0.319543119094653,0.6410314786442538,0.0,0.00439199777352063,0.0,0.0,0.0,0.0,0.0,0.0,0.0,0.0,0.0,0.0,0.006839048849999999
3381.0,0.9729879766478741,0.54549362,0.261545343,0.2642695184399212,0.6618491392054882,0.0,0.04686931900246472,0.0,0.0,0.0,0.0,0.0,0.0,0.0,0.0,0.0,0.0,0.006839048849999999
3382.0,0.9788421389356032,0.4105071,0.260034549,0.19887402832166687,0.6580260250297683,0.0,0.1219420855841681,0.0,0.0,0.0,0.0,0.0,0.0,0.0,0.0,0.0,0.0,0.006839048849999999
3383.0,0.9727743707285266,0.266456645,0.246789376,0.12908742958215905,0.6245086767637822,0.0,0.21917826438258534,0.0,0.0,0.0,0.0,0.0,0.0,0.0,0.0,0.0,0.0,0.006839048849999999
3384.0,0.9609458921984823,0.136563853,0.245332866,0.06615964393609258,0.6208229300451179,0.0,0.2739633182172718,0.0,0.0,0.0,0.0,0.0,0.0,0.0,0.0,0.0,0.0,0.006839048849999999
3385.0,0.9506126621033432,0.04970188,0.249953344,0.024078543564191913,0.6325152024134235,0.0,0.2940189161257278,0.0,0.0,0.0,0.0,0.0,0.0,0.0,0.0,0.0,0.0,0.006839048849999999
3386.0,0.9411583358426818,0.009805643,0.268455851,0.00475043604287028,0.6793364082151783,0.0,0.25707149158463344,0.0,0.0,0.0,0.0,0.0,0.0,0.0,0.0,0.0,0.0,0.006839048849999999
3387.0,0.9094265966672722,0.000404875,0.293219718,0.00019614550446687737,0.7420021925466896,0.0,0.1672282586161156,0.0,0.0,0.0,0.0,0.0,0.0,0.0,0.0,0.0,0.0,0.006839048849999999
3388.0,0.8885109292377804,0.0,0.300721033,0.0,0.7609845182066011,0.0,0.12752641103117932,0.0,0.0,0.0,0.0,0.0,0.0,0.0,0.0,0.0,0.0,0.006839048849999999
3389.0,0.8274082521614317,0.0,0.29151889,0.0,0.7376981910499526,0.0,0.089710061111479,0.0,0.0,0.0,0.0,0.0,0.0,0.0,0.0,0.0,0.0,0.006839048849999999
3390.0,0.7843331019391917,0.0,0.273851025,0.0,0.6929890744290202,0.0,0.09134402751017139,0.0,0.0,0.0,0.0,0.0,0.0,0.0,0.0,0.0,0.0,0.006839048849999999
3391.0,0.7571805590333343,0.0,0.251806934,0.0,0.6372057732026724,0.0,0.11997478583066186,0.0,0.0,0.0,0.0,0.0,0.0,0.0,0.0,0.0,0.0,0.006839048849999999
3392.0,0.7271532255470811,4.1e-10,0.227468319,1.9862835895379985e-10,0.5756161031193332,0.0,0.1515371222291194,0.0,0.0,0.0,0.0,0.0,0.0,0.0,0.0,0.0,0.0,0.006839048849999999
3393.0,0.7146194001168688,0.000284111,0.198629226,0.00013764024802615372,0.5026378246358314,0.0,0.2118439352330113,0.0,0.0,0.0,0.0,0.0,0.0,0.0,0.0,0.0,0.0,0.006839048849999999
3394.0,0.710928007011836,0.007395118,0.174893762,0.0035826345185602597,0.44257444810290325,0.0,0.2647709243903725,0.0,0.0,0.0,0.0,0.0,0.0,0.0,0.0,0.0,0.0,0.006839048849999999
3395.0,0.7106164974628567,0.050225658,0.15392532,0.024332292746133632,0.3895131122404627,0.0,0.2967710924762603,0.0,0.0,0.0,0.0,0.0,0.0,0.0,0.0,0.0,0.0,0.006839048849999999
3396.0,0.7214503678688582,0.146084847,0.133686733,0.070772179091773,0.33829869859026296,0.0,0.31237949018682226,0.0,0.0,0.0,0.0,0.0,0.0,0.0,0.0,0.0,0.0,0.006839048849999999
3397.0,0.7571182577234933,0.283265532,0.125627598,0.1372306530959392,0.31790479097443963,0.0,0.30198281365311447,0.0,0.0,0.0,0.0,0.0,0.0,0.0,0.0,0.0,0.0,0.006839048849999999
3398.0,0.798778262480527,0.435451587,0.151553679,0.21095861982838487,0.3835115962648774,0.0,0.2043080463872647,0.0,0.0,0.0,0.0,0.0,0.0,0.0,0.0,0.0,0.0,0.006839048849999999
3399.0,0.8360370775673391,0.577267309,0.186398552,0.27966258113255144,0.47168769963665313,0.0,0.08468679679813446,0.0,0.0,0.0,0.0,0.0,0.0,0.0,0.0,0.0,0.0,0.006839048849999999
3400.0,0.8661200388658269,0.687736126,0.205894608,0.33318023926981394,0.5210231140374441,0.0,0.011916685558568847,0.0,0.0,0.0,0.0,0.0,0.0,0.0,0.0,0.0,0.0,0.006839048849999999
3401.0,0.8930122473701442,0.758065722,0.223849992,0.36725207399996934,0.5257601733701748,0.0,0.0,0.0,0.0,0.0,0.0,0.0,0.0,0.0,0.04069963362533887,0.0,0.0,3.675e-09
3402.0,0.9142461008459963,0.778749833,0.242658897,0.3772726862544773,0.536973414591519,0.0,0.0,0.0,0.0,0.0,0.0,0.0,0.0,0.0,0.07708294847667456,0.0,0.0,3.675e-09
3403.0,0.9328788461381304,0.745515176,0.262647769,0.3611718438634957,0.5717070022746348,0.0,0.0,0.0,0.0,0.0,0.0,0.0,0.0,0.0,0.09293186237871863,0.0,0.0,3.675e-09
3404.0,0.9488971322516345,0.663219265,0.280730257,0.321302815203647,0.6275943170479875,0.0,0.0,0.0,0.0,0.0,0.0,0.0,0.0,0.0,0.0828028814384923,0.0,0.0,3.675e-09
3405.0,0.9670225617354502,0.543512473,0.293940493,0.2633097331290523,0.7037128286063978,0.0,0.0,0.0,0.0,0.0,0.0,0.0,0.0,0.0,0.04011330891227649,0.0,0.0,3.675e-09
3406.0,0.9817436315058234,0.404216537,0.301772293,0.1958265058690193,0.7636447663995164,0.0,0.02227235923728784,0.0,0.0,0.0,0.0,0.0,0.0,0.0,0.0,0.0,0.0,0.006839048849999999
3407.0,0.9882475148813357,0.257756014,0.306938942,0.12487232700315282,0.7767191425440264,0.0,0.0866560453341565,0.0,0.0,0.0,0.0,0.0,0.0,0.0,0.0,0.0,0.0,0.006839048849999999
3408.0,0.9845805969337674,0.128918215,0.30830712,0.062455642645617426,0.7801813622157407,0.0,0.1419435920724093,0.0,0.0,0.0,0.0,0.0,0.0,0.0,0.0,0.0,0.0,0.006839048849999999
3409.0,0.9805509932898558,0.046399935,0.311638904,0.02247888523076337,0.7886125518026974,0.0,0.16945955625639503,0.0,0.0,0.0,0.0,0.0,0.0,0.0,0.0,0.0,0.0,0.006839048849999999
3410.0,0.9735709457608703,0.009485489,0.324255998,0.004595334424254438,0.8205405253899569,0.0,0.14843508594665905,0.0,0.0,0.0,0.0,0.0,0.0,0.0,0.0,0.0,0.0,0.006839048849999999
3411.0,0.9385550018265288,0.000429985,0.329255633,0.00020831028030426742,0.8331922670846719,0.0,0.10515442446155261,0.0,0.0,0.0,0.0,0.0,0.0,0.0,0.0,0.0,0.0,0.006839048849999999
3412.0,0.8841987408673747,0.0,0.330196581,0.0,0.8355733671138058,0.0,0.04862537375356897,0.0,0.0,0.0,0.0,0.0,0.0,0.0,0.0,0.0,0.0,0.006839048849999999
3413.0,0.8299337080403965,0.0,0.322134921,0.0,0.8151730699019862,0.0,0.014760638138410278,0.0,0.0,0.0,0.0,0.0,0.0,0.0,0.0,0.0,0.0,0.006839048849999999
3414.0,0.7848203922550666,0.0,0.308566021,0.0,0.780836519757542,0.0,0.003983872497524658,0.0,0.0,0.0,0.0,0.0,0.0,0.0,0.0,0.0,0.0,0.006839048849999999
3415.0,0.7513441974055382,0.0,0.297365575,0.0,0.7513441974055383,0.0,0.0,0.0,0.0,0.0,0.0,0.0,0.0,0.0,0.0011492233742576904,0.0,0.0,3.675e-09
3416.0,0.7320617320255457,7.76e-09,0.290930058,3.759405037759724e-09,0.7320617282661406,0.0,0.0,0.0,0.0,0.0,0.0,0.0,0.0,0.0,0.004146403936399658,0.0,0.0,3.675e-09
3417.0,0.7269017924754323,0.000596704,0.273592812,0.00028907886902723945,0.6923356578939698,0.0,0.034277055712435306,0.0,0.0,0.0,0.0,0.0,0.0,0.0,0.0,0.0,0.0,0.006839048849999999
3418.0,0.7486874634094354,0.00961411,0.256248109,0.004657646078295895,0.6484443134003121,0.0,0.09558550393082751,0.0,0.0,0.0,0.0,0.0,0.0,0.0,0.0,0.0,0.0,0.006839048849999999
3419.0,0.7969203283492785,0.051267554,0.239402094,0.024837049069744675,0.6058149153811979,0.0,0.16626836389833605,0.0,0.0,0.0,0.0,0.0,0.0,0.0,0.0,0.0,0.0,0.006839048849999999
3420.0,0.8489558400187736,0.135530793,0.211689624,0.0656591682958467,0.5356875936542042,0.0,0.2476090780687227,0.0,0.0,0.0,0.0,0.0,0.0,0.0,0.0,0.0,0.0,0.006839048849999999
3421.0,0.8896190138191036,0.259875056,0.199567519,0.12589891684465082,0.5050122060996701,0.0,0.2587078908747828,0.0,0.0,0.0,0.0,0.0,0.0,0.0,0.0,0.0,0.0,0.006839048849999999
3422.0,0.926771025946242,0.399572046,0.239912808,0.19357643848973716,0.6071072940464154,0.0,0.12608729341008948,0.0,0.0,0.0,0.0,0.0,0.0,0.0,0.0,0.0,0.0,0.006839048849999999
3423.0,0.96193827449009,0.531335021,0.284407677,0.2574102518924702,0.7045280225976197,0.0,0.0,0.0,0.0,0.0,0.0,0.0,0.0,0.0,0.01517500880325879,0.0,0.0,3.675e-09
3424.0,0.9929513147704947,0.632381671,0.307796098,0.30636325254437013,0.6865880622261247,0.0,0.0,0.0,0.0,0.0,0.0,0.0,0.0,0.0,0.09230014192021374,0.0,0.0,3.675e-09
3425.0,1.0184573046319407,0.693230422,0.321536172,0.3358420026797808,0.6826153019521599,0.0,0.0,0.0,0.0,0.0,0.0,0.0,0.0,0.0,0.13104261380597998,0.0,0.0,3.675e-09
3426.0,1.043620633289562,0.710724454,0.327946275,0.3443171511374522,0.6993034821521096,0.0,0.0,0.0,0.0,0.0,0.0,0.0,0.0,0.0,0.1305754112158993,0.0,0.0,3.675e-09
3427.0,1.0640935120530115,0.680991236,0.327966524,0.3299126138258532,0.7341808982271582,0.0,0.0,0.0,0.0,0.0,0.0,0.0,0.0,0.0,0.09574923590494165,0.0,0.0,3.675e-09
3428.0,1.081615946931387,0.606558835,0.324459864,0.2938531365975089,0.7877628103338782,0.0,0.0,0.0,0.0,0.0,0.0,0.0,0.0,0.0,0.033293604710490476,0.0,0.0,3.675e-09
3429.0,1.0924030908550457,0.50158693,0.316817762,0.2429985092160353,0.801717823225433,0.0,0.047686758413577515,0.0,0.0,0.0,0.0,0.0,0.0,0.0,0.0,0.0,0.0,0.006839048849999999
3430.0,1.0972359460286818,0.380264796,0.303217241,0.18422285950580847,0.7673012550948501,0.0,0.1457118314280232,0.0,0.0,0.0,0.0,0.0,0.0,0.0,0.0,0.0,0.0,0.006839048849999999
3431.0,1.0916821681274549,0.248455112,0.296926763,0.12036641748839645,0.7513829925032234,0.0,0.21993275813583496,0.0,0.0,0.0,0.0,0.0,0.0,0.0,0.0,0.0,0.0,0.006839048849999999
3432.0,1.0766940894580104,0.13049257,0.312977651,0.06321835374332647,0.7920002953556917,0.0,0.22147544035899205,0.0,0.0,0.0,0.0,0.0,0.0,0.0,0.0,0.0,0.0,0.006839048849999999
3433.0,1.0630877797664164,0.052687626,0.340222738,0.025525016315979407,0.8609448889458313,0.0,0.17661787450460573,0.0,0.0,0.0,0.0,0.0,0.0,0.0,0.0,0.0,0.0,0.006839048849999999
3434.0,1.0477748405530802,0.012147825,0.357293304,0.00588512815758035,0.9041425206958658,0.0,0.13774719169963415,0.0,0.0,0.0,0.0,0.0,0.0,0.0,0.0,0.0,0.0,0.006839048849999999
3435.0,0.9987476244134791,0.000580014,0.365226387,0.0002809932414395836,0.9242174495574196,0.0,0.07424918161461999,0.0,0.0,0.0,0.0,0.0,0.0,0.0,0.0,0.0,0.0,0.006839048849999999
3436.0,0.9348458090614878,0.0,0.359638433,0.0,0.910076947178756,0.0,0.02476886188273181,0.0,0.0,0.0,0.0,0.0,0.0,0.0,0.0,0.0,0.0,0.006839048849999999
3437.0,0.8730644850749462,0.0,0.347957629,0.0,0.8730644850749462,0.0,0.0,0.0,0.0,0.0,0.0,0.0,0.0,0.0,0.0074538013226541746,0.0,0.0,3.675e-09
3438.0,0.8240061182804245,0.0,0.328456633,0.0,0.8240061182804245,0.0,0.0,0.0,0.0,0.0,0.0,0.0,0.0,0.0,0.007164252883029785,0.0,0.0,3.675e-09
3439.0,0.7869164094629765,0.0,0.309831668,0.0,0.7840392813432758,0.0,0.0028771281197005616,0.0,0.0,0.0,0.0,0.0,0.0,0.0,0.0,0.0,0.0,0.006839048849999999
3440.0,0.7656358295047814,2.14e-09,0.296575303,1.0367431418564187e-09,0.7504936113511944,0.0,0.01514221711684375,0.0,0.0,0.0,0.0,0.0,0.0,0.0,0.0,0.0,0.0,0.006839048849999999
3441.0,0.7596526129324996,0.000357837,0.27930402,0.0001733575026413436,0.7067880585953787,0.0,0.052691196834479495,0.0,0.0,0.0,0.0,0.0,0.0,0.0,0.0,0.0,0.0,0.006839048849999999
3442.0,0.7752993130196939,0.007819409,0.261017394,0.0037881862869721295,0.6605131468028462,0.0,0.11099797992987549,0.0,0.0,0.0,0.0,0.0,0.0,0.0,0.0,0.0,0.0,0.006839048849999999
3443.0,0.8160136629673879,0.041880189,0.231241123,0.020289251740841414,0.5851633083998762,0.0,0.21056110282667018,0.0,0.0,0.0,0.0,0.0,0.0,0.0,0.0,0.0,0.0,0.006839048849999999
3444.0,0.8674484058638783,0.11391108,0.203357143,0.05518529484647564,0.5146019749464145,0.0,0.29766113607098826,0.0,0.0,0.0,0.0,0.0,0.0,0.0,0.0,0.0,0.0,0.006839048849999999
3445.0,0.9094688734845944,0.231783288,0.183150172,0.11228959543501456,0.46346756662968797,0.0,0.33371171141989187,0.0,0.0,0.0,0.0,0.0,0.0,0.0,0.0,0.0,0.0,0.006839048849999999
3446.0,0.9502321757470668,0.370096663,0.209449939,0.17929681177065243,0.530019996700121,0.0,0.24091536727629334,0.0,0.0,0.0,0.0,0.0,0.0,0.0,0.0,0.0,0.0,0.006839048849999999
3447.0,0.9914916676554557,0.501752712,0.247112946,0.24307882386628918,0.6253274813485487,0.0,0.1230853624406178,0.0,0.0,0.0,0.0,0.0,0.0,0.0,0.0,0.0,0.0,0.006839048849999999
3448.0,1.0290352923012724,0.605247489,0.268880281,0.29321784268531226,0.6804104423651687,0.0,0.05540700725079151,0.0,0.0,0.0,0.0,0.0,0.0,0.0,0.0,0.0,0.0,0.006839048849999999
3449.0,1.060281964993393,0.670333055,0.287056007,0.32474915772472496,0.7264047180404761,0.0,0.009128089228191895,0.0,0.0,0.0,0.0,0.0,0.0,0.0,0.0,0.0,0.0,0.006839048849999999
3450.0,1.0814423909970021,0.691875794,0.301135455,0.3351857403953104,0.7462566506016917,0.0,0.0,0.0,0.0,0.0,0.0,0.0,0.0,0.0,0.015776576179956786,0.0,0.0,3.675e-09
3451.0,1.114725004419702,0.668565727,0.307000575,0.32389295904088816,0.7768751068885975,0.0,0.013956938490216186,0.0,0.0,0.0,0.0,0.0,0.0,0.0,0.0,0.0,0.0,0.006839048849999999
3452.0,1.1345615130902806,0.603760782,0.304775216,0.29249759348615345,0.7712437623512445,0.0,0.07082015725288257,0.0,0.0,0.0,0.0,0.0,0.0,0.0,0.0,0.0,0.0,0.006839048849999999
3453.0,1.1189415139929861,0.502414663,0.288590457,0.24339951225857656,0.7302876945064493,0.0,0.14525430722796032,0.0,0.0,0.0,0.0,0.0,0.0,0.0,0.0,0.0,0.0,0.006839048849999999
3454.0,1.1266313590870851,0.381789381,0.268679908,0.18496145905857816,0.679903391862763,0.0,0.26176650816574404,0.0,0.0,0.0,0.0,0.0,0.0,0.0,0.0,0.0,0.0,0.006839048849999999
3455.0,1.122029912492579,0.252598159,0.263030961,0.12237355560224636,0.6656085446806916,0.0,0.33404781220964114,0.0,0.0,0.0,0.0,0.0,0.0,0.0,0.0,0.0,0.0,0.006839048849999999
3456.0,1.1347306183597203,0.136758239,0.281238023,0.06625381606336964,0.7116821171402133,0.0,0.3567946851561372,0.0,0.0,0.0,0.0,0.0,0.0,0.0,0.0,0.0,0.0,0.006839048849999999
3457.0,1.1164627845963646,0.05588901,0.308565666,0.027075956926469535,0.780835621418303,0.0,0.30855120625159205,0.0,0.0,0.0,0.0,0.0,0.0,0.0,0.0,0.0,0.0,0.006839048849999999
3458.0,1.0987378689611185,0.012837502,0.330640367,0.006219248671527131,0.8366963822618578,0.0,0.2558222380277335,0.0,0.0,0.0,0.0,0.0,0.0,0.0,0.0,0.0,0.0,0.006839048849999999
3459.0,1.0456966240051035,0.000580513,0.345228043,0.0002812349866862127,0.873610978763041,0.0,0.17180441025537646,0.0,0.0,0.0,0.0,0.0,0.0,0.0,0.0,0.0,0.0,0.006839048849999999
3460.0,0.9787753869608166,0.0,0.351262588,0.0,0.8888815944350117,0.0,0.08989379252580482,0.0,0.0,0.0,0.0,0.0,0.0,0.0,0.0,0.0,0.0,0.006839048849999999
3461.0,0.9172388215483923,0.0,0.348803939,0.0,0.8826599018382584,0.0,0.03457891971013391,0.0,0.0,0.0,0.0,0.0,0.0,0.0,0.0,0.0,0.0,0.006839048849999999
3462.0,0.8635322806770964,0.0,0.343966695,0.0,0.8635322806770964,0.0,0.0,0.0,0.0,0.0,0.0,0.0,0.0,0.0,0.0068868152618692625,0.0,0.0,3.675e-09
3463.0,0.8218121984428074,0.0,0.339847528,0.0,0.8218121984428074,0.0,0.0,0.0,0.0,0.0,0.0,0.0,0.0,0.0,0.038183209190633303,0.0,0.0,3.675e-09
3464.0,0.795429530579319,5.1e-08,0.337498539,2.470743001620437e-08,0.7954295058718889,0.0,0.0,0.0,0.0,0.0,0.0,0.0,0.0,0.0,0.05862170742101941,0.0,0.0,3.675e-09
3465.0,0.7862199618928504,0.000340675,0.317658612,0.00016504321021118477,0.7860549186826392,0.0,0.0,0.0,0.0,0.0,0.0,0.0,0.0,0.0,0.017790703272901366,0.0,0.0,3.675e-09
3466.0,0.8023584019609402,0.005359777,0.296694627,0.002596594414312977,0.7507955646789835,0.0,0.0489662428676438,0.0,0.0,0.0,0.0,0.0,0.0,0.0,0.0,0.0,0.0,0.006839048849999999
3467.0,0.872352462677322,0.032072412,0.274680394,0.015537781861585751,0.6950878201089757,0.0,0.16172686070676062,0.0,0.0,0.0,0.0,0.0,0.0,0.0,0.0,0.0,0.0,0.006839048849999999
3468.0,0.8906781480854978,0.100666093,0.249659851,0.04876863623141609,0.6317725086717388,0.0,0.21013700318234277,0.0,0.0,0.0,0.0,0.0,0.0,0.0,0.0,0.0,0.0,0.006839048849999999
3469.0,0.9357647628809279,0.219407637,0.258983452,0.10629409482741711,0.655366189313743,0.0,0.1741044787397677,0.0,0.0,0.0,0.0,0.0,0.0,0.0,0.0,0.0,0.0,0.006839048849999999
3470.0,0.9812674663524256,0.361544318,0.312008401,0.17515354774002626,0.7895475761796714,0.0,0.016566342432727907,0.0,0.0,0.0,0.0,0.0,0.0,0.0,0.0,0.0,0.0,0.006839048849999999
3471.0,1.0283099189087364,0.497593616,0.351625621,0.24106391066333474,0.7872460082454016,0.0,0.0,0.0,0.0,0.0,0.0,0.0,0.0,0.0,0.1025542532008335,0.0,0.0,3.675e-09
3472.0,1.0717544313247005,0.598577088,0.378284572,0.2899863041384982,0.7817681271862023,0.0,0.0,0.0,0.0,0.0,0.0,0.0,0.0,0.0,0.17549349131991088,0.0,0.0,3.675e-09
3473.0,1.108234472039102,0.660752995,0.399950344,0.32010800748941054,0.7881264645496915,0.0,0.0,0.0,0.0,0.0,0.0,0.0,0.0,0.0,0.22396110644307093,0.0,0.0,3.675e-09
3474.0,1.1426229452106145,0.680804839,0.416786612,0.32982231204481927,0.8128006331657952,0.0,0.0,0.0,0.0,0.0,0.0,0.0,0.0,0.0,0.24189167074026904,0.0,0.0,3.675e-09
3475.0,1.1726146783769265,0.657962579,0.423251216,0.3187561641945851,0.8538585141823414,0.0,0.0,0.0,0.0,0.0,0.0,0.0,0.0,0.0,0.217192683916323,0.0,0.0,3.675e-09
3476.0,1.3351783702785804,0.59044961,0.415290792,0.28604887092490516,1.0491294993536753,0.0,0.0,0.0,0.0,0.0,0.0,0.0,0.0,0.0,0.0017775825788272706,0.0,0.0,3.675e-09
3477.0,1.2118360057221504,0.488881308,0.384555722,0.23684315105177361,0.9731309709546042,0.0,0.001861883715772461,0.0,0.0,0.0,0.0,0.0,0.0,0.0,0.0,0.0,0.0,0.006839048849999999
3478.0,1.2187448516113282,0.375829018,0.336515824,0.18207390510380025,0.8515644204891294,0.0,0.18510652601839844,0.0,0.0,0.0,0.0,0.0,0.0,0.0,0.0,0.0,0.0,0.006839048849999999
3479.0,1.207332461757351,0.255293755,0.298344386,0.12367946245561813,0.7549703343824781,0.0,0.3286826649192549,0.0,0.0,0.0,0.0,0.0,0.0,0.0,0.0,0.0,0.0,0.006839048849999999
3480.0,1.1831147889089944,0.142546113,0.285744835,0.06905780609861686,0.7230867539368279,0.0,0.39097022887354954,0.0,0.0,0.0,0.0,0.0,0.0,0.0,0.0,0.0,0.0,0.006839048849999999
3481.0,1.1617073794987574,0.058344459,0.283696937,0.028265522305407947,0.7179044803282297,0.0,0.41553737686511966,0.0,0.0,0.0,0.0,0.0,0.0,0.0,0.0,0.0,0.0,0.006839048849999999
3482.0,1.140364498230721,0.013395126,0.29290379,0.006489394866730188,0.7412027262956277,0.0,0.39267237706836305,0.0,0.0,0.0,0.0,0.0,0.0,0.0,0.0,0.0,0.0,0.006839048849999999
3483.0,1.087301002949752,0.000695011,0.300038196,0.00033670462045082777,0.7592565765981448,0.0,0.3277077217311565,0.0,0.0,0.0,0.0,0.0,0.0,0.0,0.0,0.0,0.0,0.006839048849999999
3484.0,1.0149127664713935,2.12e-11,0.300343772,1.0270539536147698e-11,0.7600298467708883,0.0,0.25488291969023474,0.0,0.0,0.0,0.0,0.0,0.0,0.0,0.0,0.0,0.0,0.006839048849999999
3485.0,0.9474953377813404,0.0,0.295701963,0.0,0.7482835956017123,0.0,0.19921174217962817,0.0,0.0,0.0,0.0,0.0,0.0,0.0,0.0,0.0,0.0,0.006839048849999999
3486.0,0.8916638548796494,0.0,0.287298175,0.0,0.7270175321724528,0.0,0.16464632270719665,0.0,0.0,0.0,0.0,0.0,0.0,0.0,0.0,0.0,0.0,0.006839048849999999
3487.0,0.8477098008229313,0.0,0.274300011,0.0,0.694125248349025,0.0,0.15358455247390637,0.0,0.0,0.0,0.0,0.0,0.0,0.0,0.0,0.0,0.0,0.006839048849999999
3488.0,0.8172886289855649,3.42e-09,0.262634956,1.6568511893219405e-09,0.6646064409331549,0.0,0.15268218639555872,0.0,0.0,0.0,0.0,0.0,0.0,0.0,0.0,0.0,0.0,0.006839048849999999
3489.0,0.8057471858469603,0.00029297,0.246537678,0.00014193207395779203,0.6238717466516688,0.0,0.18173350712133363,0.0,0.0,0.0,0.0,0.0,0.0,0.0,0.0,0.0,0.0,0.006839048849999999
3490.0,0.8189196062025538,0.006350014,0.229054983,0.003076324049155255,0.5796312088389114,0.0,0.23621207331448718,0.0,0.0,0.0,0.0,0.0,0.0,0.0,0.0,0.0,0.0,0.006839048849999999
3491.0,0.8620570587345595,0.03621255,0.205790243,0.017543510683005917,0.5207590149538172,0.0,0.3237545330977365,0.0,0.0,0.0,0.0,0.0,0.0,0.0,0.0,0.0,0.0,0.006839048849999999
3492.0,0.914486408755168,0.114209075,0.178447756,0.05532966132897914,0.45156794744286843,0.0,0.4075887999833204,0.0,0.0,0.0,0.0,0.0,0.0,0.0,0.0,0.0,0.0,0.006839048849999999
3493.0,0.9631998895133547,0.247807135,0.184351183,0.12005249893193352,0.466506764680048,0.0,0.37664062590137315,0.0,0.0,0.0,0.0,0.0,0.0,0.0,0.0,0.0,0.0,0.006839048849999999
3494.0,1.009993133830527,0.40234735,0.228635741,0.1949209606339272,0.5785703030944769,0.0,0.23650187010212292,0.0,0.0,0.0,0.0,0.0,0.0,0.0,0.0,0.0,0.0,0.006839048849999999
3495.0,1.0602841898259034,0.544808611,0.260966444,0.26393765938251,0.660384216143039,0.0,0.1359623143003545,0.0,0.0,0.0,0.0,0.0,0.0,0.0,0.0,0.0,0.0,0.006839048849999999
3496.0,1.106679147126866,0.654570084,0.277759713,0.3171126380613925,0.7028801386649559,0.0,0.08668637040051745,0.0,0.0,0.0,0.0,0.0,0.0,0.0,0.0,0.0,0.0,0.006839048849999999
3497.0,1.1451662017495121,0.718619658,0.287247731,0.34814205702556317,0.7268898819623778,0.0,0.07013426276157117,0.0,0.0,0.0,0.0,0.0,0.0,0.0,0.0,0.0,0.0,0.006839048849999999
3498.0,1.1799396119422467,0.735019919,0.294292139,0.35608731782762165,0.7447159893498538,0.0,0.07913630476477136,0.0,0.0,0.0,0.0,0.0,0.0,0.0,0.0,0.0,0.0,0.006839048849999999
3499.0,1.2039347785412895,0.705185518,0.296636474,0.34163376145932994,0.7506484065894883,0.0,0.11165261049247131,0.0,0.0,0.0,0.0,0.0,0.0,0.0,0.0,0.0,0.0,0.006839048849999999
3500.0,1.2245300360918354,0.63296064,0.290040341,0.30664373952572405,0.7339566739130058,0.0,0.18392962265310558,0.0,0.0,0.0,0.0,0.0,0.0,0.0,0.0,0.0,0.0,0.006839048849999999
3501.0,1.234950043654205,0.526804663,0.272492112,0.2552154773192672,0.6895503001461796,0.0,0.29018426618875803,0.0,0.0,0.0,0.0,0.0,0.0,0.0,0.0,0.0,0.0,0.006839048849999999
3502.0,1.232671571181868,0.40600988,0.251886138,0.19669530776446145,0.6374062015437789,0.0,0.3985700618736278,0.0,0.0,0.0,0.0,0.0,0.0,0.0,0.0,0.0,0.0,0.006839048849999999
3503.0,1.21639962616428,0.274522225,0.235504478,0.13299487572706295,0.5959518692073895,0.0,0.4874528812298275,0.0,0.0,0.0,0.0,0.0,0.0,0.0,0.0,0.0,0.0,0.006839048849999999
3504.0,1.1883948824136936,0.151915759,0.239186754,0.07359701929119745,0.6052699903903656,0.0,0.5095278727321305,0.0,0.0,0.0,0.0,0.0,0.0,0.0,0.0,0.0,0.0,0.006839048849999999
3505.0,1.1651095133797646,0.06153193,0.263502528,0.02980972263209777,0.6668018605679018,0.0,0.46849793017976515,0.0,0.0,0.0,0.0,0.0,0.0,0.0,0.0,0.0,0.0,0.006839048849999999
3506.0,1.1456690678928096,0.014734642,0.286784893,0.007138336000565207,0.725718655098317,0.0,0.41281207679392734,0.0,0.0,0.0,0.0,0.0,0.0,0.0,0.0,0.0,0.0,0.006839048849999999
3507.0,1.090389401449345,0.00083382,0.302770117,0.000403951946982579,0.7661697930274176,0.0,0.3238156564749448,0.0,0.0,0.0,0.0,0.0,0.0,0.0,0.0,0.0,0.0,0.006839048849999999
3508.0,1.0228251188147313,4.48e-10,0.303280937,2.1703781661293252e-10,0.7674624399291402,0.0,0.2553626786685531,0.0,0.0,0.0,0.0,0.0,0.0,0.0,0.0,0.0,0.0,0.006839048849999999
3509.0,0.9544286588279827,0.0,0.296643222,0.0,0.7506654826266301,0.0,0.20376317620135254,0.0,0.0,0.0,0.0,0.0,0.0,0.0,0.0,0.0,0.0,0.006839048849999999
3510.0,0.8954932015992763,0.0,0.286745875,0.0,0.7256199187590753,0.0,0.16987328284020092,0.0,0.0,0.0,0.0,0.0,0.0,0.0,0.0,0.0,0.0,0.006839048849999999
3511.0,0.8500171991176784,0.0,0.273108483,0.0,0.6911100473437477,0.0,0.15890715177393067,0.0,0.0,0.0,0.0,0.0,0.0,0.0,0.0,0.0,0.0,0.006839048849999999
3512.0,0.8208376178110577,1.47e-07,0.260651694,7.121553357611848e-08,0.6595877308599309,0.0,0.16124981573559327,0.0,0.0,0.0,0.0,0.0,0.0,0.0,0.0,0.0,0.0,0.006839048849999999
3513.0,0.810215128491893,0.000511034,0.242001786,0.00024757523119413696,0.612393521953441,0.0,0.19757403130725792,0.0,0.0,0.0,0.0,0.0,0.0,0.0,0.0,0.0,0.0,0.006839048849999999
3514.0,0.8212715061471333,0.007286805,0.223891463,0.0035301612662593748,0.5665647507323708,0.0,0.2511765941485032,0.0,0.0,0.0,0.0,0.0,0.0,0.0,0.0,0.0,0.0,0.006839048849999999
3515.0,0.8552105151551475,0.040683835,0.198420646,0.019709666785358942,0.5021100060485378,0.0,0.3333908423212507,0.0,0.0,0.0,0.0,0.0,0.0,0.0,0.0,0.0,0.0,0.006839048849999999
3516.0,0.9018302045378594,0.123156271,0.166688767,0.05966421464292549,0.42181143693380224,0.0,0.4203545529611317,0.0,0.0,0.0,0.0,0.0,0.0,0.0,0.0,0.0,0.0,0.006839048849999999
3517.0,0.9552563855151718,0.255540395,0.153196255,0.12379894952501413,0.3876681891493456,0.0,0.443789246840812,0.0,0.0,0.0,0.0,0.0,0.0,0.0,0.0,0.0,0.0,0.006839048849999999
3518.0,1.0067912568738044,0.405507596,0.168163247,0.19645197155312308,0.425542657331696,0.0,0.3847966279889854,0.0,0.0,0.0,0.0,0.0,0.0,0.0,0.0,0.0,0.0,0.006839048849999999
3519.0,1.0591805549096012,0.545366262,0.183092016,0.2642078186581172,0.46332040094859367,0.0,0.33165233530289034,0.0,0.0,0.0,0.0,0.0,0.0,0.0,0.0,0.0,0.0,0.006839048849999999
3520.0,1.1056867658351832,0.65229298,0.191907795,0.31600947359630194,0.48562902122701257,0.0,0.30404827101186854,0.0,0.0,0.0,0.0,0.0,0.0,0.0,0.0,0.0,0.0,0.006839048849999999
3521.0,1.1469151070886519,0.714678151,0.202182628,0.34623255686162435,0.5116298259002204,0.0,0.2890527243268072,0.0,0.0,0.0,0.0,0.0,0.0,0.0,0.0,0.0,0.0,0.006839048849999999
3522.0,1.1740075725172539,0.732009483,0.210270693,0.3546288837729499,0.5320969418376968,0.0,0.2872817469066071,0.0,0.0,0.0,0.0,0.0,0.0,0.0,0.0,0.0,0.0,0.006839048849999999
3523.0,1.1965252913413247,0.701814482,0.215050911,0.3400006313406612,0.5441934415582619,0.0,0.3123312184424017,0.0,0.0,0.0,0.0,0.0,0.0,0.0,0.0,0.0,0.0,0.006839048849999999
3524.0,1.2103741337746008,0.630912616,0.21607045,0.30565155502275343,0.5467734187117316,0.0,0.3579491600401158,0.0,0.0,0.0,0.0,0.0,0.0,0.0,0.0,0.0,0.0,0.006839048849999999
3525.0,1.216893591977611,0.524485382,0.213229586,0.2540918798095533,0.5395845184184472,0.0,0.42321719374961037,0.0,0.0,0.0,0.0,0.0,0.0,0.0,0.0,0.0,0.0,0.006839048849999999
3526.0,1.2133668544769969,0.403817563,0.208266846,0.19563321915954313,0.527026140741271,0.0,0.4907074945761828,0.0,0.0,0.0,0.0,0.0,0.0,0.0,0.0,0.0,0.0,0.006839048849999999
3527.0,1.1918214914521656,0.272827303,0.207025222,0.13217375481141735,0.5238841701514261,0.0,0.5357635664893221,0.0,0.0,0.0,0.0,0.0,0.0,0.0,0.0,0.0,0.0,0.006839048849999999
3528.0,1.1586812833089302,0.151824985,0.216692598,0.07355304297252507,0.5483477847988327,0.0,0.5367804555375725,0.0,0.0,0.0,0.0,0.0,0.0,0.0,0.0,0.0,0.0,0.006839048849999999
3529.0,1.130845643827859,0.063557762,0.242901958,0.03079115601179556,0.6146714369662,0.0,0.4853830508498633,0.0,0.0,0.0,0.0,0.0,0.0,0.0,0.0,0.0,0.0,0.006839048849999999
3530.0,1.109309181132994,0.016330592,0.265097299,0.007911508999278177,0.6708374813190612,0.0,0.4305601908146549,0.0,0.0,0.0,0.0,0.0,0.0,0.0,0.0,0.0,0.0,0.006839048849999999
3531.0,1.0620664726523235,0.000999052,0.273294407,0.00048400014455978455,0.6915805341738558,0.0,0.3700019383339078,0.0,0.0,0.0,0.0,0.0,0.0,0.0,0.0,0.0,0.0,0.006839048849999999
3532.0,0.9968718896222974,2.28e-09,0.272221433,1.1045674595479602e-09,0.6888653379859051,0.0,0.30800655053182485,0.0,0.0,0.0,0.0,0.0,0.0,0.0,0.0,0.0,0.0,0.006839048849999999
3533.0,0.9306582253106137,0.0,0.268980193,0.0,0.6806632729850445,0.0,0.2499949523255692,0.0,0.0,0.0,0.0,0.0,0.0,0.0,0.0,0.0,0.0,0.006839048849999999
3534.0,0.877459001247561,0.0,0.263014619,0.0,0.6655671907092967,0.0,0.21189181053826428,0.0,0.0,0.0,0.0,0.0,0.0,0.0,0.0,0.0,0.0,0.006839048849999999
3535.0,0.8354007074744684,0.0,0.257954587,0.0,0.6527626124088824,0.0,0.18263809506558593,0.0,0.0,0.0,0.0,0.0,0.0,0.0,0.0,0.0,0.0,0.006839048849999999
3536.0,0.8033018319377696,2.4e-07,0.249871386,1.1627025889978528e-07,0.6323078049842481,0.0,0.1709939106832627,0.0,0.0,0.0,0.0,0.0,0.0,0.0,0.0,0.0,0.0,0.006839048849999999
3537.0,0.7838480364558272,0.000617647,0.229842892,0.000299224902494482,0.5816250386178735,0.0,0.20192377293545924,0.0,0.0,0.0,0.0,0.0,0.0,0.0,0.0,0.0,0.0,0.006839048849999999
3538.0,0.7749544269833588,0.007816606,0.205902139,0.0037868283472400626,0.5210421714819782,0.0,0.2501254271541405,0.0,0.0,0.0,0.0,0.0,0.0,0.0,0.0,0.0,0.0,0.006839048849999999
3539.0,0.7776267368068843,0.043517672,0.18273764,0.0210825457923164,0.4624236407621389,0.0,0.294120550252429,0.0,0.0,0.0,0.0,0.0,0.0,0.0,0.0,0.0,0.0,0.006839048849999999
3540.0,0.796275057926441,0.128562802,0.148137839,0.06228345947259097,0.3748677001903689,0.0,0.3591238982634812,0.0,0.0,0.0,0.0,0.0,0.0,0.0,0.0,0.0,0.0,0.006839048849999999
3541.0,0.8410657390003146,0.266316396,0.131123494,0.12901948463407392,0.3318123375399424,0.0,0.3802339168262982,0.0,0.0,0.0,0.0,0.0,0.0,0.0,0.0,0.0,0.0,0.006839048849999999
3542.0,0.9011270814702772,0.419598209,0.150402084,0.20327830164298422,0.38059744703659865,0.0,0.31725133279069434,0.0,0.0,0.0,0.0,0.0,0.0,0.0,0.0,0.0,0.0,0.006839048849999999
3543.0,0.9615711371288762,0.555332185,0.178939533,0.2690359038555561,0.45281240540337997,0.0,0.23972282786994012,0.0,0.0,0.0,0.0,0.0,0.0,0.0,0.0,0.0,0.0,0.006839048849999999
3544.0,1.0172223895986507,0.654489547,0.197124185,0.31707362115372156,0.49882926861685095,0.0,0.20131949982807826,0.0,0.0,0.0,0.0,0.0,0.0,0.0,0.0,0.0,0.0,0.006839048849999999
3545.0,1.062925349994433,0.710388659,0.212603139,0.344154472089172,0.5379992735696875,0.0,0.1807716043355736,0.0,0.0,0.0,0.0,0.0,0.0,0.0,0.0,0.0,0.0,0.006839048849999999
3546.0,1.09647719614879,0.719442574,0.225767693,0.3485407264271164,0.571312612790276,0.0,0.1766238569313976,0.0,0.0,0.0,0.0,0.0,0.0,0.0,0.0,0.0,0.0,0.006839048849999999
3547.0,1.1229421918144877,0.684450212,0.234491687,0.3315883473052205,0.5933889680910617,0.0,0.19796487641820568,0.0,0.0,0.0,0.0,0.0,0.0,0.0,0.0,0.0,0.0,0.006839048849999999
3548.0,1.1451016746072358,0.612663751,0.238852821,0.2968107206136816,0.6044249618914169,0.0,0.24386599210213733,0.0,0.0,0.0,0.0,0.0,0.0,0.0,0.0,0.0,0.0,0.006839048849999999
3549.0,1.1641571830729687,0.509079843,0.238720391,0.24662852144280017,0.6040898433972406,0.0,0.31343881823292796,0.0,0.0,0.0,0.0,0.0,0.0,0.0,0.0,0.0,0.0,0.006839048849999999
3550.0,1.1728527604536627,0.393030402,0.23637977,0.19040727748344452,0.5981668245574202,0.0,0.38427865841279785,0.0,0.0,0.0,0.0,0.0,0.0,0.0,0.0,0.0,0.0,0.006839048849999999
3551.0,1.1668762193788373,0.267177933,0.235925134,0.12943686434258117,0.597016353125582,0.0,0.4404230019106742,0.0,0.0,0.0,0.0,0.0,0.0,0.0,0.0,0.0,0.0,0.006839048849999999
3552.0,1.1427297481702883,0.149928941,0.249373343,0.07263448661100264,0.6310474907035335,0.0,0.4390477708557522,0.0,0.0,0.0,0.0,0.0,0.0,0.0,0.0,0.0,0.0,0.006839048849999999
3553.0,1.1159821697779457,0.063961003,0.279036956,0.030986509909583095,0.7061122443121447,0.0,0.378883415556218,0.0,0.0,0.0,0.0,0.0,0.0,0.0,0.0,0.0,0.0,0.006839048849999999
3554.0,1.094187598513976,0.015053145,0.316595768,0.007292637776691701,0.8011560600675671,0.0,0.2857389006697172,0.0,0.0,0.0,0.0,0.0,0.0,0.0,0.0,0.0,0.0,0.006839048849999999
3555.0,1.051875646836724,0.000856338,0.328340289,0.00041486100402385133,0.8308759588242075,0.0,0.2205848270084928,0.0,0.0,0.0,0.0,0.0,0.0,0.0,0.0,0.0,0.0,0.006839048849999999
3556.0,0.9897360868188599,4.26e-09,0.322427134,2.0637970954711888e-09,0.8159125245613439,0.0,0.173823560193719,0.0,0.0,0.0,0.0,0.0,0.0,0.0,0.0,0.0,0.0,0.006839048849999999
3557.0,0.9310008865144384,0.0,0.313989825,0.0,0.7945616351331168,0.0,0.13643925138132154,0.0,0.0,0.0,0.0,0.0,0.0,0.0,0.0,0.0,0.0,0.006839048849999999
3558.0,0.8772453943282889,0.0,0.300467865,0.0,0.7603438682108778,0.0,0.11690152611741102,0.0,0.0,0.0,0.0,0.0,0.0,0.0,0.0,0.0,0.0,0.006839048849999999
3559.0,0.8321454285379465,0.0,0.284710431,0.0,0.7204691604093043,0.0,0.11167626812864222,0.0,0.0,0.0,0.0,0.0,0.0,0.0,0.0,0.0,0.0,0.006839048849999999
3560.0,0.7991342746792638,3.5e-07,0.271177791,1.6956079422885352e-07,0.6862243673939008,0.0,0.11290973772456885,0.0,0.0,0.0,0.0,0.0,0.0,0.0,0.0,0.0,0.0,0.006839048849999999
3561.0,0.7777068397765831,0.000739516,0.256352909,0.0003582654865855567,0.6487095132658235,0.0,0.12863906102417394,0.0,0.0,0.0,0.0,0.0,0.0,0.0,0.0,0.0,0.0,0.006839048849999999
3562.0,0.7670109229851759,0.009426751,0.244637339,0.004566878247307541,0.6190628759720307,0.0,0.14338116876583776,0.0,0.0,0.0,0.0,0.0,0.0,0.0,0.0,0.0,0.0,0.006839048849999999
3563.0,0.7621357929940669,0.046572013,0.232186693,0.02256225003747569,0.5875561045528497,0.0,0.15201743840374146,0.0,0.0,0.0,0.0,0.0,0.0,0.0,0.0,0.0,0.0,0.006839048849999999
3564.0,0.773690586127659,0.128642478,0.218702802,0.06232205926070805,0.553434672493971,0.0,0.15793385437297985,0.0,0.0,0.0,0.0,0.0,0.0,0.0,0.0,0.0,0.0,0.006839048849999999
3565.0,0.8114522673577687,0.261742743,0.22030371,0.12680373539062484,0.5574858231265678,0.0,0.12716270884057604,0.0,0.0,0.0,0.0,0.0,0.0,0.0,0.0,0.0,0.0,0.006839048849999999
3566.0,0.8696579015289179,0.418944009,0.233957685,0.20296136829559988,0.5920376583717599,0.0,0.0746588748615581,0.0,0.0,0.0,0.0,0.0,0.0,0.0,0.0,0.0,0.0,0.006839048849999999
3567.0,0.9300997323550064,0.564284012,0.242718239,0.27337270070103975,0.6142065299615064,0.0,0.04252050169246033,0.0,0.0,0.0,0.0,0.0,0.0,0.0,0.0,0.0,0.0,0.006839048849999999
3568.0,0.9857220590023711,0.676475928,0.244910002,0.3277251303668021,0.6197528587099116,0.0,0.03824406992565735,0.0,0.0,0.0,0.0,0.0,0.0,0.0,0.0,0.0,0.0,0.006839048849999999
3569.0,1.0330493201177615,0.747193947,0.245792544,0.3619851402751768,0.6219861604246844,0.0,0.04907801941790039,0.0,0.0,0.0,0.0,0.0,0.0,0.0,0.0,0.0,0.0,0.006839048849999999
3570.0,1.0692089499532924,0.769057262,0.244903565,0.37257702900625,0.6197365696685538,0.0,0.07689535127848852,0.0,0.0,0.0,0.0,0.0,0.0,0.0,0.0,0.0,0.0,0.006839048849999999
3571.0,1.0953958115574416,0.741674784,0.241817889,0.3593113298130096,0.6119281645138613,0.0,0.12415631723057068,0.0,0.0,0.0,0.0,0.0,0.0,0.0,0.0,0.0,0.0,0.006839048849999999
3572.0,1.1142555137638352,0.669423105,0.239473949,0.32430832388270064,0.6059967468347887,0.0,0.18395044304634584,0.0,0.0,0.0,0.0,0.0,0.0,0.0,0.0,0.0,0.0,0.006839048849999999
3573.0,1.1268160401839473,0.558816611,0.234396694,0.27072396682696087,0.5931485851633467,0.0,0.2629434881936398,0.0,0.0,0.0,0.0,0.0,0.0,0.0,0.0,0.0,0.0,0.006839048849999999
3574.0,1.1316132940377173,0.430057119,0.229217781,0.20834521903260736,0.5800431745612925,0.0,0.34322490044381737,0.0,0.0,0.0,0.0,0.0,0.0,0.0,0.0,0.0,0.0,0.006839048849999999
3575.0,1.1238833969588067,0.290041712,0.230236724,0.14051343727490398,0.5826216435170538,0.0,0.40074831616684875,0.0,0.0,0.0,0.0,0.0,0.0,0.0,0.0,0.0,0.0,0.006839048849999999
3576.0,1.1009785152810785,0.160668515,0.242345261,0.07783737431705849,0.6132626967989232,0.0,0.40987844416509667,0.0,0.0,0.0,0.0,0.0,0.0,0.0,0.0,0.0,0.0,0.006839048849999999
3577.0,1.075594904206729,0.066420253,0.260455541,0.032177916718746834,0.6590913592070715,0.0,0.38432562828091066,0.0,0.0,0.0,0.0,0.0,0.0,0.0,0.0,0.0,0.0,0.006839048849999999
3578.0,1.0528435529709426,0.013939164,0.27892798,0.0067529591963606935,0.705836476940542,0.0,0.3402541168340398,0.0,0.0,0.0,0.0,0.0,0.0,0.0,0.0,0.0,0.0,0.006839048849999999
3579.0,1.0155914123816618,0.000692301,0.293255369,0.00033539173544408436,0.7420924085810918,0.0,0.27316361206512596,0.0,0.0,0.0,0.0,0.0,0.0,0.0,0.0,0.0,0.0,0.006839048849999999
3580.0,0.959519621570799,8e-09,0.296954883,3.87567529665951e-09,0.7514541510930915,0.0,0.2080654666020321,0.0,0.0,0.0,0.0,0.0,0.0,0.0,0.0,0.0,0.0,0.006839048849999999
3581.0,0.9004328597325861,0.0,0.296961387,0.0,0.7514706096801649,0.0,0.14896225005242125,0.0,0.0,0.0,0.0,0.0,0.0,0.0,0.0,0.0,0.0,0.006839048849999999
3582.0,0.8468798493032319,0.0,0.294400767,0.0,0.744990876095949,0.0,0.10188897320728284,0.0,0.0,0.0,0.0,0.0,0.0,0.0,0.0,0.0,0.0,0.006839048849999999
3583.0,0.8077809007451042,0.0,0.290164742,0.0,0.7342714747571802,0.0,0.07350942598792395,0.0,0.0,0.0,0.0,0.0,0.0,0.0,0.0,0.0,0.0,0.006839048849999999
3584.0,0.7731343190044869,5.2e-07,0.285570646,2.519188942828681e-07,0.7226459629122709,0.0,0.05048810417332178,0.0,0.0,0.0,0.0,0.0,0.0,0.0,0.0,0.0,0.0,0.006839048849999999
3585.0,0.7569847527739952,0.000712706,0.275392366,0.00034527712974762655,0.6968894887983639,0.0,0.05974998684588367,0.0,0.0,0.0,0.0,0.0,0.0,0.0,0.0,0.0,0.0,0.006839048849999999
3586.0,0.7521229727778737,0.009152717,0.262724721,0.004434119896776941,0.6648335942339912,0.0,0.08285525864710547,0.0,0.0,0.0,0.0,0.0,0.0,0.0,0.0,0.0,0.0,0.006839048849999999
3587.0,0.7531976818717658,0.048478403,0.248333016,0.02348581861607553,0.6284149088286489,0.0,0.10129695442704138,0.0,0.0,0.0,0.0,0.0,0.0,0.0,0.0,0.0,0.0,0.006839048849999999
3588.0,0.7666015098065646,0.136431282,0.260584509,0.0660954186673734,0.659417716995767,0.0,0.04108837414342419,0.0,0.0,0.0,0.0,0.0,0.0,0.0,0.0,0.0,0.0,0.006839048849999999
3589.0,0.802747789647108,0.273637154,0.260843142,0.13256609475075173,0.6600721963547059,0.0,0.010109498541650391,0.0,0.0,0.0,0.0,0.0,0.0,0.0,0.0,0.0,0.0,0.006839048849999999
3590.0,0.863162919483297,0.428093541,0.250846025,0.20739394518914936,0.634774161202971,0.0,0.020994813091176637,0.0,0.0,0.0,0.0,0.0,0.0,0.0,0.0,0.0,0.0,0.006839048849999999
3591.0,0.9296947688414162,0.571516841,0.252081857,0.27687671278607257,0.637901474945287,0.0,0.014916581110056762,0.0,0.0,0.0,0.0,0.0,0.0,0.0,0.0,0.0,0.0,0.006839048849999999
3592.0,0.993498682563625,0.686030879,0.25210113,0.33235411631073863,0.6379502459091038,0.0,0.023194320343782594,0.0,0.0,0.0,0.0,0.0,0.0,0.0,0.0,0.0,0.0,0.006839048849999999
3593.0,1.046154989498493,0.758896299,0.250564903,0.3676544548450785,0.634062772685869,0.0,0.044437761967545286,0.0,0.0,0.0,0.0,0.0,0.0,0.0,0.0,0.0,0.0,0.006839048849999999
3594.0,1.0848912513603526,0.782300697,0.249416699,0.378992935740302,0.6311572044952234,0.0,0.07474111112482715,0.0,0.0,0.0,0.0,0.0,0.0,0.0,0.0,0.0,0.0,0.006839048849999999
3595.0,1.1148807586942293,0.754525253,0.249300326,0.36553686046973327,0.6308627187705177,0.0,0.11848117945397828,0.0,0.0,0.0,0.0,0.0,0.0,0.0,0.0,0.0,0.0,0.006839048849999999
3596.0,1.1369957408370697,0.678774465,0.246228025,0.32883867825047186,0.6230881594956077,0.0,0.18506890309099,0.0,0.0,0.0,0.0,0.0,0.0,0.0,0.0,0.0,0.0,0.006839048849999999
3597.0,1.154749582294726,0.566129923,0.237975324,0.2742669696588563,0.6022044267159715,0.0,0.27827818591989834,0.0,0.0,0.0,0.0,0.0,0.0,0.0,0.0,0.0,0.0,0.006839048849999999
3598.0,1.166248749615933,0.436232135,0.231147521,0.21133676365356702,0.5849264454436587,0.0,0.3699855405187074,0.0,0.0,0.0,0.0,0.0,0.0,0.0,0.0,0.0,0.0,0.006839048849999999
3599.0,1.1648002286632957,0.294721687,0.225735807,0.14278069521196451,0.5712319242128744,0.0,0.4507876092384568,0.0,0.0,0.0,0.0,0.0,0.0,0.0,0.0,0.0,0.0,0.006839048849999999
3600.0,1.1510225888697518,0.162823951,0.22581161,0.07888159557439979,0.5714237462110171,0.0,0.5007172470843351,0.0,0.0,0.0,0.0,0.0,0.0,0.0,0.0,0.0,0.0,0.006839048849999999
3601.0,1.1306164620810888,0.064585747,0.244510871,0.03128917302052513,0.6187428445160049,0.0,0.48058444454455884,0.0,0.0,0.0,0.0,0.0,0.0,0.0,0.0,0.0,0.0,0.006839048849999999
3602.0,1.1093069563004838,0.014340175,0.278165659,0.0069472327496592845,0.7039073984417202,0.0,0.3984523251091045,0.0,0.0,0.0,0.0,0.0,0.0,0.0,0.0,0.0,0.0,0.006839048849999999
3603.0,1.0585419599842198,0.000925296,0.294073516,0.0004482683561622322,0.7441627566189597,0.0,0.3139309350090979,0.0,0.0,0.0,0.0,0.0,0.0,0.0,0.0,0.0,0.0,0.006839048849999999
3604.0,0.9873574858843808,2.12e-08,0.289304567,1.02705395361477e-08,0.7320947734755365,0.0,0.2552627021383047,0.0,0.0,0.0,0.0,0.0,0.0,0.0,0.0,0.0,0.0,0.006839048849999999
3605.0,0.9223097587987651,0.0,0.279036845,0.0,0.7061119634229741,0.0,0.216197795375791,0.0,0.0,0.0,0.0,0.0,0.0,0.0,0.0,0.0,0.0,0.006839048849999999
3606.0,0.8664760500646389,0.0,0.271836542,0.0,0.6878913585828846,0.0,0.17858469148175427,0.0,0.0,0.0,0.0,0.0,0.0,0.0,0.0,0.0,0.0,0.006839048849999999
3607.0,0.8227578542520718,0.0,0.265673867,0.0,0.6722965057089292,0.0,0.15046134854314258,0.0,0.0,0.0,0.0,0.0,0.0,0.0,0.0,0.0,0.0,0.006839048849999999
3608.0,0.7994591342232304,2.04e-07,0.260859073,9.882972006481748e-08,0.66011251027701,0.0,0.13934652511650036,0.0,0.0,0.0,0.0,0.0,0.0,0.0,0.0,0.0,0.0,0.006839048849999999
3609.0,0.7904920982784441,0.000316482,0.241417866,0.00015332268365467436,0.610915893084458,0.0,0.17942288251033142,0.0,0.0,0.0,0.0,0.0,0.0,0.0,0.0,0.0,0.0,0.006839048849999999
3610.0,0.8067840687884758,0.006675615,0.219949539,0.003234064518188709,0.5565895816993919,0.0,0.24696042257089515,0.0,0.0,0.0,0.0,0.0,0.0,0.0,0.0,0.0,0.0,0.006839048849999999
3611.0,0.8478388551074838,0.042668384,0.200440444,0.020671100227147732,0.5072211716779291,0.0,0.31994658320240693,0.0,0.0,0.0,0.0,0.0,0.0,0.0,0.0,0.0,0.0,0.006839048849999999
3612.0,0.9003171564429459,0.131493978,0.191334866,0.06370349527426113,0.48417920544697834,0.0,0.35243445572170634,0.0,0.0,0.0,0.0,0.0,0.0,0.0,0.0,0.0,0.0,0.006839048849999999
3613.0,0.9577951913891237,0.270994961,0.191959009,0.1312860594833634,0.4857586199475499,0.0,0.3407505119582105,0.0,0.0,0.0,0.0,0.0,0.0,0.0,0.0,0.0,0.0,0.006839048849999999
3614.0,1.0183371506773546,0.42560767,0.191004015,0.20618964158597655,0.4833419760509448,0.0,0.32880553304043325,0.0,0.0,0.0,0.0,0.0,0.0,0.0,0.0,0.0,0.0,0.006839048849999999
3615.0,1.0805835136548925,0.564205882,0.184328583,0.27333484988717377,0.46644957463271436,0.0,0.3407990891350044,0.0,0.0,0.0,0.0,0.0,0.0,0.0,0.0,0.0,0.0,0.006839048849999999
3616.0,1.1388848256232387,0.675333185,0.182898115,0.32717151776486075,0.4628297280562032,0.0,0.34888357980217477,0.0,0.0,0.0,0.0,0.0,0.0,0.0,0.0,0.0,0.0,0.006839048849999999
3617.0,1.1881345490120783,0.74404177,0.184602566,0.36045803845897706,0.46714289767424505,0.0,0.36053361287885627,0.0,0.0,0.0,0.0,0.0,0.0,0.0,0.0,0.0,0.0,0.006839048849999999
3618.0,1.2309293403402597,0.764594232,0.188327869,0.37041487211634366,0.47656990010353173,0.0,0.3839445681203843,0.0,0.0,0.0,0.0,0.0,0.0,0.0,0.0,0.0,0.0,0.006839048849999999
3619.0,1.2616887227165052,0.736093462,0.191678132,0.35660740583824696,0.4850478514110494,0.0,0.4200334654672088,0.0,0.0,0.0,0.0,0.0,0.0,0.0,0.0,0.0,0.0,0.006839048849999999
3620.0,1.2812070463406486,0.663412399,0.194219248,0.32139638078774024,0.49147822947830977,0.0,0.4683324360745987,0.0,0.0,0.0,0.0,0.0,0.0,0.0,0.0,0.0,0.0,0.006839048849999999
3621.0,1.288847940119894,0.552126356,0.19313288,0.26748280982297923,0.4887291393304481,0.0,0.5326359909664666,0.0,0.0,0.0,0.0,0.0,0.0,0.0,0.0,0.0,0.0,0.006839048849999999
3622.0,1.287659752568872,0.428998074,0.192892513,0.2078321547145385,0.48812088268852655,0.0,0.5917067151658069,0.0,0.0,0.0,0.0,0.0,0.0,0.0,0.0,0.0,0.0,0.006839048849999999
3623.0,1.27153688732828,0.292655793,0.193677004,0.14177985341929986,0.4901060631054628,0.0,0.6396509708035174,0.0,0.0,0.0,0.0,0.0,0.0,0.0,0.0,0.0,0.0,0.006839048849999999
3624.0,1.2415896558118007,0.162630157,0.199724137,0.0787877102470947,0.5054085331276917,0.0,0.6573934124370144,0.0,0.0,0.0,0.0,0.0,0.0,0.0,0.0,0.0,0.0,0.006839048849999999
3625.0,1.2120651884688451,0.063995004,0.226697953,0.031002982014053306,0.5736666664819806,0.0,0.6073955399728114,0.0,0.0,0.0,0.0,0.0,0.0,0.0,0.0,0.0,0.0,0.006839048849999999
3626.0,1.185304258081666,0.013889243,0.269739042,0.006728774498050127,0.6825835654730545,0.0,0.4959919181105614,0.0,0.0,0.0,0.0,0.0,0.0,0.0,0.0,0.0,0.0,0.006839048849999999
3627.0,1.1241726561828318,0.000787645,0.295560931,0.0003815820336296724,0.7479267094620863,0.0,0.37586436468711587,0.0,0.0,0.0,0.0,0.0,0.0,0.0,0.0,0.0,0.0,0.006839048849999999
3628.0,1.0447465195307428,2.66e-08,0.300961637,1.2886620361392868e-08,0.7615933745848597,0.0,0.2831531320592628,0.0,0.0,0.0,0.0,0.0,0.0,0.0,0.0,0.0,0.0,0.006839048849999999
3629.0,0.9713503249333537,0.0,0.293283113,0.0,0.7421626156905263,0.0,0.2291877092428274,0.0,0.0,0.0,0.0,0.0,0.0,0.0,0.0,0.0,0.0,0.006839048849999999
3630.0,0.9104590299437669,0.0,0.2796491,0.0,0.7076612949464348,0.0,0.20279773499733214,0.0,0.0,0.0,0.0,0.0,0.0,0.0,0.0,0.0,0.0,0.006839048849999999
3631.0,0.8633787512350796,0.0,0.260808388,0.0,0.6599842502084657,0.0,0.20339450102661388,0.0,0.0,0.0,0.0,0.0,0.0,0.0,0.0,0.0,0.0,0.006839048849999999
3632.0,0.831987448430984,2.32e-07,0.241703733,1.1239458360312578e-07,0.6116392889809671,0.0,0.22034804705543334,0.0,0.0,0.0,0.0,0.0,0.0,0.0,0.0,0.0,0.0,0.006839048849999999
3633.0,0.8181764321500844,0.000195966,0.221512769,9.493757314814718e-05,0.5605453869070579,0.0,0.2575361076698783,0.0,0.0,0.0,0.0,0.0,0.0,0.0,0.0,0.0,0.0,0.006839048849999999
3634.0,0.8293996912421784,0.005005101,0.20689342,0.0024247682878732256,0.5235506408320164,0.0,0.30342428212228884,0.0,0.0,0.0,0.0,0.0,0.0,0.0,0.0,0.0,0.0,0.006839048849999999
3635.0,0.8640996739626702,0.036886278,0.189434207,0.017869904553789392,0.47936952499675844,0.0,0.36686024441212234,0.0,0.0,0.0,0.0,0.0,0.0,0.0,0.0,0.0,0.0,0.006839048849999999
3636.0,0.914853545116457,0.123777688,0.16113554,0.05996526595740352,0.4077588123769862,0.0,0.4471294667820673,0.0,0.0,0.0,0.0,0.0,0.0,0.0,0.0,0.0,0.0,0.006839048849999999
3637.0,0.9681751479666061,0.265840993,0.143853843,0.1287891711761917,0.36402690664980203,0.0,0.4753590701406124,0.0,0.0,0.0,0.0,0.0,0.0,0.0,0.0,0.0,0.0,0.006839048849999999
3638.0,1.0213699223646378,0.422565779,0.14747699,0.20471596886049767,0.3731953999430087,0.0,0.4434585535611313,0.0,0.0,0.0,0.0,0.0,0.0,0.0,0.0,0.0,0.0,0.006839048849999999
3639.0,1.0803498812431769,0.566308694,0.175136811,0.27435357695241364,0.44318949163451277,0.0,0.3628068126562504,0.0,0.0,0.0,0.0,0.0,0.0,0.0,0.0,0.0,0.0,0.006839048849999999
3640.0,1.1366330541408014,0.680289757,0.194944228,0.3295727757219251,0.4933128153418447,0.0,0.3137474630770318,0.0,0.0,0.0,0.0,0.0,0.0,0.0,0.0,0.0,0.0,0.006839048849999999
3641.0,1.182720950557881,0.751846832,0.213118354,0.36423927420676405,0.5393030421642435,0.0,0.2791786341868736,0.0,0.0,0.0,0.0,0.0,0.0,0.0,0.0,0.0,0.0,0.006839048849999999
3642.0,1.2209854979312882,0.775440293,0.233746071,0.375669348451814,0.5915021621471385,0.0,0.2538139873323357,0.0,0.0,0.0,0.0,0.0,0.0,0.0,0.0,0.0,0.0,0.006839048849999999
3643.0,1.2533380313721463,0.74583423,0.254057584,0.36132641257675835,0.6429011174518448,0.0,0.2491105013435432,0.0,0.0,0.0,0.0,0.0,0.0,0.0,0.0,0.0,0.0,0.006839048849999999
3644.0,1.2746186113303413,0.671474253,0.272961616,0.3253020218368746,0.6907383955436707,0.0,0.25857819394979603,0.0,0.0,0.0,0.0,0.0,0.0,0.0,0.0,0.0,0.0,0.006839048849999999
3645.0,1.287119060273198,0.561601339,0.288488866,0.2720730545166503,0.7300306151215525,0.0,0.2850153906349951,0.0,0.0,0.0,0.0,0.0,0.0,0.0,0.0,0.0,0.0,0.006839048849999999
3646.0,1.28446010044466,0.435431772,0.302243025,0.21094902026513446,0.7648359692916148,0.0,0.3086751108879109,0.0,0.0,0.0,0.0,0.0,0.0,0.0,0.0,0.0,0.0,0.006839048849999999
3647.0,1.2640161475036202,0.29711216,0.314467097,0.14393878235614346,0.7957693877114789,0.0,0.3243079774359977,0.0,0.0,0.0,0.0,0.0,0.0,0.0,0.0,0.0,0.0,0.006839048849999999
3648.0,1.2340755914845973,0.164144047,0.332593296,0.07952112850645218,0.8416383336755345,0.0,0.3129161293026107,0.0,0.0,0.0,0.0,0.0,0.0,0.0,0.0,0.0,0.0,0.006839048849999999
3649.0,1.198396576467485,0.063331991,0.365974081,0.0306817791258703,0.9261095139490578,0.0,0.24160528339255688,0.0,0.0,0.0,0.0,0.0,0.0,0.0,0.0,0.0,0.0,0.006839048849999999
3650.0,1.1798639596374936,0.013442083,0.403707457,0.006512143627343344,1.0215950696789375,0.0,0.15175674633121278,0.0,0.0,0.0,0.0,0.0,0.0,0.0,0.0,0.0,0.0,0.006839048849999999
3651.0,1.1246310206762966,0.000640038,0.40786143,0.00031007243319041984,1.0321068357184227,0.0,0.09221411252468359,0.0,0.0,0.0,0.0,0.0,0.0,0.0,0.0,0.0,0.0,0.006839048849999999
3652.0,1.0469871658507028,1.2e-08,0.391241553,5.8135129449892635e-09,0.9900496873862074,0.0,0.05693747265098254,0.0,0.0,0.0,0.0,0.0,0.0,0.0,0.0,0.0,0.0,0.006839048849999999
3653.0,0.9744342737679256,0.0,0.36169613,0.0,0.9152840174808861,0.0,0.05915025628703943,0.0,0.0,0.0,0.0,0.0,0.0,0.0,0.0,0.0,0.0,0.006839048849999999
3654.0,0.9136742578954016,0.0,0.3265716,0.0,0.8264002328229526,0.0,0.08727402507244897,0.0,0.0,0.0,0.0,0.0,0.0,0.0,0.0,0.0,0.0,0.006839048849999999
3655.0,0.8649785767972233,0.0,0.297300049,0.0,0.7523276050699914,0.0,0.11265097172723193,0.0,0.0,0.0,0.0,0.0,0.0,0.0,0.0,0.0,0.0,0.006839048849999999
3656.0,0.8332245882967844,2.1e-07,0.274113941,1.0173647653731212e-07,0.693654392061089,0.0,0.13957009449921887,0.0,0.0,0.0,0.0,0.0,0.0,0.0,0.0,0.0,0.0,0.006839048849999999
3657.0,0.8207263641864383,0.000178002,0.247259477,8.623474426949825e-05,0.6256982828895149,0.0,0.19494184655265392,0.0,0.0,0.0,0.0,0.0,0.0,0.0,0.0,0.0,0.0,0.006839048849999999
3658.0,0.8331511608245417,0.004929111,0.22553641,0.002387954217149081,0.5707273435107428,0.0,0.2600358630966498,0.0,0.0,0.0,0.0,0.0,0.0,0.0,0.0,0.0,0.0,0.006839048849999999
3659.0,0.8723813884997321,0.037159496,0.201764591,0.01800226758543973,0.5105719694481327,0.0,0.3438071514661598,0.0,0.0,0.0,0.0,0.0,0.0,0.0,0.0,0.0,0.0,0.006839048849999999
3660.0,0.9185582882164771,0.1245962,0.176584708,0.06036180179970595,0.4468534428718636,0.0,0.4113430435449076,0.0,0.0,0.0,0.0,0.0,0.0,0.0,0.0,0.0,0.0,0.006839048849999999
3661.0,0.96693578426822,0.267615629,0.179899849,0.12964891028941203,0.455242516796972,0.0,0.382044357181836,0.0,0.0,0.0,0.0,0.0,0.0,0.0,0.0,0.0,0.0,0.006839048849999999
3662.0,1.013973786159585,0.427087809,0.205045413,0.20690670885571685,0.5188741980088853,0.0,0.28819287929498283,0.0,0.0,0.0,0.0,0.0,0.0,0.0,0.0,0.0,0.0,0.006839048849999999
3663.0,1.062925349994433,0.577568056,0.226355861,0.27980828084735704,0.5728009913637312,0.0,0.21031607778334485,0.0,0.0,0.0,0.0,0.0,0.0,0.0,0.0,0.0,0.0,0.006839048849999999
3664.0,1.1100479045205178,0.696569611,0.233753949,0.337459704219553,0.591522097686647,0.0,0.18106610261431788,0.0,0.0,0.0,0.0,0.0,0.0,0.0,0.0,0.0,0.0,0.006839048849999999
3665.0,1.1525578872896192,0.774168955,0.245511263,0.37505343679177594,0.6212743695528244,0.0,0.1562300809450188,0.0,0.0,0.0,0.0,0.0,0.0,0.0,0.0,0.0,0.0,0.006839048849999999
3666.0,1.192437836052593,0.805968162,0.259823748,0.39045886191968365,0.657492586128531,0.0,0.1444863880043784,0.0,0.0,0.0,0.0,0.0,0.0,0.0,0.0,0.0,0.0,0.006839048849999999
3667.0,1.2278209163482234,0.788350296,0.272349583,0.38192372091517646,0.689189625798551,0.0,0.15670756963449584,0.0,0.0,0.0,0.0,0.0,0.0,0.0,0.0,0.0,0.0,0.006839048849999999
3668.0,1.2496599892620257,0.722679804,0.280186215,0.35010903296969204,0.709020482215177,0.0,0.19053047407715662,0.0,0.0,0.0,0.0,0.0,0.0,0.0,0.0,0.0,0.0,0.006839048849999999
3669.0,1.2625520507235604,0.616045735,0.279337087,0.29844915459399385,0.7068717357323336,0.0,0.25723116039723276,0.0,0.0,0.0,0.0,0.0,0.0,0.0,0.0,0.0,0.0,0.006839048849999999
3670.0,1.2654513184612701,0.483552018,0.272570254,0.2342613263515568,0.689748041061168,0.0,0.3414419510485452,0.0,0.0,0.0,0.0,0.0,0.0,0.0,0.0,0.0,0.0,0.006839048849999999
3671.0,1.2507079973660182,0.334415628,0.263148467,0.16201079853205952,0.6659058974993632,0.0,0.42279130133459547,0.0,0.0,0.0,0.0,0.0,0.0,0.0,0.0,0.0,0.0,0.006839048849999999
3672.0,1.2253110362966815,0.188152017,0.273349762,0.09115201553794501,0.691720611831827,0.0,0.4424384089269093,0.0,0.0,0.0,0.0,0.0,0.0,0.0,0.0,0.0,0.0,0.006839048849999999
3673.0,1.2037144961245612,0.075644624,0.311073964,0.03664675007023713,0.7871829524513423,0.0,0.37988479360298194,0.0,0.0,0.0,0.0,0.0,0.0,0.0,0.0,0.0,0.0,0.006839048849999999
3674.0,1.1772049998089555,0.01683406,0.351699582,0.008155418810560498,0.889987422202467,0.0,0.2790621587959281,0.0,0.0,0.0,0.0,0.0,0.0,0.0,0.0,0.0,0.0,0.006839048849999999
3675.0,1.1249447560577113,0.000878945,0.372185928,0.000425813177952799,0.9418287981950257,0.0,0.18269014468473255,0.0,0.0,0.0,0.0,0.0,0.0,0.0,0.0,0.0,0.0,0.006839048849999999
3676.0,1.050140091492572,3.26e-08,0.370567857,1.57933768338875e-08,0.9377342160233854,0.0,0.11240585967580981,0.0,0.0,0.0,0.0,0.0,0.0,0.0,0.0,0.0,0.0,0.006839048849999999
3677.0,0.9808246776863833,0.0,0.348147113,0.0,0.8809977819254302,0.0,0.09982689576095312,0.0,0.0,0.0,0.0,0.0,0.0,0.0,0.0,0.0,0.0,0.006839048849999999
3678.0,0.9187629948057827,0.0,0.322177763,0.0,0.8152814829996793,0.0,0.10348151180610339,0.0,0.0,0.0,0.0,0.0,0.0,0.0,0.0,0.0,0.0,0.006839048849999999
3679.0,0.8773010211405986,0.0,0.298246209,0.0,0.7547218942374749,0.0,0.12257912690312366,0.0,0.0,0.0,0.0,0.0,0.0,0.0,0.0,0.0,0.0,0.006839048849999999
3680.0,0.8388206420154087,3.68e-07,0.27668095,1.7828106364633743e-07,0.7001502932210754,0.0,0.13867017051326977,0.0,0.0,0.0,0.0,0.0,0.0,0.0,0.0,0.0,0.0,0.006839048849999999
3681.0,0.8253233611159235,0.00046446,0.24547159,0.00022501201853580946,0.6211739757144233,0.0,0.20392437338296449,0.0,0.0,0.0,0.0,0.0,0.0,0.0,0.0,0.0,0.0,0.006839048849999999
3682.0,0.8370873115037669,0.007136542,0.221065273,0.003457364941621631,0.5594129834813241,0.0,0.2742169630808213,0.0,0.0,0.0,0.0,0.0,0.0,0.0,0.0,0.0,0.0,0.006839048849999999
3683.0,0.8694843465944575,0.044968977,0.19775704,0.021785644159368706,0.5004307291215095,0.0,0.34726797331357934,0.0,0.0,0.0,0.0,0.0,0.0,0.0,0.0,0.0,0.0,0.006839048849999999
3684.0,0.9143506789731596,0.141572968,0.171193694,0.0685863568440459,0.4332113036755839,0.0,0.4125530184535297,0.0,0.0,0.0,0.0,0.0,0.0,0.0,0.0,0.0,0.0,0.006839048849999999
3685.0,0.9648531170552976,0.294789692,0.171190956,0.14281364087428317,0.43320437507604415,0.0,0.38883510110497027,0.0,0.0,0.0,0.0,0.0,0.0,0.0,0.0,0.0,0.0,0.006839048849999999
3686.0,1.016735099282776,0.463222174,0.184089654,0.2244123420795891,0.46584495689734434,0.0,0.3264778003058425,0.0,0.0,0.0,0.0,0.0,0.0,0.0,0.0,0.0,0.0,0.006839048849999999
3687.0,1.0738682491925435,0.617308342,0.183577004,0.29906083643890496,0.46454767912010747,0.0,0.3102597336335312,0.0,0.0,0.0,0.0,0.0,0.0,0.0,0.0,0.0,0.0,0.006839048849999999
3688.0,1.1275236129165505,0.733912946,0.17540708,0.3555510343388506,0.4438734162762294,0.0,0.32809916230147057,0.0,0.0,0.0,0.0,0.0,0.0,0.0,0.0,0.0,0.0,0.006839048849999999
3689.0,1.171573344770465,0.805909043,0.176307963,0.39043022116370074,0.44615313049799965,0.0,0.33498999310876476,0.0,0.0,0.0,0.0,0.0,0.0,0.0,0.0,0.0,0.0,0.006839048849999999
3690.0,1.2118093047322507,0.829018612,0.185251458,0.4016258693749194,0.4687849403377129,0.0,0.3413984950196184,0.0,0.0,0.0,0.0,0.0,0.0,0.0,0.0,0.0,0.0,0.006839048849999999
3691.0,1.2449472880429755,0.80099881,0.199429139,0.38805141257133297,0.5046620309337401,0.0,0.3522338445379025,0.0,0.0,0.0,0.0,0.0,0.0,0.0,0.0,0.0,0.0,0.006839048849999999
3692.0,1.2665950043624596,0.725325562,0.216824806,0.3513907953348844,0.548682341514668,0.0,0.36652186751290733,0.0,0.0,0.0,0.0,0.0,0.0,0.0,0.0,0.0,0.0,0.006839048849999999
3693.0,1.2619779819405306,0.608464936,0.232033931,0.29477656516733863,0.5871695352603378,0.0,0.3800318815128541,0.0,0.0,0.0,0.0,0.0,0.0,0.0,0.0,0.0,0.0,0.006839048849999999
3694.0,1.2798831290076182,0.468149218,0.242959368,0.2267992949191334,0.6148167148696256,0.0,0.43826711921885914,0.0,0.0,0.0,0.0,0.0,0.0,0.0,0.0,0.0,0.0,0.006839048849999999
3695.0,1.2635221816902895,0.315354757,0.254031451,0.1527765801736203,0.6428349870311825,0.0,0.4679106144854867,0.0,0.0,0.0,0.0,0.0,0.0,0.0,0.0,0.0,0.0,0.006839048849999999
3696.0,1.2332278393049647,0.171078471,0.274768053,0.08288057548062254,0.695309644107171,0.0,0.455037619717171,0.0,0.0,0.0,0.0,0.0,0.0,0.0,0.0,0.0,0.0,0.006839048849999999
3697.0,1.2050050379701607,0.066868704,0.297046071,0.03239517302655461,0.7516849053424834,0.0,0.4209249596011226,0.0,0.0,0.0,0.0,0.0,0.0,0.0,0.0,0.0,0.0,0.006839048849999999
3698.0,1.1801087172116862,0.014487649,0.318807464,0.007018677916996731,0.806752829931614,0.0,0.36633720936307546,0.0,0.0,0.0,0.0,0.0,0.0,0.0,0.0,0.0,0.0,0.006839048849999999
3699.0,1.1303672538419507,0.000953489,0.333455395,0.00046192672036707234,0.8438199037028009,0.0,0.28608542341878257,0.0,0.0,0.0,0.0,0.0,0.0,0.0,0.0,0.0,0.0,0.006839048849999999
3700.0,1.061316623102398,1.18e-07,0.328007612,5.716621062572776e-08,0.830034108674792,0.0,0.2312824572613955,0.0,0.0,0.0,0.0,0.0,0.0,0.0,0.0,0.0,0.0,0.006839048849999999
3701.0,0.9916006964475645,0.0,0.311020502,0.0,0.7870476650924685,0.0,0.20455303135509606,0.0,0.0,0.0,0.0,0.0,0.0,0.0,0.0,0.0,0.0,0.006839048849999999
3702.0,0.9302443614670568,0.0,0.289133633,0.0,0.7316622193361153,0.0,0.1985821421309414,0.0,0.0,0.0,0.0,0.0,0.0,0.0,0.0,0.0,0.0,0.006839048849999999
3703.0,0.8803493686553042,0.0,0.261310109,0.0,0.661253871789804,0.0,0.21909549686550026,0.0,0.0,0.0,0.0,0.0,0.0,0.0,0.0,0.0,0.0,0.006839048849999999
3704.0,0.8425009089580396,1.23e-06,0.23869297,5.958850768613995e-07,0.6040204536499868,0.0,0.23847985942297595,0.0,0.0,0.0,0.0,0.0,0.0,0.0,0.0,0.0,0.0,0.006839048849999999
3705.0,0.8185680446687627,0.00066894,0.207958461,0.0003240742791184265,0.5262457623011398,0.0,0.29199820808850446,0.0,0.0,0.0,0.0,0.0,0.0,0.0,0.0,0.0,0.0,0.006839048849999999
3706.0,0.8105822648531821,0.007997161,0.183034239,0.003874299916388607,0.4631741943395321,0.0,0.3435337705972615,0.0,0.0,0.0,0.0,0.0,0.0,0.0,0.0,0.0,0.0,0.006839048849999999
3707.0,0.8109605273768729,0.047228949,0.161878738,0.02288050886581148,0.40963949949195133,0.0,0.3784405190191099,0.0,0.0,0.0,0.0,0.0,0.0,0.0,0.0,0.0,0.0,0.006839048849999999
3708.0,0.8293084631100026,0.142741949,0.133798502,0.06915268069204145,0.33858153374072425,0.0,0.4215742486772369,0.0,0.0,0.0,0.0,0.0,0.0,0.0,0.0,0.0,0.0,0.006839048849999999
3709.0,0.8717628190667943,0.288039499,0.127335186,0.13954344634206017,0.32222589887471526,0.0,0.4099934738500189,0.0,0.0,0.0,0.0,0.0,0.0,0.0,0.0,0.0,0.0,0.006839048849999999
3710.0,0.9282306720613562,0.446216291,0.129061202,0.21617368199946638,0.32659363943836556,0.0,0.3854633506235243,0.0,0.0,0.0,0.0,0.0,0.0,0.0,0.0,0.0,0.0,0.006839048849999999
3711.0,0.9891086170559557,0.592822701,0.143627669,0.2871985371955833,0.3634545658637125,0.0,0.3384555139966598,0.0,0.0,0.0,0.0,0.0,0.0,0.0,0.0,0.0,0.0,0.006839048849999999
3712.0,1.0464509232200496,0.708469925,0.159379693,0.34322492334358934,0.4033155834813888,0.0,0.29991041639507154,0.0,0.0,0.0,0.0,0.0,0.0,0.0,0.0,0.0,0.0,0.006839048849999999
3713.0,1.0939272651123608,0.78049093,0.177134151,0.3781161770834758,0.4482438265522662,0.0,0.26756726147661886,0.0,0.0,0.0,0.0,0.0,0.0,0.0,0.0,0.0,0.0,0.006839048849999999
3714.0,1.130838968330403,0.805109008,0.198328242,0.39004263667795536,0.5018761746709355,0.0,0.23892015698151226,0.0,0.0,0.0,0.0,0.0,0.0,0.0,0.0,0.0,0.0,0.006839048849999999
3715.0,1.1593955305390649,0.779467576,0.222315993,0.3776204036062836,0.5625779717999541,0.0,0.21919715513282728,0.0,0.0,0.0,0.0,0.0,0.0,0.0,0.0,0.0,0.0,0.006839048849999999
3716.0,1.1803735012782473,0.706425345,0.243907646,0.34223440731883387,0.6172163637061469,0.0,0.2209227302532666,0.0,0.0,0.0,0.0,0.0,0.0,0.0,0.0,0.0,0.0,0.006839048849999999
3717.0,1.1937862295430124,0.591455576,0.261037754,0.2865362206218401,0.6605646684561078,0.0,0.24668534046506457,0.0,0.0,0.0,0.0,0.0,0.0,0.0,0.0,0.0,0.0,0.006839048849999999
3718.0,1.200296787416056,0.451287858,0.27130736,0.21863065036662305,0.6865522460329698,0.0,0.295113891016463,0.0,0.0,0.0,0.0,0.0,0.0,0.0,0.0,0.0,0.0,0.006839048849999999
3719.0,1.192491238032392,0.30002663,0.275628133,0.14535072477887537,0.6974861049881733,0.0,0.3496544082653434,0.0,0.0,0.0,0.0,0.0,0.0,0.0,0.0,0.0,0.0,0.006839048849999999
3720.0,1.1719160059742897,0.161751263,0.277934617,0.07836192177657192,0.7033227390206563,0.0,0.39023134517706154,0.0,0.0,0.0,0.0,0.0,0.0,0.0,0.0,0.0,0.0,0.006839048849999999
3721.0,1.1505553240463204,0.065634938,0.286761234,0.031797463475547315,0.7256587852164647,0.0,0.3930990753543086,0.0,0.0,0.0,0.0,0.0,0.0,0.0,0.0,0.0,0.0,0.006839048849999999
3722.0,1.130024592638126,0.017117878,0.300628565,0.00829291711197891,0.7607505248748825,0.0,0.3609811506512645,0.0,0.0,0.0,0.0,0.0,0.0,0.0,0.0,0.0,0.0,0.006839048849999999
3723.0,1.0879974505198784,0.001404793,0.303027987,0.0006805651908775253,0.7668223415896258,0.0,0.320494543739375,0.0,0.0,0.0,0.0,0.0,0.0,0.0,0.0,0.0,0.0,0.006839048849999999
3724.0,1.026759044661446,1.93e-07,0.288093015,9.350066653191065e-08,0.7290289010761083,0.0,0.29773005008467124,0.0,0.0,0.0,0.0,0.0,0.0,0.0,0.0,0.0,0.0,0.006839048849999999
3725.0,0.9608034879189424,0.0,0.27150686,0.0,0.6870570873800075,0.0,0.27374640053893495,0.0,0.0,0.0,0.0,0.0,0.0,0.0,0.0,0.0,0.0,0.006839048849999999
3726.0,0.9055705489577456,0.0,0.255234754,0.0,0.6458799850633339,0.0,0.25969056389441175,0.0,0.0,0.0,0.0,0.0,0.0,0.0,0.0,0.0,0.0,0.006839048849999999
3727.0,0.8599165408767417,0.0,0.240853436,0.0,0.6094875843049675,0.0,0.25042895657177416,0.0,0.0,0.0,0.0,0.0,0.0,0.0,0.0,0.0,0.0,0.006839048849999999
3728.0,0.824635813875764,1.66e-06,0.2282449,8.042026240568481e-07,0.5775812670197028,0.0,0.24705374265343727,0.0,0.0,0.0,0.0,0.0,0.0,0.0,0.0,0.0,0.0,0.006839048849999999
3729.0,0.8019868149347057,0.000572717,0.201692559,0.0002774581411096181,0.5103896900901889,0.0,0.29131966670340725,0.0,0.0,0.0,0.0,0.0,0.0,0.0,0.0,0.0,0.0,0.006839048849999999
3730.0,0.7909482379393985,0.008144007,0.173769328,0.003945440843215265,0.43972903068328056,0.0,0.34727376641290275,0.0,0.0,0.0,0.0,0.0,0.0,0.0,0.0,0.0,0.0,0.006839048849999999
3731.0,0.7857727225618625,0.047334096,0.14982108,0.02293144831961371,0.3791271972020415,0.0,0.38371407704020716,0.0,0.0,0.0,0.0,0.0,0.0,0.0,0.0,0.0,0.0,0.006839048849999999
3732.0,0.7954451064067416,0.137528972,0.121487249,0.06662720491942216,0.3074275009174711,0.0,0.42139040056984833,0.0,0.0,0.0,0.0,0.0,0.0,0.0,0.0,0.0,0.0,0.006839048849999999
3733.0,0.8327395228134199,0.274858272,0.114643672,0.13315767685911503,0.2901096030165459,0.0,0.409472242937759,0.0,0.0,0.0,0.0,0.0,0.0,0.0,0.0,0.0,0.0,0.006839048849999999
3734.0,0.8848328861277351,0.432212198,0.133095234,0.20938926733793856,0.33680189081115863,0.0,0.3386417279786379,0.0,0.0,0.0,0.0,0.0,0.0,0.0,0.0,0.0,0.0,0.006839048849999999
3735.0,0.9402438316882626,0.581404039,0.149108989,0.2816666589162952,0.37732522737921814,0.0,0.2812519453927494,0.0,0.0,0.0,0.0,0.0,0.0,0.0,0.0,0.0,0.0,0.006839048849999999
3736.0,0.9919900841337324,0.697119193,0.15757603,0.33772595439216413,0.39875135461661876,0.0,0.25551277512494935,0.0,0.0,0.0,0.0,0.0,0.0,0.0,0.0,0.0,0.0,0.006839048849999999
3737.0,1.0376552173772131,0.767426176,0.170743065,0.3717868340416341,0.4320709720897486,0.0,0.2337974112458305,0.0,0.0,0.0,0.0,0.0,0.0,0.0,0.0,0.0,0.0,0.006839048849999999
3738.0,1.0761311468373824,0.786573074,0.186615053,0.3810627289899165,0.4722355625763773,0.0,0.22283285527108868,0.0,0.0,0.0,0.0,0.0,0.0,0.0,0.0,0.0,0.0,0.006839048849999999
3739.0,1.1069973321733015,0.755815861,0.201074018,0.3661621076626422,0.5088244516358635,0.0,0.2320107728747959,0.0,0.0,0.0,0.0,0.0,0.0,0.0,0.0,0.0,0.0,0.006839048849999999
3740.0,1.1332731960771916,0.678446851,0.21451003,0.3286799625646418,0.5428247243019863,0.0,0.26176850921056355,0.0,0.0,0.0,0.0,0.0,0.0,0.0,0.0,0.0,0.0,0.006839048849999999
3741.0,1.1555461583269946,0.562483733,0.223589842,0.27250053859511536,0.5658014888179106,0.0,0.31724413091396864,0.0,0.0,0.0,0.0,0.0,0.0,0.0,0.0,0.0,0.0,0.006839048849999999
3742.0,1.1705898638087486,0.430466113,0.232042379,0.20854336002539262,0.5871909132036951,0.0,0.3748555905796609,0.0,0.0,0.0,0.0,0.0,0.0,0.0,0.0,0.0,0.0,0.006839048849999999
3743.0,1.1732577239672533,0.289671511,0.241101942,0.14033408991609167,0.6101164369555284,0.0,0.4228071970956331,0.0,0.0,0.0,0.0,0.0,0.0,0.0,0.0,0.0,0.0,0.006839048849999999
3744.0,1.1619543629053852,0.158754894,0.246256457,0.07691030261244987,0.6231601076117931,0.0,0.46188395268114235,0.0,0.0,0.0,0.0,0.0,0.0,0.0,0.0,0.0,0.0,0.006839048849999999
3745.0,1.1440492158382978,0.065752741,0.263233009,0.03185453424766886,0.666119833825986,0.0,0.44607484776464285,0.0,0.0,0.0,0.0,0.0,0.0,0.0,0.0,0.0,0.0,0.006839048849999999
3746.0,1.122225718751918,0.018630195,0.280183098,0.009025573316681188,0.7090125945436045,0.0,0.40418755089163233,0.0,0.0,0.0,0.0,0.0,0.0,0.0,0.0,0.0,0.0,0.006839048849999999
3747.0,1.081061903640801,0.001621167,0.280981122,0.0007853896117074509,0.711032020664548,0.0,0.3692444933645455,0.0,0.0,0.0,0.0,0.0,0.0,0.0,0.0,0.0,0.0,0.006839048849999999
3748.0,1.0162611589618884,2.56e-07,0.266014907,1.2402160949310431e-07,0.6731595187063912,0.0,0.3431015162338877,0.0,0.0,0.0,0.0,0.0,0.0,0.0,0.0,0.0,0.0,0.006839048849999999
3749.0,0.9488370557743039,0.0,0.247496224,0.0,0.6262973790017309,0.0,0.322539676772573,0.0,0.0,0.0,0.0,0.0,0.0,0.0,0.0,0.0,0.0,0.006839048849999999
3750.0,0.8931591023146297,0.0,0.231910139,0.0,0.5868562755108017,0.0,0.306302826803828,0.0,0.0,0.0,0.0,0.0,0.0,0.0,0.0,0.0,0.0,0.006839048849999999
3751.0,0.8542893355032721,0.0,0.217801642,0.0,0.551154257314541,0.0,0.3031350781887311,0.0,0.0,0.0,0.0,0.0,0.0,0.0,0.0,0.0,0.0,0.006839048849999999
3752.0,0.817404332275205,1.02e-06,0.207230874,4.941486003240875e-07,0.5244045793378971,0.0,0.2929992587887077,0.0,0.0,0.0,0.0,0.0,0.0,0.0,0.0,0.0,0.0,0.006839048849999999
3753.0,0.806688390991279,0.00042827,0.196661038,0.000207479432412546,0.4976572598180722,0.0,0.3088236517407941,0.0,0.0,0.0,0.0,0.0,0.0,0.0,0.0,0.0,0.0,0.006839048849999999
3754.0,0.8198296606919521,0.008165851,0.189972349,0.003956023374612794,0.4807313111229612,0.0,0.33514232619437806,0.0,0.0,0.0,0.0,0.0,0.0,0.0,0.0,0.0,0.0,0.006839048849999999
3755.0,0.858510295741502,0.049230062,0.178440668,0.023849966893302002,0.4515500110244834,0.0,0.3831103178237166,0.0,0.0,0.0,0.0,0.0,0.0,0.0,0.0,0.0,0.0,0.006839048849999999
3756.0,0.9116271920023453,0.146728942,0.165318585,0.07108421697679825,0.41834414607381987,0.0,0.4221988289517272,0.0,0.0,0.0,0.0,0.0,0.0,0.0,0.0,0.0,0.0,0.006839048849999999
3757.0,0.9633511941228611,0.296246237,0.161533047,0.14351927780865478,0.40876471698519085,0.0,0.4110671993290154,0.0,0.0,0.0,0.0,0.0,0.0,0.0,0.0,0.0,0.0,0.006839048849999999
3758.0,1.0193896094462929,0.462760362,0.189973993,0.22418861290957648,0.4807354713193247,0.0,0.31446552521739163,0.0,0.0,0.0,0.0,0.0,0.0,0.0,0.0,0.0,0.0,0.006839048849999999
3759.0,1.074773853016996,0.616628954,0.21753476,0.2987317005278491,0.5504789035883252,0.0,0.22556324890082152,0.0,0.0,0.0,0.0,0.0,0.0,0.0,0.0,0.0,0.0,0.006839048849999999
3760.0,1.1266803114018633,0.731337488,0.234723863,0.3543033294703275,0.5939764971366244,0.0,0.17840048479491138,0.0,0.0,0.0,0.0,0.0,0.0,0.0,0.0,0.0,0.0,0.006839048849999999
3761.0,1.1687897813223203,0.801986532,0.258700954,0.3885299237907539,0.6546513187831395,0.0,0.12560853874842687,0.0,0.0,0.0,0.0,0.0,0.0,0.0,0.0,0.0,0.0,0.006839048849999999
3762.0,1.2082514165767162,0.822093961,0.284697499,0.39827115702258326,0.7204364355556709,0.0,0.08954382399846215,0.0,0.0,0.0,0.0,0.0,0.0,0.0,0.0,0.0,0.0,0.006839048849999999
3763.0,1.2397050206906528,0.79350493,0.303380901,0.38442093187231663,0.7677154021367355,0.0,0.08756868668160071,0.0,0.0,0.0,0.0,0.0,0.0,0.0,0.0,0.0,0.0,0.006839048849999999
3764.0,1.264111825300817,0.71771821,0.3093363,0.3477053420574603,0.7827857362385178,0.0,0.13362074700483886,0.0,0.0,0.0,0.0,0.0,0.0,0.0,0.0,0.0,0.0,0.006839048849999999
3765.0,1.2826066159784324,0.601417041,0.300843775,0.2913621460992199,0.7612951208964159,0.0,0.2299493489827965,0.0,0.0,0.0,0.0,0.0,0.0,0.0,0.0,0.0,0.0,0.006839048849999999
3766.0,1.290140706798004,0.463812052,0.288340809,0.22469811402866946,0.7296559519871247,0.0,0.3357866407822097,0.0,0.0,0.0,0.0,0.0,0.0,0.0,0.0,0.0,0.0,0.006839048849999999
3767.0,1.2823796590641727,0.313729881,0.278972703,0.15198939370195344,0.7059496499709357,0.0,0.4244406153912836,0.0,0.0,0.0,0.0,0.0,0.0,0.0,0.0,0.0,0.0,0.006839048849999999
3768.0,1.2612793105378186,0.172708112,0.277225051,0.08367007040138796,0.7015271587938293,0.0,0.4760820813426013,0.0,0.0,0.0,0.0,0.0,0.0,0.0,0.0,0.0,0.0,0.006839048849999999
3769.0,1.2351547502435103,0.073483872,0.282813118,0.035599953426661175,0.7156679471227295,0.0,0.4838868496941196,0.0,0.0,0.0,0.0,0.0,0.0,0.0,0.0,0.0,0.0,0.006839048849999999
3770.0,1.2046601519338258,0.019620782,0.291485732,0.009505472512317696,0.7376142836344887,0.0,0.45754039578701966,0.0,0.0,0.0,0.0,0.0,0.0,0.0,0.0,0.0,0.0,0.006839048849999999
3771.0,1.148465981335942,0.001574466,0.301003183,0.0007627648727037889,0.7616985081116969,0.0,0.38600470835154116,0.0,0.0,0.0,0.0,0.0,0.0,0.0,0.0,0.0,0.0,0.006839048849999999
3772.0,1.0696739899442131,3.38e-07,0.297412467,1.6374728128386425e-07,0.7526120825364139,0.0,0.3170617436605181,0.0,0.0,0.0,0.0,0.0,0.0,0.0,0.0,0.0,0.0,0.006839048849999999
3773.0,0.9950517816434254,0.0,0.290610061,0.0,0.7353983692124252,0.0,0.25965341243100026,0.0,0.0,0.0,0.0,0.0,0.0,0.0,0.0,0.0,0.0,0.006839048849999999
3774.0,0.9335241165609678,0.0,0.28517892,0.0,0.7216546873157317,0.0,0.21186942924523608,0.0,0.0,0.0,0.0,0.0,0.0,0.0,0.0,0.0,0.0,0.006839048849999999
3775.0,0.883620222419324,0.0,0.280610522,0.0,0.7100942051096,0.0,0.173526017309724,0.0,0.0,0.0,0.0,0.0,0.0,0.0,0.0,0.0,0.0,0.006839048849999999
3776.0,0.8491961479279453,2.52e-06,0.272678625,1.2208377184477455e-06,0.6900222774602648,0.0,0.15917264962996203,0.0,0.0,0.0,0.0,0.0,0.0,0.0,0.0,0.0,0.0,0.006839048849999999
3777.0,0.8345195798074049,0.001019555,0.251019835,0.0004939330158857107,0.6352139931554953,0.0,0.1988116536360238,0.0,0.0,0.0,0.0,0.0,0.0,0.0,0.0,0.0,0.0,0.006839048849999999
3778.0,0.8448639350650209,0.011409973,0.234187949,0.005527668811456499,0.5926203490380969,0.0,0.2467159172154674,0.0,0.0,0.0,0.0,0.0,0.0,0.0,0.0,0.0,0.0,0.006839048849999999
3779.0,0.877118564876247,0.055104528,0.213320177,0.026695907237960278,0.5398137619395975,0.0,0.3106088956986891,0.0,0.0,0.0,0.0,0.0,0.0,0.0,0.0,0.0,0.0,0.006839048849999999
3780.0,0.9209836156332994,0.159413209,0.180067223,0.07722922951031493,0.4556660622386715,0.0,0.38808832388431297,0.0,0.0,0.0,0.0,0.0,0.0,0.0,0.0,0.0,0.0,0.006839048849999999
3781.0,0.96997968111798,0.31834395,0.180778879,0.15422472285700126,0.4574669312796103,0.0,0.3582880269813686,0.0,0.0,0.0,0.0,0.0,0.0,0.0,0.0,0.0,0.0,0.006839048849999999
3782.0,1.0237729994565061,0.487386276,0.222678346,0.2361188687280092,0.5634949180486912,0.0,0.22415921267980565,0.0,0.0,0.0,0.0,0.0,0.0,0.0,0.0,0.0,0.0,0.006839048849999999
3783.0,1.0803165047558212,0.636256201,0.245791829,0.30824030507026595,0.6219843510935408,0.0,0.1500918485920144,0.0,0.0,0.0,0.0,0.0,0.0,0.0,0.0,0.0,0.0,0.006839048849999999
3784.0,1.131875852271843,0.749345811,0.255378487,0.36302763104349817,0.6462437061727762,0.0,0.12260451505556873,0.0,0.0,0.0,0.0,0.0,0.0,0.0,0.0,0.0,0.0,0.006839048849999999
3785.0,1.1758410314910381,0.816487144,0.263253733,0.39555488175510944,0.6661722765932843,0.0,0.11411387314264441,0.0,0.0,0.0,0.0,0.0,0.0,0.0,0.0,0.0,0.0,0.006839048849999999
3786.0,1.2153605183902538,0.834981141,0.268957134,0.4045144726687838,0.6806049214230327,0.0,0.13024112429843737,0.0,0.0,0.0,0.0,0.0,0.0,0.0,0.0,0.0,0.0,0.006839048849999999
3787.0,1.244987340027787,0.804815229,0.274783218,0.38990031267633324,0.695348019641145,0.0,0.15973900771030883,0.0,0.0,0.0,0.0,0.0,0.0,0.0,0.0,0.0,0.0,0.006839048849999999
3788.0,1.2672269247903094,0.724794481,0.277319988,0.35113350814585625,0.7017674000116925,0.0,0.21432601663276063,0.0,0.0,0.0,0.0,0.0,0.0,0.0,0.0,0.0,0.0,0.006839048849999999
3789.0,1.2818612170934525,0.603910835,0.274832373,0.2925702880743146,0.6954724079940956,0.0,0.29381852102504213,0.0,0.0,0.0,0.0,0.0,0.0,0.0,0.0,0.0,0.0,0.006839048849999999
3790.0,1.2889591937445135,0.467420626,0.26785986,0.22644632166716544,0.6778282332815331,0.0,0.38468463879581494,0.0,0.0,0.0,0.0,0.0,0.0,0.0,0.0,0.0,0.0,0.006839048849999999
3791.0,1.2807753828370834,0.321313468,0.258180042,0.15566333380144945,0.6533331337416962,0.0,0.4717789152939376,0.0,0.0,0.0,0.0,0.0,0.0,0.0,0.0,0.0,0.0,0.006839048849999999
3792.0,1.25603036768804,0.184029078,0.259113155,0.08915461893395325,0.6556944070442433,0.0,0.5111813417098436,0.0,0.0,0.0,0.0,0.0,0.0,0.0,0.0,0.0,0.0,0.006839048849999999
3793.0,1.221007749256167,0.082400087,0.27595787,0.0399194977035618,0.6983205153703692,0.0,0.48276773618223595,0.0,0.0,0.0,0.0,0.0,0.0,0.0,0.0,0.0,0.0,0.006839048849999999
3794.0,1.1867906061866045,0.022346136,0.293606153,0.010825795908874218,0.742980079092767,0.0,0.4329847311849633,0.0,0.0,0.0,0.0,0.0,0.0,0.0,0.0,0.0,0.0,0.006839048849999999
3795.0,1.1275236129165505,0.001794238,0.295304029,0.0008692354866159706,0.7472766104558877,0.0,0.37937776697404685,0.0,0.0,0.0,0.0,0.0,0.0,0.0,0.0,0.0,0.0,0.006839048849999999
3796.0,1.0480663246096162,4.28e-07,0.28714488,2.0734862837128375e-07,0.7266296141058157,0.0,0.32143650315517214,0.0,0.0,0.0,0.0,0.0,0.0,0.0,0.0,0.0,0.0,0.006839048849999999
3797.0,0.973488617958661,0.0,0.282865384,0.0,0.7158002079640541,0.0,0.25768840999460696,0.0,0.0,0.0,0.0,0.0,0.0,0.0,0.0,0.0,0.0,0.006839048849999999
3798.0,0.9095155999669375,0.0,0.274440351,0.0,0.6944803833597681,0.0,0.21503521660716932,0.0,0.0,0.0,0.0,0.0,0.0,0.0,0.0,0.0,0.0,0.006839048849999999
3799.0,0.8591377655044063,0.0,0.261858157,0.0,0.6626407253765768,0.0,0.1964970401278296,0.0,0.0,0.0,0.0,0.0,0.0,0.0,0.0,0.0,0.0,0.006839048849999999
3800.0,0.826680653936385,1.14e-06,0.254569942,5.522837297739801e-07,0.6441976563134257,0.0,0.1824824453392295,0.0,0.0,0.0,0.0,0.0,0.0,0.0,0.0,0.0,0.0,0.006839048849999999
3801.0,0.8116213726272081,0.000498043,0.245677207,0.000241281618971774,0.6216942963322369,0.0,0.1896857946759994,0.0,0.0,0.0,0.0,0.0,0.0,0.0,0.0,0.0,0.0,0.006839048849999999
3802.0,0.8245178847536886,0.006714549,0.233392394,0.0032529264609387266,0.5906071708032979,0.0,0.2306577874894519,0.0,0.0,0.0,0.0,0.0,0.0,0.0,0.0,0.0,0.0,0.006839048849999999
3803.0,0.8510296069017295,0.043203598,0.213511091,0.020930389686926027,0.5402968761297143,0.0,0.2898023410850891,0.0,0.0,0.0,0.0,0.0,0.0,0.0,0.0,0.0,0.0,0.006839048849999999
3804.0,0.8909963331319333,0.137491486,0.174223402,0.06660904447390084,0.44087807995553463,0.0,0.3835092087024977,0.0,0.0,0.0,0.0,0.0,0.0,0.0,0.0,0.0,0.0,0.006839048849999999
3805.0,0.9354643784944257,0.287383155,0.142221271,0.13922547431369636,0.35989562921814466,0.0,0.43634327496258457,0.0,0.0,0.0,0.0,0.0,0.0,0.0,0.0,0.0,0.0,0.006839048849999999
3806.0,0.9840132046481185,0.451961819,0.14536534,0.21895715711644956,0.3678517997902686,0.0,0.39720424774140034,0.0,0.0,0.0,0.0,0.0,0.0,0.0,0.0,0.0,0.0,0.006839048849999999
3807.0,1.035585901159203,0.602678073,0.161919277,0.2919730649205571,0.40974208477198926,0.0,0.33387075146665673,0.0,0.0,0.0,0.0,0.0,0.0,0.0,0.0,0.0,0.0,0.006839048849999999
3808.0,1.0816582227487848,0.72345589,0.170929921,0.35048501513697744,0.4325438173766761,0.0,0.2986293902351313,0.0,0.0,0.0,0.0,0.0,0.0,0.0,0.0,0.0,0.0,0.006839048849999999
3809.0,1.1192530235419653,0.800364806,0.179685173,0.38774426336623513,0.45469927208009675,0.0,0.2768094880956335,0.0,0.0,0.0,0.0,0.0,0.0,0.0,0.0,0.0,0.0,0.006839048849999999
3810.0,1.1553904030525424,0.826281488,0.18797356,0.4002998438910826,0.4756733094627924,0.0,0.27941724969866755,0.0,0.0,0.0,0.0,0.0,0.0,0.0,0.0,0.0,0.0,0.006839048849999999
3811.0,1.1840070417385349,0.80310191,0.192899823,0.38907027916088355,0.48813938088525255,0.0,0.3067973816923988,0.0,0.0,0.0,0.0,0.0,0.0,0.0,0.0,0.0,0.0,0.006839048849999999
3812.0,1.208313717886557,0.732419853,0.194021673,0.3548276913818862,0.4909782594074279,0.0,0.36250776709724297,0.0,0.0,0.0,0.0,0.0,0.0,0.0,0.0,0.0,0.0,0.006839048849999999
3813.0,1.226841885051528,0.621609814,0.189966802,0.3011447250351141,0.48071727425603367,0.0,0.4449798857603801,0.0,0.0,0.0,0.0,0.0,0.0,0.0,0.0,0.0,0.0,0.006839048849999999
3814.0,1.2369348072374955,0.488998987,0.176028884,0.23690016175092807,0.44544691185995516,0.0,0.5545877336266123,0.0,0.0,0.0,0.0,0.0,0.0,0.0,0.0,0.0,0.0,0.006839048849999999
3815.0,1.2324245887751648,0.341674912,0.158091462,0.16552762699083895,0.40005567233685035,0.0,0.6668412894474754,0.0,0.0,0.0,0.0,0.0,0.0,0.0,0.0,0.0,0.0,0.006839048849999999
3816.0,1.2102584304849606,0.199492522,0.151253832,0.09664602992296296,0.3827528235160797,0.0,0.7308595770459181,0.0,0.0,0.0,0.0,0.0,0.0,0.0,0.0,0.0,0.0,0.006839048849999999
3817.0,1.1804580539129668,0.087940869,0.153021149,0.04260378169375876,0.3872250776259654,0.0,0.7506291945932426,0.0,0.0,0.0,0.0,0.0,0.0,0.0,0.0,0.0,0.0,0.006839048849999999
3818.0,1.1516300331402125,0.023586001,0.164007789,0.01142646017783581,0.41502713345060527,0.0,0.7251764395117715,0.0,0.0,0.0,0.0,0.0,0.0,0.0,0.0,0.0,0.0,0.006839048849999999
3819.0,1.100177489583789,0.001845851,0.179132636,0.0008942398902517815,0.4533010589303823,0.0,0.6459821907631549,0.0,0.0,0.0,0.0,0.0,0.0,0.0,0.0,0.0,0.0,0.006839048849999999
3820.0,1.0268814234485424,5.5e-07,0.195532929,2.6645267664534125e-07,0.4948025426894251,0.0,0.5320786143064407,0.0,0.0,0.0,0.0,0.0,0.0,0.0,0.0,0.0,0.0,0.006839048849999999
3821.0,0.9559572827503188,0.0,0.210223165,0.0,0.5319766706620477,0.0,0.423980612088271,0.0,0.0,0.0,0.0,0.0,0.0,0.0,0.0,0.0,0.0,0.006839048849999999
3822.0,0.8933059572591152,0.0,0.223382349,0.0,0.5652764209200619,0.0,0.32802953633905335,0.0,0.0,0.0,0.0,0.0,0.0,0.0,0.0,0.0,0.0,0.006839048849999999
3823.0,0.8492384247452676,0.0,0.231575024,0.0,0.5860082559217668,0.0,0.26323016882350087,0.0,0.0,0.0,0.0,0.0,0.0,0.0,0.0,0.0,0.0,0.006839048849999999
3824.0,0.8153728432094962,6.36e-07,0.23277528,3.08116186084431e-07,0.5890455434196605,0.0,0.22632699167364967,0.0,0.0,0.0,0.0,0.0,0.0,0.0,0.0,0.0,0.0,0.006839048849999999
3825.0,0.8023584019609402,0.00034374,0.225128022,0.00016652807830921744,0.569693904172227,0.0,0.23249796971040404,0.0,0.0,0.0,0.0,0.0,0.0,0.0,0.0,0.0,0.0,0.006839048849999999
3826.0,0.8108960002345966,0.006104738,0.212023304,0.0029574977823973226,0.5365319819282867,0.0,0.2714065205239127,0.0,0.0,0.0,0.0,0.0,0.0,0.0,0.0,0.0,0.0,0.006839048849999999
3827.0,0.8425342854453953,0.042618456,0.18602672,0.020646912137621282,0.4707467664649658,0.0,0.35114060684280823,0.0,0.0,0.0,0.0,0.0,0.0,0.0,0.0,0.0,0.0,0.006839048849999999
3828.0,0.8835200949571064,0.141658013,0.135543606,0.06862755769474645,0.3429975771195737,0.0,0.4718949601427862,0.0,0.0,0.0,0.0,0.0,0.0,0.0,0.0,0.0,0.0,0.006839048849999999
3829.0,0.9286756865598337,0.294251136,0.095207285,0.1425527323511497,0.24092518299338095,0.0,0.5451977712153031,0.0,0.0,0.0,0.0,0.0,0.0,0.0,0.0,0.0,0.0,0.006839048849999999
3830.0,0.978214669172699,0.458914734,0.088680178,0.22232556222960873,0.22440812289244036,0.0,0.5314809840506498,0.0,0.0,0.0,0.0,0.0,0.0,0.0,0.0,0.0,0.0,0.006839048849999999
3831.0,1.0316653263074005,0.608869024,0.10342818,0.2949723294022482,0.2617284296382608,0.0,0.4749645672668915,0.0,0.0,0.0,0.0,0.0,0.0,0.0,0.0,0.0,0.0,0.006839048849999999
3832.0,1.0810663543057466,0.726664409,0.116952151,0.35203941236537273,0.29595128546249927,0.0,0.4330756564778745,0.0,0.0,0.0,0.0,0.0,0.0,0.0,0.0,0.0,0.0,0.006839048849999999
3833.0,1.1234539582877516,0.803803312,0.130051452,0.389410079961437,0.32909949980881087,0.0,0.40494437851750387,0.0,0.0,0.0,0.0,0.0,0.0,0.0,0.0,0.0,0.0,0.006839048849999999
3834.0,1.1618297582858537,0.825304768,0.145795499,0.3998266626941134,0.36894033136420484,0.0,0.3930627642275355,0.0,0.0,0.0,0.0,0.0,0.0,0.0,0.0,0.0,0.0,0.006839048849999999
3835.0,1.1962226821223119,0.7997304,0.159873678,0.3874369194084535,0.4045656288589141,0.0,0.40422013385494415,0.0,0.0,0.0,0.0,0.0,0.0,0.0,0.0,0.0,0.0,0.006839048849999999
3836.0,1.2215195147295064,0.725515093,0.169792058,0.3514826154117158,0.4296644174284851,0.0,0.44037248188930544,0.0,0.0,0.0,0.0,0.0,0.0,0.0,0.0,0.0,0.0,0.006839048849999999
3837.0,1.2407330043021265,0.612566189,0.169257044,0.29676345578452,0.4283105468097187,0.0,0.5156590017078878,0.0,0.0,0.0,0.0,0.0,0.0,0.0,0.0,0.0,0.0,0.006839048849999999
3838.0,1.2503141600148298,0.476820328,0.163432841,0.23100009577183558,0.4135722085243071,0.0,0.6057418557186872,0.0,0.0,0.0,0.0,0.0,0.0,0.0,0.0,0.0,0.0,0.006839048849999999
3839.0,1.3158803290711656,0.325868028,0.159814107,0.15786983326134366,0.40441488247352886,0.0,0.753595613336293,0.0,0.0,0.0,0.0,0.0,0.0,0.0,0.0,0.0,0.0,0.006839048849999999
3840.0,1.2191787399474037,0.180715636,0.167552498,0.08754939077066398,0.4239971367910354,0.0,0.7076322123857041,0.0,0.0,0.0,0.0,0.0,0.0,0.0,0.0,0.0,0.0,0.006839048849999999
3841.0,1.192842799566183,0.07275176,0.204373091,0.035245274877562675,0.5171728649556375,0.0,0.6404246597329828,0.0,0.0,0.0,0.0,0.0,0.0,0.0,0.0,0.0,0.0,0.006839048849999999
3842.0,1.168696328357634,0.018298801,0.265214146,0.00886502637427354,0.671133166516441,0.0,0.4886981354669197,0.0,0.0,0.0,0.0,0.0,0.0,0.0,0.0,0.0,0.0,0.006839048849999999
3843.0,1.1189370633280404,0.001677968,0.317541493,0.0008129073907731455,0.8035492484531661,0.0,0.3145749074841012,0.0,0.0,0.0,0.0,0.0,0.0,0.0,0.0,0.0,0.0,0.006839048849999999
3844.0,1.0463463450928865,6.48e-07,0.345275508,3.139296990294203e-07,0.8737310905151068,0.0,0.1726149406480807,0.0,0.0,0.0,0.0,0.0,0.0,0.0,0.0,0.0,0.0,0.006839048849999999
3845.0,0.9721713761230867,0.0,0.349988478,0.0,0.8856574169479245,0.0,0.08651395917516211,0.0,0.0,0.0,0.0,0.0,0.0,0.0,0.0,0.0,0.0,0.006839048849999999
3846.0,0.9157346737834453,0.0,0.340975479,0.0,0.862849724937863,0.0,0.05288494884558227,0.0,0.0,0.0,0.0,0.0,0.0,0.0,0.0,0.0,0.0,0.006839048849999999
3847.0,0.8706013315057473,0.0,0.325570678,0.0,0.8238673666036072,0.0,0.046733964902140136,0.0,0.0,0.0,0.0,0.0,0.0,0.0,0.0,0.0,0.0,0.006839048849999999
3848.0,0.8389964227823042,1.62e-06,0.306653445,7.848242475735505e-07,0.7759966829447524,0.0,0.0629989550133042,0.0,0.0,0.0,0.0,0.0,0.0,0.0,0.0,0.0,0.0,0.006839048849999999
3849.0,0.8226621754549505,0.000729186,0.275347438,0.0003532610208587452,0.6967757970086913,0.0,0.12553311742540038,0.0,0.0,0.0,0.0,0.0,0.0,0.0,0.0,0.0,0.0,0.006839048849999999
3850.0,0.829005852891065,0.009585455,0.244898598,0.004643763893842672,0.6197240005108058,0.0,0.20463808848641651,0.0,0.0,0.0,0.0,0.0,0.0,0.0,0.0,0.0,0.0,0.006839048849999999
3851.0,0.8545185182499668,0.052239169,0.209809467,0.025307757101415158,0.5309297941929415,0.0,0.2982809669556102,0.0,0.0,0.0,0.0,0.0,0.0,0.0,0.0,0.0,0.0,0.006839048849999999
3852.0,0.896572361358114,0.152828719,0.167069576,0.07403931135605223,0.4227750867008398,0.0,0.399757963301222,0.0,0.0,0.0,0.0,0.0,0.0,0.0,0.0,0.0,0.0,0.006839048849999999
3853.0,0.9501898989297445,0.297373026,0.161881702,0.14406516134513575,0.40964699999196447,0.0,0.39647773759264426,0.0,0.0,0.0,0.0,0.0,0.0,0.0,0.0,0.0,0.0,0.006839048849999999
3854.0,1.0121381023532905,0.451483869,0.195651281,0.21872560974044472,0.4951020363390721,0.0,0.29831045627377367,0.0,0.0,0.0,0.0,0.0,0.0,0.0,0.0,0.0,0.0,0.006839048849999999
3855.0,1.0737592204004345,0.594323907,0.218560195,0.287925810571758,0.5530738007647632,0.0,0.23275960906391333,0.0,0.0,0.0,0.0,0.0,0.0,0.0,0.0,0.0,0.0,0.006839048849999999
3856.0,1.132908284548413,0.705849953,0.224614451,0.34195565324879695,0.5683942957740346,0.0,0.22255833552558166,0.0,0.0,0.0,0.0,0.0,0.0,0.0,0.0,0.0,0.0,0.006839048849999999
3857.0,1.1842228734903175,0.771823071,0.232021612,0.3739169512083223,0.5871383616234749,0.0,0.2231675606585205,0.0,0.0,0.0,0.0,0.0,0.0,0.0,0.0,0.0,0.0,0.006839048849999999
3858.0,1.226772908244231,0.787754079,0.24077584,0.3816348779778829,0.6092912250610341,0.0,0.23584680520531395,0.0,0.0,0.0,0.0,0.0,0.0,0.0,0.0,0.0,0.0,0.006839048849999999
3859.0,1.263059366531879,0.752069247,0.247325453,0.3643470252469023,0.6258652373391999,0.0,0.2728471039457767,0.0,0.0,0.0,0.0,0.0,0.0,0.0,0.0,0.0,0.0,0.006839048849999999
3860.0,1.2909795586476702,0.672150349,0.250111156,0.32562956290754597,0.6329145508979281,0.0,0.33243544484219617,0.0,0.0,0.0,0.0,0.0,0.0,0.0,0.0,0.0,0.0,0.006839048849999999
3861.0,1.3136018565988288,0.556925028,0.250908867,0.2698075716388757,0.6349331849620213,0.0,0.40886109999793174,0.0,0.0,0.0,0.0,0.0,0.0,0.0,0.0,0.0,0.0,0.006839048849999999
3862.0,1.3211203715909778,0.427446821,0.254447662,0.2070806355981674,0.6438882227298883,0.0,0.470151513262922,0.0,0.0,0.0,0.0,0.0,0.0,0.0,0.0,0.0,0.0,0.006839048849999999
3863.0,1.3081615571547318,0.290739129,0.268863595,0.1408513075047003,0.6803682178903985,0.0,0.4869420317596333,0.0,0.0,0.0,0.0,0.0,0.0,0.0,0.0,0.0,0.0,0.006839048849999999
3864.0,1.2771618668693143,0.162558891,0.29436723,0.07875318476263324,0.7449060096084523,0.0,0.4535026724982286,0.0,0.0,0.0,0.0,0.0,0.0,0.0,0.0,0.0,0.0,0.006839048849999999
3865.0,1.2388439185160327,0.068473268,0.326366731,0.03317251915864326,0.8258818050438739,0.0,0.3797895943135155,0.0,0.0,0.0,0.0,0.0,0.0,0.0,0.0,0.0,0.0,0.006839048849999999
3866.0,1.203819075251649,0.019049263,0.352545529,0.009228594753583752,0.8921281190596213,0.0,0.30246236143844407,0.0,0.0,0.0,0.0,0.0,0.0,0.0,0.0,0.0,0.0,0.006839048849999999
3867.0,1.1523576313652593,0.001816591,0.354677649,0.0008800646078542493,0.8975235192242603,0.0,0.25395404753314466,0.0,0.0,0.0,0.0,0.0,0.0,0.0,0.0,0.0,0.0,0.006839048849999999
3868.0,1.0833270261181502,5.36e-07,0.341173841,2.5967024487618717e-07,0.8633516865382692,0.0,0.21997507990963622,0.0,0.0,0.0,0.0,0.0,0.0,0.0,0.0,0.0,0.0,0.006839048849999999
3869.0,1.0133908170465888,0.0,0.321528637,0.0,0.8136388481914735,0.0,0.19975196885511537,0.0,0.0,0.0,0.0,0.0,0.0,0.0,0.0,0.0,0.0,0.006839048849999999
3870.0,0.9493109960951913,0.0,0.297261083,0.0,0.7522290003184694,0.0,0.19708199577672192,0.0,0.0,0.0,0.0,0.0,0.0,0.0,0.0,0.0,0.0,0.006839048849999999
3871.0,0.9031340963784463,0.0,0.271562109,0.0,0.6871968968014733,0.0,0.2159371995769729,0.0,0.0,0.0,0.0,0.0,0.0,0.0,0.0,0.0,0.0,0.006839048849999999
3872.0,0.8643221812119088,1.49e-06,0.249973009,7.218445240028335e-07,0.6325649653462029,0.0,0.2317564940211819,0.0,0.0,0.0,0.0,0.0,0.0,0.0,0.0,0.0,0.0,0.006839048849999999
3873.0,0.8370161088640347,0.000660929,0.226994655,0.0003201932747682341,0.5744174807042799,0.0,0.2622784348849866,0.0,0.0,0.0,0.0,0.0,0.0,0.0,0.0,0.0,0.0,0.006839048849999999
3874.0,0.828333881478328,0.008214386,0.204480075,0.003979536612178215,0.5174435915053692,0.0,0.30691075336078055,0.0,0.0,0.0,0.0,0.0,0.0,0.0,0.0,0.0,0.0,0.006839048849999999
3875.0,0.8294286170645885,0.04355957,0.177559339,0.021102843672763834,0.4493197788463221,0.0,0.3590059945455026,0.0,0.0,0.0,0.0,0.0,0.0,0.0,0.0,0.0,0.0,0.006839048849999999
3876.0,0.8516081253497801,0.132249387,0.141063849,0.06406946027428291,0.3569667345736795,0.0,0.4305719305018177,0.0,0.0,0.0,0.0,0.0,0.0,0.0,0.0,0.0,0.0,0.006839048849999999
3877.0,0.9029093632967725,0.271777705,0.148294137,0.13166526718141444,0.3752632174478088,0.0,0.3959808786675493,0.0,0.0,0.0,0.0,0.0,0.0,0.0,0.0,0.0,0.0,0.006839048849999999
3878.0,0.9754110792321858,0.4277445,0.17654085,0.2072248489914967,0.44674245875257357,0.0,0.32144377148811554,0.0,0.0,0.0,0.0,0.0,0.0,0.0,0.0,0.0,0.0,0.006839048849999999
3879.0,1.0542408977762159,0.571149579,0.18675484,0.27669878925347235,0.4725892982023338,0.0,0.3049528103204096,0.0,0.0,0.0,0.0,0.0,0.0,0.0,0.0,0.0,0.0,0.006839048849999999
3880.0,1.1284870683858232,0.685769299,0.188625574,0.3322273914177261,0.47732325245049806,0.0,0.3189364245175991,0.0,0.0,0.0,0.0,0.0,0.0,0.0,0.0,0.0,0.0,0.006839048849999999
3881.0,1.1905576515963903,0.758951563,0.19594419,0.3676812280100279,0.49584325224944503,0.0,0.32703317133691756,0.0,0.0,0.0,0.0,0.0,0.0,0.0,0.0,0.0,0.0,0.006839048849999999
3882.0,1.2356820925441971,0.783344017,0.207097859,0.37949838193411584,0.524067980481876,0.0,0.3321157301282052,0.0,0.0,0.0,0.0,0.0,0.0,0.0,0.0,0.0,0.0,0.006839048849999999
3883.0,1.2701439931879523,0.762330107,0.219834309,0.3693179954499626,0.5562979883739827,0.0,0.34452800936400707,0.0,0.0,0.0,0.0,0.0,0.0,0.0,0.0,0.0,0.0,0.006839048849999999
3884.0,1.2951471169061006,0.695218283,0.233688246,0.3368050406511425,0.5913558340724895,0.0,0.3669862421824686,0.0,0.0,0.0,0.0,0.0,0.0,0.0,0.0,0.0,0.0,0.006839048849999999
3885.0,1.3127496537542505,0.588087981,0.246639834,0.28490475752800837,0.6241302557877488,0.0,0.4037146404384934,0.0,0.0,0.0,0.0,0.0,0.0,0.0,0.0,0.0,0.0,0.006839048849999999
3886.0,1.3226289700208704,0.460094275,0.261353149,0.22289700196899584,0.6613627859330445,0.0,0.43836918211882997,0.0,0.0,0.0,0.0,0.0,0.0,0.0,0.0,0.0,0.0,0.006839048849999999
3887.0,1.3147967196473067,0.320416331,0.280240152,0.15522870733787206,0.709156971577258,0.0,0.45041104073217664,0.0,0.0,0.0,0.0,0.0,0.0,0.0,0.0,0.0,0.0,0.006839048849999999
3888.0,1.2905501199766152,0.185636864,0.312771497,0.08993352599426763,0.7914786158416207,0.0,0.40913797814072694,0.0,0.0,0.0,0.0,0.0,0.0,0.0,0.0,0.0,0.0,0.006839048849999999
3889.0,1.2210856263934307,0.082980506,0.347409564,0.04020068715106327,0.8791313897917654,0.0,0.30175354945060207,0.0,0.0,0.0,0.0,0.0,0.0,0.0,0.0,0.0,0.0,0.006839048849999999
3890.0,1.1920061725490276,0.023562907,0.361214295,0.01141527207217318,0.9140647180801352,0.0,0.2665261823967192,0.0,0.0,0.0,0.0,0.0,0.0,0.0,0.0,0.0,0.0,0.006839048849999999
3891.0,1.1462342353459483,0.001967362,0.370280365,0.0009531070378733306,0.9370067080106411,0.0,0.20827442029743384,0.0,0.0,0.0,0.0,0.0,0.0,0.0,0.0,0.0,0.0,0.006839048849999999
3892.0,1.0826795308628026,7.1e-07,0.36962992,3.4396618257853144e-07,0.9353607354293189,0.0,0.14731845146730116,0.0,0.0,0.0,0.0,0.0,0.0,0.0,0.0,0.0,0.0,0.006839048849999999
3893.0,1.0461216130111373,0.0,0.35690967,0.0,0.9031717221729115,0.0,0.1429498908382257,0.0,0.0,0.0,0.0,0.0,0.0,0.0,0.0,0.0,0.0,0.006839048849999999
3894.0,0.982420053583506,0.0,0.336870409,0.0,0.8524617095569954,0.0,0.12995834402651063,0.0,0.0,0.0,0.0,0.0,0.0,0.0,0.0,0.0,0.0,0.006839048849999999
3895.0,0.9295078629120437,0.0,0.316406533,0.0,0.8006771946424712,0.0,0.1288306682695725,0.0,0.0,0.0,0.0,0.0,0.0,0.0,0.0,0.0,0.0,0.006839048849999999
3896.0,0.8904133650188616,3.16e-06,0.299101879,1.530891742180506e-06,0.7568871954676482,0.0,0.1335246386594712,0.0,0.0,0.0,0.0,0.0,0.0,0.0,0.0,0.0,0.0,0.006839048849999999
3897.0,0.8621104607143588,0.000569982,0.276005667,0.00027613314461757255,0.6984414672594137,0.0,0.16339286031032751,0.0,0.0,0.0,0.0,0.0,0.0,0.0,0.0,0.0,0.0,0.006839048849999999
3898.0,0.8451420691265693,0.007878279,0.253859241,0.003816706412561423,0.6423992039315668,0.0,0.19892615878244116,0.0,0.0,0.0,0.0,0.0,0.0,0.0,0.0,0.0,0.0,0.006839048849999999
3899.0,0.8366712228276996,0.046250446,0.222277129,0.02240646387771058,0.5624796251628049,0.0,0.2517851337871841,0.0,0.0,0.0,0.0,0.0,0.0,0.0,0.0,0.0,0.0,0.006839048849999999
3900.0,0.8539555756293388,0.142120616,0.191202891,0.06885167007215402,0.48384523834534804,0.0,0.3012586672118367,0.0,0.0,0.0,0.0,0.0,0.0,0.0,0.0,0.0,0.0,0.006839048849999999
3901.0,0.906985694422952,0.292690997,0.202571648,0.1417969083284428,0.5126142538742782,0.0,0.2525745322202309,0.0,0.0,0.0,0.0,0.0,0.0,0.0,0.0,0.0,0.0,0.006839048849999999
3902.0,0.9732327352219914,0.459553512,0.230375448,0.2226350242439399,0.5829726891863592,0.0,0.16762502179169214,0.0,0.0,0.0,0.0,0.0,0.0,0.0,0.0,0.0,0.0,0.006839048849999999
3903.0,1.0408103678515928,0.611499625,0.229148249,0.2962467488161317,0.5798672215360182,0.0,0.16469639749944287,0.0,0.0,0.0,0.0,0.0,0.0,0.0,0.0,0.0,0.0,0.006839048849999999
3904.0,1.1000017088168934,0.732586836,0.22207124,0.3549085878678939,0.561958616239997,0.0,0.18313450470900244,0.0,0.0,0.0,0.0,0.0,0.0,0.0,0.0,0.0,0.0,0.006839048849999999
3905.0,1.1501659363601526,0.809190492,0.225612848,0.3920199500170193,0.5709207723973837,0.0,0.18722521394574965,0.0,0.0,0.0,0.0,0.0,0.0,0.0,0.0,0.0,0.0,0.006839048849999999
3906.0,1.1882791781241286,0.832513202,0.235002658,0.4033188563917885,0.5946819971032776,0.0,0.1902783246290625,0.0,0.0,0.0,0.0,0.0,0.0,0.0,0.0,0.0,0.0,0.006839048849999999
3907.0,1.21307092075544,0.80571032,0.244323205,0.3903339479359535,0.6182679494972924,0.0,0.2044690233221941,0.0,0.0,0.0,0.0,0.0,0.0,0.0,0.0,0.0,0.0,0.006839048849999999
3908.0,1.2287153950101992,0.732385563,0.252247195,0.35481107926864586,0.6383198682216602,0.0,0.2355844475198932,0.0,0.0,0.0,0.0,0.0,0.0,0.0,0.0,0.0,0.0,0.006839048849999999
3909.0,1.2382809758954045,0.621085265,0.257487359,0.3008906023349656,0.6515802765046538,0.0,0.28581009705578514,0.0,0.0,0.0,0.0,0.0,0.0,0.0,0.0,0.0,0.0,0.006839048849999999
3910.0,1.2422304765696173,0.487974342,0.262268138,0.23640376283663486,0.6636781958542698,0.0,0.34214851787871253,0.0,0.0,0.0,0.0,0.0,0.0,0.0,0.0,0.0,0.0,0.006839048849999999
3911.0,1.232580343049692,0.34201762,0.266962833,0.1656936551070349,0.6755582767952726,0.0,0.3913284111473844,0.0,0.0,0.0,0.0,0.0,0.0,0.0,0.0,0.0,0.0,0.006839048849999999
3912.0,1.2083737953638123,0.200474824,0.273540716,0.09712191537237036,0.6922038272432666,0.0,0.4190480527481753,0.0,0.0,0.0,0.0,0.0,0.0,0.0,0.0,0.0,0.0,0.006839048849999999
3913.0,1.1792142385497106,0.089770718,0.283266518,0.043490269264498393,0.716815290815696,0.0,0.41890867846951646,0.0,0.0,0.0,0.0,0.0,0.0,0.0,0.0,0.0,0.0,0.006839048849999999
3914.0,1.1542778678062737,0.024741034,0.28613551,0.011986026785951625,0.724075369943113,0.0,0.4182164710772091,0.0,0.0,0.0,0.0,0.0,0.0,0.0,0.0,0.0,0.0,0.006839048849999999
3915.0,1.1097096939816387,0.002099746,0.293136468,0.0010172417126824522,0.7417915256687905,0.0,0.36690092660016577,0.0,0.0,0.0,0.0,0.0,0.0,0.0,0.0,0.0,0.0,0.006839048849999999
3916.0,1.0437274362492355,9.94e-07,0.290513219,4.81552655609944e-07,0.7351533073290679,0.0,0.30857364736751197,0.0,0.0,0.0,0.0,0.0,0.0,0.0,0.0,0.0,0.0,0.006839048849999999
3917.0,0.9782458198276195,0.0,0.275035564,0.0,0.6959865895386864,0.0,0.2822592302889331,0.0,0.0,0.0,0.0,0.0,0.0,0.0,0.0,0.0,0.0,0.006839048849999999
3918.0,0.923589174481963,0.0,0.252337301,0.0,0.6385478844342726,0.0,0.2850412900476904,0.0,0.0,0.0,0.0,0.0,0.0,0.0,0.0,0.0,0.0,0.006839048849999999
3919.0,0.8767536533474684,0.0,0.232109884,0.0,0.5873617368384407,0.0,0.28939191650902774,0.0,0.0,0.0,0.0,0.0,0.0,0.0,0.0,0.0,0.0,0.006839048849999999
3920.0,0.8464014593173236,3.86e-06,0.216274561,1.8700133306382132e-06,0.547289928346745,0.0,0.29910966095724795,0.0,0.0,0.0,0.0,0.0,0.0,0.0,0.0,0.0,0.0,0.006839048849999999
3921.0,0.8331155595046754,0.000884614,0.196573264,0.0004285595783598944,0.4974351448085741,0.0,0.33525185511774147,0.0,0.0,0.0,0.0,0.0,0.0,0.0,0.0,0.0,0.0,0.006839048849999999
3922.0,0.844588025835983,0.009797708,0.17475094,0.004746591857435405,0.44221303230908576,0.0,0.39762840166946184,0.0,0.0,0.0,0.0,0.0,0.0,0.0,0.0,0.0,0.0,0.006839048849999999
3923.0,0.8767447530175019,0.048254772,0.149220399,0.02337747847329212,0.3776071540683081,0.0,0.4757601204759016,0.0,0.0,0.0,0.0,0.0,0.0,0.0,0.0,0.0,0.0,0.006839048849999999
3924.0,0.9254604586081989,0.141095325,0.121276579,0.06835495819708061,0.30689439351606573,0.0,0.5502111068950527,0.0,0.0,0.0,0.0,0.0,0.0,0.0,0.0,0.0,0.0,0.006839048849999999
3925.0,0.9796387149678718,0.287095545,0.125411815,0.13908613894218733,0.31735874495745825,0.0,0.5231938310682264,0.0,0.0,0.0,0.0,0.0,0.0,0.0,0.0,0.0,0.0,0.006839048849999999
3926.0,1.039464200193608,0.445390741,0.131195653,0.2157737365318217,0.3319949382755858,0.0,0.49169552538620054,0.0,0.0,0.0,0.0,0.0,0.0,0.0,0.0,0.0,0.0,0.006839048849999999
3927.0,1.1028698258996827,0.588185403,0.121142817,0.2849519545328522,0.30655590435184304,0.0,0.5113619670149876,0.0,0.0,0.0,0.0,0.0,0.0,0.0,0.0,0.0,0.0,0.006839048849999999
3928.0,1.1626552601405322,0.69887575,0.113005541,0.3385769349636734,0.2859642583515643,0.0,0.5381140668252945,0.0,0.0,0.0,0.0,0.0,0.0,0.0,0.0,0.0,0.0,0.006839048849999999
3929.0,1.2132711766798001,0.769433468,0.113628732,0.3727592855438319,0.28754126378465517,0.0,0.552970627351313,0.0,0.0,0.0,0.0,0.0,0.0,0.0,0.0,0.0,0.0,0.006839048849999999
3930.0,1.2576813703974723,0.794166057,0.121496723,0.3847412210700485,0.30745147518775606,0.0,0.565488674139668,0.0,0.0,0.0,0.0,0.0,0.0,0.0,0.0,0.0,0.0,0.006839048849999999
3931.0,1.2900695041582717,0.770860003,0.133705208,0.3734503838512469,0.33834545018869155,0.0,0.5782736701183334,0.0,0.0,0.0,0.0,0.0,0.0,0.0,0.0,0.0,0.0,0.006839048849999999
3932.0,1.3110719500549184,0.700662107,0.145738148,0.33944235242566273,0.3687952027622302,0.0,0.6028343948670255,0.0,0.0,0.0,0.0,0.0,0.0,0.0,0.0,0.0,0.0,0.006839048849999999
3933.0,1.3232809149412392,0.593708187,0.154720444,0.2876275192225506,0.3915251998155094,0.0,0.6441281959031793,0.0,0.0,0.0,0.0,0.0,0.0,0.0,0.0,0.0,0.0,0.006839048849999999
3934.0,1.3270234851935607,0.467872591,0.163694311,0.22666528036534728,0.41423386700555964,0.0,0.6861243378226538,0.0,0.0,0.0,0.0,0.0,0.0,0.0,0.0,0.0,0.0,0.006839048849999999
3935.0,1.3138199131831219,0.32952572,0.175663756,0.15964183657724232,0.44452294338195464,0.0,0.7096551332239248,0.0,0.0,0.0,0.0,0.0,0.0,0.0,0.0,0.0,0.0,0.006839048849999999
3936.0,1.2966468150060269,0.195659681,0.20010889,0.0947891740254975,0.5063821633171489,0.0,0.6954754776633804,0.0,0.0,0.0,0.0,0.0,0.0,0.0,0.0,0.0,0.0,0.006839048849999999
3937.0,1.2568291675528942,0.090702264,0.23920131,0.04394156549198615,0.6053068248297013,0.0,0.607580777231207,0.0,0.0,0.0,0.0,0.0,0.0,0.0,0.0,0.0,0.0,0.006839048849999999
3938.0,1.2262477907760545,0.024943486,0.276073571,0.012084106562846541,0.6986133005768536,0.0,0.5155503836363545,0.0,0.0,0.0,0.0,0.0,0.0,0.0,0.0,0.0,0.0,0.006839048849999999
3939.0,1.1708590975403306,0.002035004,0.291292037,0.000985876841425411,0.7371241320319102,0.0,0.43274908866699513,0.0,0.0,0.0,0.0,0.0,0.0,0.0,0.0,0.0,0.0,0.006839048849999999
3940.0,1.0931907665573475,1.14e-06,0.284932879,5.522837297739801e-07,0.721032072429183,0.0,0.3721581418444348,0.0,0.0,0.0,0.0,0.0,0.0,0.0,0.0,0.0,0.0,0.006839048849999999
3941.0,1.019051397907489,0.0,0.269860799,0.0,0.6828916755877976,0.0,0.33615972231969155,0.0,0.0,0.0,0.0,0.0,0.0,0.0,0.0,0.0,0.0,0.006839048849999999
3942.0,0.9555790212265527,0.0,0.25316527,0.0,0.640643087367933,0.0,0.31493593385861973,0.0,0.0,0.0,0.0,0.0,0.0,0.0,0.0,0.0,0.0,0.006839048849999999
3943.0,0.9087590759194808,0.0,0.233692182,0.0,0.5913657942506446,0.0,0.3173932816688362,0.0,0.0,0.0,0.0,0.0,0.0,0.0,0.0,0.0,0.0,0.006839048849999999
3944.0,0.8743817279104453,5.4e-06,0.214229946,2.6160808252451686e-06,0.5421159624782087,0.0,0.33226314935141144,0.0,0.0,0.0,0.0,0.0,0.0,0.0,0.0,0.0,0.0,0.006839048849999999
3945.0,0.8592979704438791,0.000888458,0.188579599,0.00043042184033993924,0.4772069111927033,0.0,0.3816606374108359,0.0,0.0,0.0,0.0,0.0,0.0,0.0,0.0,0.0,0.0,0.006839048849999999
3946.0,0.8682516563936782,0.008855968,0.165996057,0.00429035705070089,0.4200585113723671,0.0,0.44390278797061017,0.0,0.0,0.0,0.0,0.0,0.0,0.0,0.0,0.0,0.0,0.006839048849999999
3947.0,0.9009935775207037,0.044817766,0.141680741,0.02171238856720831,0.3585278001789759,0.0,0.5207533887745196,0.0,0.0,0.0,0.0,0.0,0.0,0.0,0.0,0.0,0.0,0.006839048849999999
3948.0,0.9467566143938166,0.129293576,0.115682055,0.0626374898149961,0.2927372655351464,0.0,0.591381859043674,0.0,0.0,0.0,0.0,0.0,0.0,0.0,0.0,0.0,0.0,0.006839048849999999
3949.0,1.0002473225134052,0.265002059,0.121150518,0.12838274170377573,0.30657539198699857,0.0,0.5652891888226309,0.0,0.0,0.0,0.0,0.0,0.0,0.0,0.0,0.0,0.0,0.006839048849999999
3950.0,1.059650044565543,0.415337218,0.135822816,0.20121402444823566,0.34370412725745003,0.0,0.5147318928598573,0.0,0.0,0.0,0.0,0.0,0.0,0.0,0.0,0.0,0.0,0.006839048849999999
3951.0,1.1209485279012306,0.552763265,0.136952114,0.2677913663826692,0.3465618531899147,0.0,0.5065953083286465,0.0,0.0,0.0,0.0,0.0,0.0,0.0,0.0,0.0,0.0,0.006839048849999999
3952.0,1.1809987462086409,0.660471128,0.133218244,0.31997145436830504,0.3371131716838357,0.0,0.5239141201565001,0.0,0.0,0.0,0.0,0.0,0.0,0.0,0.0,0.0,0.0,0.006839048849999999
3953.0,1.2322221070183697,0.728844388,0.13395015,0.35309552371006475,0.33896528401939857,0.0,0.5401612992889063,0.0,0.0,0.0,0.0,0.0,0.0,0.0,0.0,0.0,0.0,0.006839048849999999
3954.0,1.275292807575589,0.751284324,0.138484556,0.36396676191179234,0.3504397483454875,0.0,0.560886297318309,0.0,0.0,0.0,0.0,0.0,0.0,0.0,0.0,0.0,0.0,0.006839048849999999
3955.0,1.3059676373171147,0.727527811,0.144495473,0.3524576955906835,0.36565057258213113,0.0,0.5878593691443,0.0,0.0,0.0,0.0,0.0,0.0,0.0,0.0,0.0,0.0,0.006839048849999999
3956.0,1.3251388500724124,0.661042783,0.14945572,0.32024839801351906,0.37820264164036926,0.0,0.6266878104185241,0.0,0.0,0.0,0.0,0.0,0.0,0.0,0.0,0.0,0.0,0.006839048849999999
3957.0,1.3388096859063578,0.559143808,0.15017544,0.27088248049321595,0.3800239168999673,0.0,0.6879032885131747,0.0,0.0,0.0,0.0,0.0,0.0,0.0,0.0,0.0,0.0,0.006839048849999999
3958.0,1.342870441205115,0.438878603,0.151018594,0.21261886998494198,0.3821575459782631,0.0,0.7480940252419099,0.0,0.0,0.0,0.0,0.0,0.0,0.0,0.0,0.0,0.0,0.006839048849999999
3959.0,1.3431841765865293,0.30827692,0.155778218,0.14934765542178496,0.3942019319008287,0.0,0.7996345892639157,0.0,0.0,0.0,0.0,0.0,0.0,0.0,0.0,0.0,0.0,0.006839048849999999
3960.0,1.3027969110153126,0.183091261,0.171954309,0.08870028466149234,0.43513606508499186,0.0,0.7789605612688282,0.0,0.0,0.0,0.0,0.0,0.0,0.0,0.0,0.0,0.0,0.006839048849999999
3961.0,1.270326449452304,0.085585509,0.198030098,0.04146270537291627,0.5011217114199524,0.0,0.7277420326594356,0.0,0.0,0.0,0.0,0.0,0.0,0.0,0.0,0.0,0.0,0.006839048849999999
3962.0,1.2399920550821675,0.024245486,0.220187436,0.011745953893212997,0.5571915879246357,0.0,0.6710545132643189,0.0,0.0,0.0,0.0,0.0,0.0,0.0,0.0,0.0,0.0,0.006839048849999999
3963.0,1.184587786019021,0.002074717,0.23287831,0.0010051161780574407,0.5893062642416417,0.0,0.5942764055993219,0.0,0.0,0.0,0.0,0.0,0.0,0.0,0.0,0.0,0.0,0.006839048849999999
3964.0,1.1093737082752704,1.23e-06,0.23013989,5.958850768613995e-07,0.5823766018779609,0.0,0.5269965105122324,0.0,0.0,0.0,0.0,0.0,0.0,0.0,0.0,0.0,0.0,0.006839048849999999
3965.0,1.0370633489341752,0.0,0.2191631,0.0,0.5545994718040395,0.0,0.4824638771301357,0.0,0.0,0.0,0.0,0.0,0.0,0.0,0.0,0.0,0.0,0.006839048849999999
3966.0,0.9748347856166456,0.0,0.205409983,0.0,0.5197967544494339,0.0,0.4550380311672118,0.0,0.0,0.0,0.0,0.0,0.0,0.0,0.0,0.0,0.0,0.006839048849999999
3967.0,0.9281572455890382,0.0,0.192058119,0.0,0.4860094210799051,0.0,0.4421478245091331,0.0,0.0,0.0,0.0,0.0,0.0,0.0,0.0,0.0,0.0,0.006839048849999999
3968.0,0.8951416410654098,5.58e-06,0.183449182,2.7032835194200077e-06,0.46422422132230784,0.0,0.4309147164595825,0.0,0.0,0.0,0.0,0.0,0.0,0.0,0.0,0.0,0.0,0.006839048849999999
3969.0,0.878802944073035,0.000567538,0.171676968,0.0002749491258144431,0.43443424451341944,0.0,0.44409375043380117,0.0,0.0,0.0,0.0,0.0,0.0,0.0,0.0,0.0,0.0,0.006839048849999999
3970.0,0.8871558602499046,0.007432741,0.161567864,0.0036008613350210373,0.4088528225550145,0.0,0.47470217635986905,0.0,0.0,0.0,0.0,0.0,0.0,0.0,0.0,0.0,0.0,0.006839048849999999
3971.0,0.9209124139934919,0.043084743,0.143330908,0.020872809263502965,0.36270360233996224,0.0,0.5373360023900268,0.0,0.0,0.0,0.0,0.0,0.0,0.0,0.0,0.0,0.0,0.006839048849999999
3972.0,0.9655495646254237,0.129211685,0.118451689,0.06259781694928125,0.2997459159580073,0.0,0.6032058317181351,0.0,0.0,0.0,0.0,0.0,0.0,0.0,0.0,0.0,0.0,0.006839048849999999
3973.0,1.0200682553565614,0.26607118,0.120586531,0.12890068743488073,0.3051482042336572,0.0,0.5860193636880234,0.0,0.0,0.0,0.0,0.0,0.0,0.0,0.0,0.0,0.0,0.006839048849999999
3974.0,1.0823479948214547,0.417002671,0.137751287,0.20202086882946657,0.34858418689335313,0.0,0.531742939098635,0.0,0.0,0.0,0.0,0.0,0.0,0.0,0.0,0.0,0.0,0.006839048849999999
3975.0,1.1481611472844186,0.556545964,0.150724611,0.2696239305162941,0.38141361227537535,0.0,0.4971236044927493,0.0,0.0,0.0,0.0,0.0,0.0,0.0,0.0,0.0,0.0,0.006839048849999999
3976.0,1.2496933647494568,0.668460269,0.157900176,0.3238418689202088,0.39957161678843234,0.0,0.5262798790408157,0.0,0.0,0.0,0.0,0.0,0.0,0.0,0.0,0.0,0.0,0.006839048849999999
3977.0,1.266873138424008,0.741301428,0.169485584,0.3591304539847522,0.42888887483704674,0.0,0.4788538096022091,0.0,0.0,0.0,0.0,0.0,0.0,0.0,0.0,0.0,0.0,0.006839048849999999
3978.0,1.3156667221518934,0.767867726,0.185370849,0.37200074709503905,0.4690870632112174,0.0,0.47457891184563683,0.0,0.0,0.0,0.0,0.0,0.0,0.0,0.0,0.0,0.0,0.006839048849999999
3979.0,1.3551239077412682,0.746437582,0.201906152,0.36161871213195707,0.5109301942397516,0.0,0.4825750013695597,0.0,0.0,0.0,0.0,0.0,0.0,0.0,0.0,0.0,0.0,0.006839048849999999
3980.0,1.3828327177702977,0.679295315,0.215459445,0.32909100893525495,0.5452272503546057,0.0,0.508514458480437,0.0,0.0,0.0,0.0,0.0,0.0,0.0,0.0,0.0,0.0,0.006839048849999999
3981.0,1.4023065397446084,0.574506146,0.218435157,0.2783249097289077,0.5527573879710244,0.0,0.5712242420446763,0.0,0.0,0.0,0.0,0.0,0.0,0.0,0.0,0.0,0.0,0.006839048849999999
3982.0,1.4071416187508303,0.448953443,0.218327857,0.21749972104816662,0.5524858617728434,0.0,0.6371560359298202,0.0,0.0,0.0,0.0,0.0,0.0,0.0,0.0,0.0,0.0,0.006839048849999999
3983.0,1.3955400981349704,0.312182585,0.221644986,0.15123979159147596,0.5608799663976907,0.0,0.683420340145804,0.0,0.0,0.0,0.0,0.0,0.0,0.0,0.0,0.0,0.0,0.006839048849999999
3984.0,1.3651122518000722,0.181323125,0.230034114,0.08784369453445053,0.5821089322121753,0.0,0.6951596250534465,0.0,0.0,0.0,0.0,0.0,0.0,0.0,0.0,0.0,0.0,0.006839048849999999
3985.0,1.3282005475821057,0.080755392,0.243353457,0.03912270973080687,0.6158139701158043,0.0,0.6732638677354945,0.0,0.0,0.0,0.0,0.0,0.0,0.0,0.0,0.0,0.0,0.006839048849999999
3986.0,1.2906947490886655,0.021384338,0.263792461,0.010359843815252151,0.6675355456118648,0.0,0.6127993596615486,0.0,0.0,0.0,0.0,0.0,0.0,0.0,0.0,0.0,0.0,0.006839048849999999
3987.0,1.23081586188313,0.00178141,0.288407421,0.0008630208412777771,0.7298245158558408,0.0,0.5001283251860112,0.0,0.0,0.0,0.0,0.0,0.0,0.0,0.0,0.0,0.0,0.006839048849999999
3988.0,1.150466320746655,1.21e-06,0.289857862,5.861958886197508e-07,0.7334949047693164,0.0,0.41697082978144995,0.0,0.0,0.0,0.0,0.0,0.0,0.0,0.0,0.0,0.0,0.006839048849999999
3989.0,1.073647966775815,0.0,0.274857218,0.0,0.6955352790881665,0.0,0.37811268768764844,0.0,0.0,0.0,0.0,0.0,0.0,0.0,0.0,0.0,0.0,0.006839048849999999
3990.0,1.0077391375155795,0.0,0.261043412,0.0,0.6605789862122056,0.0,0.347160151303374,0.0,0.0,0.0,0.0,0.0,0.0,0.0,0.0,0.0,0.0,0.006839048849999999
3991.0,0.9560351608875072,0.0,0.24583554,0.0,0.6220949632244699,0.0,0.33394019766303734,0.0,0.0,0.0,0.0,0.0,0.0,0.0,0.0,0.0,0.0,0.006839048849999999
3992.0,0.9191768586493396,1.93e-06,0.231923893,9.350066653191066e-07,0.586891080462617,0.0,0.33228484318005735,0.0,0.0,0.0,0.0,0.0,0.0,0.0,0.0,0.0,0.0,0.006839048849999999
3993.0,0.9015298201513571,0.000553935,0.212694173,0.0002683590244318857,0.5382296381169868,0.0,0.3630318230099384,0.0,0.0,0.0,0.0,0.0,0.0,0.0,0.0,0.0,0.0,0.006839048849999999
3994.0,0.9093976708448621,0.008484906,0.197101003,0.0041105925723347566,0.49877060579927185,0.0,0.4065164724732555,0.0,0.0,0.0,0.0,0.0,0.0,0.0,0.0,0.0,0.0,0.006839048849999999
3995.0,0.9399679224592247,0.049528099,0.17287379,0.02399435372310082,0.43746284216075804,0.0,0.4785107265753657,0.0,0.0,0.0,0.0,0.0,0.0,0.0,0.0,0.0,0.0,0.006839048849999999
3996.0,0.9846896257258764,0.139909454,0.150147443,0.067780451829615,0.37995306956566643,0.0,0.5369561043305949,0.0,0.0,0.0,0.0,0.0,0.0,0.0,0.0,0.0,0.0,0.006839048849999999
3997.0,1.0407769923641617,0.27885929,0.164601674,0.13509600768712626,0.4165299790816095,0.0,0.4891510055954259,0.0,0.0,0.0,0.0,0.0,0.0,0.0,0.0,0.0,0.0,0.006839048849999999
3998.0,1.1015236572417737,0.433473459,0.193151967,0.21000029710048107,0.48877743961511433,0.0,0.4027459205261783,0.0,0.0,0.0,0.0,0.0,0.0,0.0,0.0,0.0,0.0,0.006839048849999999
3999.0,1.1649003571254382,0.576770437,0.211025848,0.2794218668155512,0.5340078865365543,0.0,0.35147060377333267,0.0,0.0,0.0,0.0,0.0,0.0,0.0,0.0,0.0,0.0,0.006839048849999999
4000.0,1.2257204494752927,0.68731593,0.213756314,0.3329766713626946,0.5409174210402135,0.0,0.3518263570723847,0.0,0.0,0.0,0.0,0.0,0.0,0.0,0.0,0.0,0.0,0.006839048849999999
4001.0,1.276816981832904,0.755793259,0.214649998,0.3661511579110103,0.5431789179544282,0.0,0.36748690596746564,0.0,0.0,0.0,0.0,0.0,0.0,0.0,0.0,0.0,0.0,0.006839048849999999
4002.0,1.3209134401691618,0.778388732,0.216011369,0.3770977474763149,0.5466239122875496,0.0,0.3971917804052973,0.0,0.0,0.0,0.0,0.0,0.0,0.0,0.0,0.0,0.0,0.006839048849999999
4003.0,1.354260579734213,0.754718616,0.21437449,0.3656305369950318,0.542481735849969,0.0,0.4461483068892124,0.0,0.0,0.0,0.0,0.0,0.0,0.0,0.0,0.0,0.0,0.006839048849999999
4004.0,1.3738523308305992,0.687594234,0.211766521,0.3331114983549147,0.5358821840555232,0.0,0.5048586484201611,0.0,0.0,0.0,0.0,0.0,0.0,0.0,0.0,0.0,0.0,0.006839048849999999
4005.0,1.3853692988117394,0.583480437,0.207804964,0.2826725894706244,0.525857333066823,0.0,0.5768393762742923,0.0,0.0,0.0,0.0,0.0,0.0,0.0,0.0,0.0,0.0,0.006839048849999999
4006.0,1.3870981786584353,0.456526609,0.20053096,0.22116861259612935,0.5074502254090993,0.0,0.6584793406532066,0.0,0.0,0.0,0.0,0.0,0.0,0.0,0.0,0.0,0.0,0.006839048849999999
4007.0,1.3739324328003732,0.31666733,0.193152058,0.15341246851751558,0.4887776698936235,0.0,0.7317422943892341,0.0,0.0,0.0,0.0,0.0,0.0,0.0,0.0,0.0,0.0,0.006839048849999999
4008.0,1.3481460850447933,0.183793273,0.197783279,0.08904038098228716,0.500497127778677,0.0,0.758608576283829,0.0,0.0,0.0,0.0,0.0,0.0,0.0,0.0,0.0,0.0,0.006839048849999999
4009.0,1.316859360367861,0.083651157,0.21217008,0.04052559034023578,0.5369034034498545,0.0,0.7394303665777707,0.0,0.0,0.0,0.0,0.0,0.0,0.0,0.0,0.0,0.0,0.006839048849999999
4010.0,1.2816743111640798,0.022259031,0.23534396,0.010783597071784777,0.5955456731004032,0.0,0.675345040991892,0.0,0.0,0.0,0.0,0.0,0.0,0.0,0.0,0.0,0.0,0.006839048849999999
4011.0,1.2235665806225626,0.001583686,0.252176944,0.0007672315884831889,0.6381420957431102,0.0,0.5846572532909694,0.0,0.0,0.0,0.0,0.0,0.0,0.0,0.0,0.0,0.0,0.006839048849999999
4012.0,0.9564178730762187,1.15e-06,0.247058677,5.571283238948045e-07,0.6251901518494892,0.0,0.33122716409840564,0.0,0.0,0.0,0.0,0.0,0.0,0.0,0.0,0.0,0.0,0.006839048849999999
4013.0,0.8972354324408846,0.0,0.232551342,0.0,0.5884788609055107,0.0,0.3087565715353738,0.0,0.0,0.0,0.0,0.0,0.0,0.0,0.0,0.0,0.0,0.006839048849999999
4014.0,1.011733139839625,0.0,0.21898912,0.0,0.5541592096608937,0.0,0.4575739301787313,0.0,0.0,0.0,0.0,0.0,0.0,0.0,0.0,0.0,0.0,0.006839048849999999
4015.0,0.9550872802457322,0.0,0.203016485,0.0,0.5137399286125844,0.0,0.44134735163314776,0.0,0.0,0.0,0.0,0.0,0.0,0.0,0.0,0.0,0.0,0.006839048849999999
4016.0,0.9165601746381992,6.42e-06,0.187742004,3.1102294255692563e-06,0.47508734934773167,0.0,0.441469715061042,0.0,0.0,0.0,0.0,0.0,0.0,0.0,0.0,0.0,0.0,0.006839048849999999
4017.0,0.8982344892300236,0.001220099,0.174230064,0.0005910884442223714,0.44089493836683263,0.0,0.4567484624189685,0.0,0.0,0.0,0.0,0.0,0.0,0.0,0.0,0.0,0.0,0.006839048849999999
4018.0,0.9027491583572995,0.011411902,0.160574647,0.005528603333662406,0.40633945409295674,0.0,0.4908811009306805,0.0,0.0,0.0,0.0,0.0,0.0,0.0,0.0,0.0,0.0,0.006839048849999999
4019.0,0.9275475754861422,0.052021806,0.147652811,0.025202453550226676,0.37364032079753234,0.0,0.5287048011383831,0.0,0.0,0.0,0.0,0.0,0.0,0.0,0.0,0.0,0.0,0.006839048849999999
4020.0,0.9668846071209312,0.144359976,0.128783781,0.06993654910119496,0.3258916164241476,0.0,0.5710564415955887,0.0,0.0,0.0,0.0,0.0,0.0,0.0,0.0,0.0,0.0,0.006839048849999999
4021.0,1.0225136092657519,0.290581108,0.115079011,0.1407747527439436,0.2912112427517736,0.0,0.5905276137700347,0.0,0.0,0.0,0.0,0.0,0.0,0.0,0.0,0.0,0.0,0.006839048849999999
4022.0,1.0884869656682636,0.449893802,0.113304834,0.21795528681645307,0.2867216291850424,0.0,0.5838100496667681,0.0,0.0,0.0,0.0,0.0,0.0,0.0,0.0,0.0,0.0,0.006839048849999999
4023.0,1.1545693518628095,0.593774166,0.120493249,0.28765948337010033,0.3049121510480213,0.0,0.561997717444688,0.0,0.0,0.0,0.0,0.0,0.0,0.0,0.0,0.0,0.0,0.006839048849999999
4024.0,1.2149755813690317,0.70857471,0.125869501,0.34327568742308445,0.3185169345151534,0.0,0.553182959430794,0.0,0.0,0.0,0.0,0.0,0.0,0.0,0.0,0.0,0.0,0.006839048849999999
4025.0,1.263422053228147,0.783468017,0.133642871,0.37955845490121404,0.3381877043488406,0.0,0.5456758939780922,0.0,0.0,0.0,0.0,0.0,0.0,0.0,0.0,0.0,0.0,0.006839048849999999
4026.0,1.3014084665400059,0.808143023,0.142639706,0.3915124938011047,0.3609544928223934,0.0,0.5489414799165078,0.0,0.0,0.0,0.0,0.0,0.0,0.0,0.0,0.0,0.0,0.006839048849999999
4027.0,1.3297647728243078,0.781335903,0.153210661,0.3785255322062813,0.3877046440087211,0.0,0.5635345966093054,0.0,0.0,0.0,0.0,0.0,0.0,0.0,0.0,0.0,0.0,0.006839048849999999
4028.0,1.350544711471716,0.708005174,0.163200329,0.3429997703473647,0.41298382921963356,0.0,0.5945611119047177,0.0,0.0,0.0,0.0,0.0,0.0,0.0,0.0,0.0,0.0,0.006839048849999999
4029.0,1.3629873087697524,0.597183278,0.169264085,0.28931105976534355,0.4283283642930495,0.0,0.6453478847113594,0.0,0.0,0.0,0.0,0.0,0.0,0.0,0.0,0.0,0.0,0.006839048849999999
4030.0,1.3638039092945398,0.466771103,0.173511722,0.22613165413645142,0.4390771501818022,0.0,0.6985951049762862,0.0,0.0,0.0,0.0,0.0,0.0,0.0,0.0,0.0,0.0,0.006839048849999999
4031.0,1.3463860535432521,0.324026421,0.178199026,0.15697764941683676,0.4509385279529004,0.0,0.7384698761735151,0.0,0.0,0.0,0.0,0.0,0.0,0.0,0.0,0.0,0.0,0.006839048849999999
4032.0,1.3136241069237826,0.188806187,0.189825542,0.09146893435154696,0.4803598111548683,0.0,0.7417953614173676,0.0,0.0,0.0,0.0,0.0,0.0,0.0,0.0,0.0,0.0,0.006839048849999999
4033.0,1.2720909306188661,0.08461504,0.210385252,0.040992552531732035,0.5323868371754175,0.0,0.6987115409117168,0.0,0.0,0.0,0.0,0.0,0.0,0.0,0.0,0.0,0.0,0.006839048849999999
4034.0,1.2344961298256856,0.022659391,0.240248934,0.010977555242006101,0.6079578720043818,0.0,0.6155607025792976,0.0,0.0,0.0,0.0,0.0,0.0,0.0,0.0,0.0,0.0,0.006839048849999999
4035.0,1.1800931423841883,0.001779562,0.265451229,0.0008621255602842487,0.6717331128877677,0.0,0.5074979039361364,0.0,0.0,0.0,0.0,0.0,0.0,0.0,0.0,0.0,0.0,0.006839048849999999
4036.0,1.107477947991645,6.14e-07,0.270562661,2.9745807901861735e-07,0.6846677605878698,0.0,0.42280988994569607,0.0,0.0,0.0,0.0,0.0,0.0,0.0,0.0,0.0,0.0,0.006839048849999999
4037.0,1.036787439705137,0.0,0.262887607,0.0,0.6652457826432823,0.0,0.3715416570618549,0.0,0.0,0.0,0.0,0.0,0.0,0.0,0.0,0.0,0.0,0.006839048849999999
4038.0,0.9708519084550772,0.0,0.249347985,0.0,0.6309833214459987,0.0,0.3398685870090785,0.0,0.0,0.0,0.0,0.0,0.0,0.0,0.0,0.0,0.0,0.006839048849999999
4039.0,0.9144063057854691,0.0,0.235832358,0.0,0.5967815803896784,0.0,0.3176247253957907,0.0,0.0,0.0,0.0,0.0,0.0,0.0,0.0,0.0,0.0,0.006839048849999999
4040.0,0.8752450549175758,5.58e-06,0.221403256,2.7032835194200077e-06,0.5602682606391977,0.0,0.3149740909948588,0.0,0.0,0.0,0.0,0.0,0.0,0.0,0.0,0.0,0.0,0.006839048849999999
4041.0,0.8498480938482388,0.000796739,0.202101768,0.0003859877075231501,0.5114252069963534,0.0,0.33803689914436214,0.0,0.0,0.0,0.0,0.0,0.0,0.0,0.0,0.0,0.0,0.006839048849999999
4042.0,0.837541226332211,0.008989781,0.182837587,0.004355184018009878,0.4626765599506719,0.0,0.3705094823635291,0.0,0.0,0.0,0.0,0.0,0.0,0.0,0.0,0.0,0.0,0.006839048849999999
4043.0,0.8366667731626787,0.048383068,0.161255666,0.023439632678024652,0.4080627951922956,0.0,0.40516434529235845,0.0,0.0,0.0,0.0,0.0,0.0,0.0,0.0,0.0,0.0,0.006839048849999999
4044.0,0.8565099563307889,0.139905478,0.144625122,0.06777852561899256,0.36597865366384563,0.0,0.4227527770479506,0.0,0.0,0.0,0.0,0.0,0.0,0.0,0.0,0.0,0.0,0.006839048849999999
4045.0,0.90235087134109,0.279816233,0.132830315,0.13555960773030268,0.33613150452135504,0.0,0.4306597590894323,0.0,0.0,0.0,0.0,0.0,0.0,0.0,0.0,0.0,0.0,0.006839048849999999
4046.0,0.9618136698705584,0.431278663,0.134715696,0.2089370075206802,0.3409025234873642,0.0,0.411974138862514,0.0,0.0,0.0,0.0,0.0,0.0,0.0,0.0,0.0,0.0,0.006839048849999999
4047.0,1.0259446689691691,0.57019436,0.143895756,0.2762360244183224,0.3641329688822751,0.0,0.3855756756685717,0.0,0.0,0.0,0.0,0.0,0.0,0.0,0.0,0.0,0.0,0.006839048849999999
4048.0,1.0901290690476544,0.682535812,0.150550789,0.3306608982067299,0.3809737499564543,0.0,0.3784944208844703,0.0,0.0,0.0,0.0,0.0,0.0,0.0,0.0,0.0,0.0,0.006839048849999999
4049.0,1.1457558453600398,0.758178184,0.158977351,0.36730655727437106,0.40229744374580106,0.0,0.3761518443398676,0.0,0.0,0.0,0.0,0.0,0.0,0.0,0.0,0.0,0.0,0.006839048849999999
4050.0,1.1911027935570855,0.789137695,0.170261953,0.3823051837717908,0.4308535022644058,0.0,0.3779441075208889,0.0,0.0,0.0,0.0,0.0,0.0,0.0,0.0,0.0,0.0,0.006839048849999999
4051.0,1.2271645207629092,0.772055424,0.182473713,0.3740295168060979,0.4617557647611386,0.0,0.3913792391956727,0.0,0.0,0.0,0.0,0.0,0.0,0.0,0.0,0.0,0.0,0.006839048849999999
4052.0,1.2567868917354965,0.70635571,0.192137335,0.3422006719876735,0.4862098797874084,0.0,0.4283763399604146,0.0,0.0,0.0,0.0,0.0,0.0,0.0,0.0,0.0,0.0,0.006839048849999999
4053.0,1.278866271558546,0.600169872,0.195446206,0.29075794333871247,0.4945830872701814,0.0,0.4935252409496521,0.0,0.0,0.0,0.0,0.0,0.0,0.0,0.0,0.0,0.0,0.006839048849999999
4054.0,1.2904544421794186,0.472753722,0.199095257,0.22902999021990464,0.5038171314919778,0.0,0.5576073204675361,0.0,0.0,0.0,0.0,0.0,0.0,0.0,0.0,0.0,0.0,0.006839048849999999
4055.0,1.2818834684183311,0.330479073,0.209881069,0.16010369741112934,0.5311109854216661,0.0,0.5906687855855355,0.0,0.0,0.0,0.0,0.0,0.0,0.0,0.0,0.0,0.0,0.006839048849999999
4056.0,1.2526682847919197,0.193038397,0.231216104,0.09351926831995638,0.5850999969930515,0.0,0.5740490194789118,0.0,0.0,0.0,0.0,0.0,0.0,0.0,0.0,0.0,0.0,0.006839048849999999
4057.0,1.214581744017843,0.084450168,0.26089229,0.04091267873954318,0.660196566993925,0.0,0.5134724982843748,0.0,0.0,0.0,0.0,0.0,0.0,0.0,0.0,0.0,0.0,0.006839048849999999
4058.0,1.1832616428535552,0.021935211,0.294368617,0.01062671942496424,0.7449095194578174,0.0,0.4277254039707734,0.0,0.0,0.0,0.0,0.0,0.0,0.0,0.0,0.0,0.0,0.006839048849999999
4059.0,1.138210629377991,0.00172756,0.310676505,0.0008369327019371377,0.7861771693087249,0.0,0.35119652736732876,0.0,0.0,0.0,0.0,0.0,0.0,0.0,0.0,0.0,0.0,0.006839048849999999
4060.0,1.0723440759351528,8.3e-07,0.30676497,4.0210131202842407e-07,0.7762789006451453,0.0,0.29606477318869556,0.0,0.0,0.0,0.0,0.0,0.0,0.0,0.0,0.0,0.0,0.006839048849999999
4061.0,1.003847487486262,0.0,0.292214102,0.0,0.7394574480051236,0.0,0.26439003948113843,0.0,0.0,0.0,0.0,0.0,0.0,0.0,0.0,0.0,0.0,0.006839048849999999
4062.0,0.9433144295279223,0.0,0.274588996,0.0,0.6948565344476396,0.0,0.2484578950802827,0.0,0.0,0.0,0.0,0.0,0.0,0.0,0.0,0.0,0.0,0.006839048849999999
4063.0,0.8915726267474735,0.0,0.259801685,0.0,0.6574367549774548,0.0,0.23413587177001868,0.0,0.0,0.0,0.0,0.0,0.0,0.0,0.0,0.0,0.0,0.006839048849999999
4064.0,0.854249284518385,1.11e-06,0.247629626,5.377499474115069e-07,0.626634957174049,0.0,0.22761378959438855,0.0,0.0,0.0,0.0,0.0,0.0,0.0,0.0,0.0,0.0,0.006839048849999999
4065.0,0.8281269500565119,0.00038787,0.230787696,0.00018790727216441548,0.584015896382517,0.0,0.24392314640183044,0.0,0.0,0.0,0.0,0.0,0.0,0.0,0.0,0.0,0.0,0.006839048849999999
4066.0,0.8117170514243297,0.007565496,0.215661723,0.0036651757442720412,0.5457391215225057,0.0,0.26231275415755195,0.0,0.0,0.0,0.0,0.0,0.0,0.0,0.0,0.0,0.0,0.006839048849999999
4067.0,0.8047637038853191,0.045227027,0.195159947,0.02191065891065658,0.4938586994047097,0.0,0.28899434556995274,0.0,0.0,0.0,0.0,0.0,0.0,0.0,0.0,0.0,0.0,0.006839048849999999
4068.0,0.8177069424941426,0.138631869,0.17547758,0.06716151375162964,0.4440518188575133,0.0,0.30649360988499963,0.0,0.0,0.0,0.0,0.0,0.0,0.0,0.0,0.0,0.0,0.006839048849999999
4069.0,0.8619458051099401,0.28736645,0.178233926,0.1392173814192175,0.4510268435569685,0.0,0.271701580133754,0.0,0.0,0.0,0.0,0.0,0.0,0.0,0.0,0.0,0.0,0.006839048849999999
4070.0,0.9258787721167767,0.452015593,0.196269201,0.21898320843687488,0.4966657033323623,0.0,0.21022986034753954,0.0,0.0,0.0,0.0,0.0,0.0,0.0,0.0,0.0,0.0,0.006839048849999999
4071.0,0.9973614057706076,0.602641462,0.212956725,0.2919553283770213,0.5388940346350188,0.0,0.16651204275856762,0.0,0.0,0.0,0.0,0.0,0.0,0.0,0.0,0.0,0.0,0.006839048849999999
4072.0,1.0664698881549801,0.72100768,0.223304137,0.34929895675972306,0.5650785028677586,0.0,0.1520924285274984,0.0,0.0,0.0,0.0,0.0,0.0,0.0,0.0,0.0,0.0,0.006839048849999999
4073.0,1.1279864280749607,0.795923981,0.236516329,0.385592863897574,0.5985123916226337,0.0,0.14388117255475305,0.0,0.0,0.0,0.0,0.0,0.0,0.0,0.0,0.0,0.0,0.006839048849999999
4074.0,1.1814504352046498,0.822061509,0.255750699,0.39825543534574237,0.6471856009470294,0.0,0.1360093989118778,0.0,0.0,0.0,0.0,0.0,0.0,0.0,0.0,0.0,0.0,0.006839048849999999
4075.0,1.2250195522401455,0.797287306,0.276435589,0.38625333952555135,0.6995293990970128,0.0,0.13923681361758142,0.0,0.0,0.0,0.0,0.0,0.0,0.0,0.0,0.0,0.0,0.006839048849999999
4076.0,1.2623295434743218,0.726684378,0.293042834,0.35204908653537265,0.7415545817355148,0.0,0.16872587520343446,0.0,0.0,0.0,0.0,0.0,0.0,0.0,0.0,0.0,0.0,0.006839048849999999
4077.0,1.2931668039877557,0.619881736,0.298720086,0.3003075413832014,0.7559210556560719,0.0,0.23693820694848255,0.0,0.0,0.0,0.0,0.0,0.0,0.0,0.0,0.0,0.0,0.006839048849999999
4078.0,1.3143005290014655,0.489805885,0.301434037,0.23729107108161857,0.7627887984061152,0.0,0.3142206595137318,0.0,0.0,0.0,0.0,0.0,0.0,0.0,0.0,0.0,0.0,0.006839048849999999
4079.0,1.3168949616877272,0.344777821,0.306746688,0.16703086046072427,0.7762326374395985,0.0,0.3736314637874044,0.0,0.0,0.0,0.0,0.0,0.0,0.0,0.0,0.0,0.0,0.006839048849999999
4080.0,1.3014418430273615,0.203336958,0.325365244,0.09850850312731152,0.823347509073345,0.0,0.37958583082670505,0.0,0.0,0.0,0.0,0.0,0.0,0.0,0.0,0.0,0.0,0.006839048849999999
4081.0,1.2731233628954362,0.091720403,0.361894848,0.04443481251334434,0.9157868799510644,0.0,0.31290167043102735,0.0,0.0,0.0,0.0,0.0,0.0,0.0,0.0,0.0,0.0,0.006839048849999999
4082.0,1.2480201117150702,0.025044752,0.396105819,0.012133165829670481,1.0023588733500597,0.0,0.23352807253534022,0.0,0.0,0.0,0.0,0.0,0.0,0.0,0.0,0.0,0.0,0.006839048849999999
4083.0,1.1990440727227578,0.002079355,0.410197985,0.0010073631008106793,1.038019565410789,0.0,0.16001714421115795,0.0,0.0,0.0,0.0,0.0,0.0,0.0,0.0,0.0,0.0,0.006839048849999999
4084.0,1.1272833050073785,1.62e-06,0.400002854,7.848242475735505e-07,1.0122204492841556,0.0,0.11506207089897522,0.0,0.0,0.0,0.0,0.0,0.0,0.0,0.0,0.0,0.0,0.006839048849999999
4085.0,1.0524341397923314,0.0,0.37927952,0.0,0.9597793673209113,0.0,0.09265477247142004,0.0,0.0,0.0,0.0,0.0,0.0,0.0,0.0,0.0,0.0,0.006839048849999999
4086.0,0.9891931696906754,0.0,0.358196526,0.0,0.9064281538344817,0.0,0.08276501585619372,0.0,0.0,0.0,0.0,0.0,0.0,0.0,0.0,0.0,0.0,0.006839048849999999
4087.0,0.9285599832701934,0.0,0.339008432,0.0,0.8578720474583342,0.0,0.07068793581185913,0.0,0.0,0.0,0.0,0.0,0.0,0.0,0.0,0.0,0.0,0.006839048849999999
4088.0,0.8976782221068514,6.94e-06,0.318977702,3.362148319852124e-06,0.8071836228200198,0.0,0.09049123713851184,0.0,0.0,0.0,0.0,0.0,0.0,0.0,0.0,0.0,0.0,0.006839048849999999
4089.0,0.8785426106714197,0.001235175,0.291871409,0.0005983921543189262,0.7385902520365006,0.0,0.1393539664806001,0.0,0.0,0.0,0.0,0.0,0.0,0.0,0.0,0.0,0.0,0.006839048849999999
4090.0,0.8844724252639022,0.011274085,0.267412799,0.00546183659086744,0.6766969306376839,0.0,0.20231365803535095,0.0,0.0,0.0,0.0,0.0,0.0,0.0,0.0,0.0,0.0,0.006839048849999999
4091.0,0.9142260753535527,0.052087804,0.239550388,0.025234426902505297,0.6061901782519626,0.0,0.28280147019908486,0.0,0.0,0.0,0.0,0.0,0.0,0.0,0.0,0.0,0.0,0.006839048849999999
4092.0,0.9647196131057243,0.147876773,0.203892923,0.07164029450822824,0.5159577839535108,0.0,0.3771215346439852,0.0,0.0,0.0,0.0,0.0,0.0,0.0,0.0,0.0,0.0,0.006839048849999999
4093.0,1.0279561325424347,0.295107798,0.223767133,0.14296775032002307,0.566250129556044,0.0,0.31873825266636757,0.0,0.0,0.0,0.0,0.0,0.0,0.0,0.0,0.0,0.0,0.006839048849999999
4094.0,1.1008583613264926,0.455708177,0.26446802,0.2207721155105799,0.6692450700006533,0.0,0.21084117581525966,0.0,0.0,0.0,0.0,0.0,0.0,0.0,0.0,0.0,0.0,0.006839048849999999
4095.0,1.1782441075829815,0.602169932,0.275819166,0.2917268912304421,0.6979695203117253,0.0,0.18854769604081398,0.0,0.0,0.0,0.0,0.0,0.0,0.0,0.0,0.0,0.0,0.006839048849999999
4096.0,1.2535716637838619,0.717334166,0.274099239,0.34751928832700646,0.6936171881639253,0.0,0.21243518729293007,0.0,0.0,0.0,0.0,0.0,0.0,0.0,0.0,0.0,0.0,0.006839048849999999
4097.0,1.3194738185465662,0.790831769,0.279013696,0.38312589386585494,0.7060533841129863,0.0,0.23029454056772486,0.0,0.0,0.0,0.0,0.0,0.0,0.0,0.0,0.0,0.0,0.006839048849999999
4098.0,1.3764267380244173,0.817706452,0.290841612,0.3961455869919369,0.7359843166748207,0.0,0.24429683435765967,0.0,0.0,0.0,0.0,0.0,0.0,0.0,0.0,0.0,0.0,0.006839048849999999
4099.0,1.4201671851618631,0.797083011,0.305267336,0.38615436688995997,0.7724890882845983,0.0,0.26152372998730483,0.0,0.0,0.0,0.0,0.0,0.0,0.0,0.0,0.0,0.0,0.006839048849999999
4100.0,1.4542107722970405,0.729060522,0.317365502,0.35320023186063587,0.803103897408021,0.0,0.29790664302838377,0.0,0.0,0.0,0.0,0.0,0.0,0.0,0.0,0.0,0.0,0.006839048849999999
4101.0,1.4788378593239333,0.620331775,0.319059305,0.30052556701255567,0.8073901219099563,0.0,0.3709221704014214,0.0,0.0,0.0,0.0,0.0,0.0,0.0,0.0,0.0,0.0,0.006839048849999999
4102.0,1.4891132367743276,0.486050704,0.310587704,0.23547183830209542,0.7859524554417663,0.0,0.46768894303046593,0.0,0.0,0.0,0.0,0.0,0.0,0.0,0.0,0.0,0.0,0.006839048849999999
4103.0,1.4801640014894741,0.338698859,0.299374815,0.1640858501041328,0.7575778690410567,0.0,0.5585002823442845,0.0,0.0,0.0,0.0,0.0,0.0,0.0,0.0,0.0,0.0,0.006839048849999999
4104.0,1.4501010656834301,0.196123815,0.294958879,0.09501402811026496,0.7464031969675169,0.0,0.6086838406056484,0.0,0.0,0.0,0.0,0.0,0.0,0.0,0.0,0.0,0.0,0.006839048849999999
4105.0,1.4058110259203438,0.085754219,0.30219349,0.0415444385203287,0.7647106193360985,0.0,0.5995559680639166,0.0,0.0,0.0,0.0,0.0,0.0,0.0,0.0,0.0,0.0,0.006839048849999999
4106.0,1.3641932969807076,0.021692754,0.312129305,0.010509258849288971,0.7898535277497076,0.0,0.5638305103817108,0.0,0.0,0.0,0.0,0.0,0.0,0.0,0.0,0.0,0.0,0.006839048849999999
4107.0,1.2955721049122098,0.001720581,0.315941146,0.0008335516597002144,0.7994995174496204,0.0,0.495239035802889,0.0,0.0,0.0,0.0,0.0,0.0,0.0,0.0,0.0,0.0,0.006839048849999999
4108.0,1.201938889795522,1.63e-06,0.302574781,7.89668841694375e-07,0.7656754888200747,0.0,0.4362626113066057,0.0,0.0,0.0,0.0,0.0,0.0,0.0,0.0,0.0,0.0,0.006839048849999999
4109.0,1.1160377955903307,0.0,0.284292114,0.0,0.7194105954079576,0.0,0.3966272001823729,0.0,0.0,0.0,0.0,0.0,0.0,0.0,0.0,0.0,0.0,0.006839048849999999
4110.0,1.0445173367840481,0.0,0.267291041,0.0,0.6763888179924077,0.0,0.3681285187916404,0.0,0.0,0.0,0.0,0.0,0.0,0.0,0.0,0.0,0.0,0.006839048849999999
4111.0,0.9904414347189527,0.0,0.252894022,0.0,0.6399566853343429,0.0,0.3504847493846099,0.0,0.0,0.0,0.0,0.0,0.0,0.0,0.0,0.0,0.0,0.006839048849999999
4112.0,0.9407600478265475,2.24e-06,0.241777319,1.0851890830646628e-06,0.6118255007872984,0.0,0.32893346185016614,0.0,0.0,0.0,0.0,0.0,0.0,0.0,0.0,0.0,0.0,0.006839048849999999
4113.0,0.9186584166786196,0.00042681,0.224505796,0.00020677212167090564,0.5681193407035465,0.0,0.35033230385340225,0.0,0.0,0.0,0.0,0.0,0.0,0.0,0.0,0.0,0.0,0.006839048849999999
4114.0,0.922147328026857,0.007404526,0.206712921,0.003587192312709131,0.5230938821438013,0.0,0.39546625357034654,0.0,0.0,0.0,0.0,0.0,0.0,0.0,0.0,0.0,0.0,0.006839048849999999
4115.0,0.9515983688974947,0.045479328,0.184974911,0.02203288850478439,0.46808512900939625,0.0,0.4614803513833141,0.0,0.0,0.0,0.0,0.0,0.0,0.0,0.0,0.0,0.0,0.006839048849999999
4116.0,0.9956414252539533,0.136051386,0.161501355,0.06591137447456093,0.40868451933120437,0.0,0.521045531448188,0.0,0.0,0.0,0.0,0.0,0.0,0.0,0.0,0.0,0.0,0.006839048849999999
4117.0,1.0466556298093554,0.275763632,0.163002746,0.13359628703243795,0.41248383890448714,0.0,0.5005755038724303,0.0,0.0,0.0,0.0,0.0,0.0,0.0,0.0,0.0,0.0,0.006839048849999999
4118.0,1.1087239871874872,0.429346585,0.176041128,0.2080009941487028,0.44547789570683793,0.0,0.45524509733194657,0.0,0.0,0.0,0.0,0.0,0.0,0.0,0.0,0.0,0.0,0.006839048849999999
4119.0,1.1787981508735679,0.572682228,0.209447564,0.2774412954869411,0.5300139866840848,0.0,0.37134286870254185,0.0,0.0,0.0,0.0,0.0,0.0,0.0,0.0,0.0,0.0,0.006839048849999999
4120.0,1.2482337186343424,0.688238563,0.229511879,0.3334236496034424,0.5807873992754831,0.0,0.3340226697554169,0.0,0.0,0.0,0.0,0.0,0.0,0.0,0.0,0.0,0.0,0.006839048849999999
4121.0,1.306441577638002,0.763412335,0.251948096,0.36984229099058175,0.6375629883115973,0.0,0.2990362983358229,0.0,0.0,0.0,0.0,0.0,0.0,0.0,0.0,0.0,0.0,0.006839048849999999
4122.0,1.3578496195445928,0.790646297,0.282434534,0.38303604020977716,0.7147099277917681,0.0,0.2601036515430476,0.0,0.0,0.0,0.0,0.0,0.0,0.0,0.0,0.0,0.0,0.006839048849999999
4123.0,1.3972823289765788,0.769396983,0.315053033,0.3727416100421821,0.7972521181351269,0.0,0.2272886007992699,0.0,0.0,0.0,0.0,0.0,0.0,0.0,0.0,0.0,0.0,0.006839048849999999
4124.0,1.4253872011893072,0.701287037,0.344473249,0.33974510564605537,0.8717009475866209,0.0,0.21394114795663086,0.0,0.0,0.0,0.0,0.0,0.0,0.0,0.0,0.0,0.0,0.006839048849999999
4125.0,1.4463607212635439,0.595912241,0.36676105,0.2886952939275885,0.9281009650269361,0.0,0.22956446230901953,0.0,0.0,0.0,0.0,0.0,0.0,0.0,0.0,0.0,0.0,0.006839048849999999
4126.0,1.4546869374504385,0.470052485,0.382418303,0.22772135053098932,0.9677221614952386,0.0,0.2592434254242106,0.0,0.0,0.0,0.0,0.0,0.0,0.0,0.0,0.0,0.0,0.006839048849999999
4127.0,1.4428117334379758,0.328746021,0.396621634,0.15926410405810104,1.0036641602644563,0.0,0.27988346911541845,0.0,0.0,0.0,0.0,0.0,0.0,0.0,0.0,0.0,0.0,0.006839048849999999
4128.0,1.4134674955270117,0.192243492,0.411019605,0.093134169110995,1.0400987019900017,0.0,0.2802346244260149,0.0,0.0,0.0,0.0,0.0,0.0,0.0,0.0,0.0,0.0,0.006839048849999999
4129.0,1.3756079116671949,0.085361541,0.428402598,0.04135420196731098,1.0840869405948277,0.0,0.25016676910505614,0.0,0.0,0.0,0.0,0.0,0.0,0.0,0.0,0.0,0.0,0.006839048849999999
4130.0,1.3352985242331665,0.023274427,0.452172797,0.011275515220975637,1.1442382151938677,0.0,0.17978479381832324,0.0,0.0,0.0,0.0,0.0,0.0,0.0,0.0,0.0,0.0,0.006839048849999999
4131.0,1.2730076596057958,0.002065147,0.461119278,0.001000479901483812,1.1668775812053218,0.0,0.10512959849898999,0.0,0.0,0.0,0.0,0.0,0.0,0.0,0.0,0.0,0.0,0.006839048849999999
4132.0,1.1857114464277667,1.64e-06,0.448698559,7.945134358151994e-07,1.1354465410492625,0.0,0.05026411086506836,0.0,0.0,0.0,0.0,0.0,0.0,0.0,0.0,0.0,0.0,0.006839048849999999
4133.0,1.102981079524302,0.0,0.433094445,0.0,1.095959814577653,0.0,0.0070212649466490475,0.0,0.0,0.0,0.0,0.0,0.0,0.0,0.0,0.0,0.0,0.006839048849999999
4134.0,1.034586844370064,0.0,0.414474593,0.0,1.034586844370064,0.0,0.0,0.0,0.0,0.0,0.0,0.0,0.0,0.0,0.014254819002986573,0.0,0.0,3.675e-09
4135.0,0.9778408573139538,0.0,0.401604011,0.0,0.9778408573139538,0.0,0.0,0.0,0.0,0.0,0.0,0.0,0.0,0.0,0.038431372705532346,0.0,0.0,3.675e-09
4136.0,0.9400880764138106,2.66e-06,0.390123121,1.288662036139287e-06,0.9400867877517746,0.0,0.0,0.0,0.0,0.0,0.0,0.0,0.0,0.0,0.04713267047428357,0.0,0.0,3.675e-09
4137.0,0.9156078443314034,0.000783519,0.368115344,0.00037958315409542025,0.9152282611773079,0.0,0.0,0.0,0.0,0.0,0.0,0.0,0.0,0.0,0.016299789600228393,0.0,0.0,3.675e-09
4138.0,0.9185071120691131,0.010368577,0.356412619,0.005023154717551496,0.9019139181810001,0.0,0.0115700391705614,0.0,0.0,0.0,0.0,0.0,0.0,0.0,0.0,0.0,0.0,0.006839048849999999
4139.0,0.9452836172837902,0.049760215,0.332813152,0.024106804503995743,0.8421946865537013,0.0,0.07898212622609314,0.0,0.0,0.0,0.0,0.0,0.0,0.0,0.0,0.0,0.0,0.006839048849999999
4140.0,0.9915495203002006,0.14491017,0.303692692,0.07020309576296625,0.7685043995724957,0.0,0.15284202496473864,0.0,0.0,0.0,0.0,0.0,0.0,0.0,0.0,0.0,0.0,0.006839048849999999
4141.0,1.0457589263148692,0.293813071,0.351979385,0.1423405076387958,0.8906954729464523,0.0,0.012722945729621094,0.0,0.0,0.0,0.0,0.0,0.0,0.0,0.0,0.0,0.0,0.006839048849999999
4142.0,1.108641659385278,0.457562133,0.417422877,0.2216702819443666,0.8869713774409113,0.0,0.0,0.0,0.0,0.0,0.0,0.0,0.0,0.0,0.169331016087573,0.0,0.0,3.675e-09
4143.0,1.175605173246887,0.607209745,0.464167889,0.2941684760734275,0.8814366971734595,0.0,0.0,0.0,0.0,0.0,0.0,0.0,0.0,0.0,0.29315549497839455,0.0,0.0,3.675e-09
4144.0,1.2401122090367536,0.723317202,0.48953201,0.35041782643003455,0.8896943826067191,0.0,0.0,0.0,0.0,0.0,0.0,0.0,0.0,0.0,0.3490825564727599,0.0,0.0,3.675e-09
4145.0,1.295767911171549,0.79856054,0.50962403,0.3868701697206347,0.9088977414509143,0.0,0.0,0.0,0.0,0.0,0.0,0.0,0.0,0.0,0.3807227186386079,0.0,0.0,3.675e-09
4146.0,1.3466330359499552,0.828053663,0.526080571,0.40115839074968984,0.9454746452002655,0.0,0.0,0.0,0.0,0.0,0.0,0.0,0.0,0.0,0.38578963607230043,0.0,0.0,3.675e-09
4147.0,1.3873162352427286,0.809856331,0.535971012,0.39234252198750086,0.9949737132552277,0.0,0.0,0.0,0.0,0.0,0.0,0.0,0.0,0.0,0.36131865602352625,0.0,0.0,3.675e-09
4148.0,1.4176194789579444,0.744072014,0.534331988,0.3604726904494361,1.0571467885085084,0.0,0.0,0.0,0.0,0.0,0.0,0.0,0.0,0.0,0.29499797633923464,0.0,0.0,3.675e-09
4149.0,1.4441757017558934,0.638922362,0.524679843,0.30953195186084304,1.1346437498950503,0.0,0.0,0.0,0.0,0.0,0.0,0.0,0.0,0.0,0.19307594285444263,0.0,0.0,3.675e-09
4150.0,1.455752746214364,0.507179134,0.511130024,0.2457077050781204,1.2100450411362436,0.0,0.0,0.0,0.0,0.0,0.0,0.0,0.0,0.0,0.08338638657027246,0.0,0.0,3.675e-09
4151.0,1.4494624707580488,0.357160789,0.498102898,0.1730299058578399,1.2604658545843774,0.0,0.015966710315831543,0.0,0.0,0.0,0.0,0.0,0.0,0.0,0.0,0.0,0.0,0.006839048849999999
4152.0,1.4253560505343865,0.209483536,0.488776705,0.10148627069151038,1.2368656148006612,0.0,0.08700416504221484,0.0,0.0,0.0,0.0,0.0,0.0,0.0,0.0,0.0,0.0,0.006839048849999999
4153.0,1.3883241923618341,0.092239486,0.49007602,0.04468628715834633,1.240153574373724,0.0,0.10348433082976391,0.0,0.0,0.0,0.0,0.0,0.0,0.0,0.0,0.0,0.0,0.006839048849999999
4154.0,1.3531524941529651,0.023754003,0.48904377,0.011507850327984483,1.2375414316144284,0.0,0.10410321221055224,0.0,0.0,0.0,0.0,0.0,0.0,0.0,0.0,0.0,0.0,0.006839048849999999
4155.0,1.2894954363751667,0.001932613,0.476858573,0.0009362725577628779,1.2067063876675772,0.0,0.08185277614982667,0.0,0.0,0.0,0.0,0.0,0.0,0.0,0.0,0.0,0.0,0.006839048849999999
4156.0,1.2045711486341604,1.57e-06,0.45271069,7.606012769694286e-07,1.1455993712173367,0.0,0.058971016815546874,0.0,0.0,0.0,0.0,0.0,0.0,0.0,0.0,0.0,0.0,0.006839048849999999
4157.0,1.1249603308852092,0.0,0.41709666,0.0,1.0554768906226872,0.0,0.0694834402625221,0.0,0.0,0.0,0.0,0.0,0.0,0.0,0.0,0.0,0.0,0.006839048849999999
4158.0,1.0571624158388797,0.0,0.375599947,0.0,0.9504680861688176,0.0,0.10669432967006214,0.0,0.0,0.0,0.0,0.0,0.0,0.0,0.0,0.0,0.0,0.006839048849999999
4159.0,1.0011907524902346,0.0,0.340314918,0.0,0.8611781534840264,0.0,0.14001259900620824,0.0,0.0,0.0,0.0,0.0,0.0,0.0,0.0,0.0,0.0,0.006839048849999999
4160.0,0.9593260411438951,5.48e-06,0.315113833,2.654837578211764e-06,0.7974059745456525,0.0,0.16191741176066432,0.0,0.0,0.0,0.0,0.0,0.0,0.0,0.0,0.0,0.0,0.006839048849999999
4161.0,0.9369974520817826,0.000665991,0.292205346,0.0003226456083121954,0.7394352906575814,0.0,0.19723951581588892,0.0,0.0,0.0,0.0,0.0,0.0,0.0,0.0,0.0,0.0,0.006839048849999999
4162.0,0.9408512759587234,0.008286633,0.260909742,0.004014537351322935,0.6602407298570253,0.0,0.27659600875037527,0.0,0.0,0.0,0.0,0.0,0.0,0.0,0.0,0.0,0.0,0.006839048849999999
4163.0,0.969777199361185,0.047956734,0.223761669,0.023233091159033898,0.5662363027233613,0.0,0.3803078054787898,0.0,0.0,0.0,0.0,0.0,0.0,0.0,0.0,0.0,0.0,0.006839048849999999
4164.0,1.0095592454944513,0.142757714,0.19332827,0.06916031819467293,0.48922358018657663,0.0,0.4511753471132017,0.0,0.0,0.0,0.0,0.0,0.0,0.0,0.0,0.0,0.0,0.006839048849999999
4165.0,1.060001606099334,0.28846399,0.204043211,0.13974909500235447,0.5163380927072129,0.0,0.4039144183897666,0.0,0.0,0.0,0.0,0.0,0.0,0.0,0.0,0.0,0.0,0.006839048849999999
4166.0,1.1210575566933396,0.448178414,0.220712718,0.2171242509544798,0.5585208313955858,0.0,0.34541247434327405,0.0,0.0,0.0,0.0,0.0,0.0,0.0,0.0,0.0,0.0,0.006839048849999999
4167.0,1.1883837572512168,0.596394691,0.224814303,0.2889290213709476,0.5689000278687117,0.0,0.3305547080115574,0.0,0.0,0.0,0.0,0.0,0.0,0.0,0.0,0.0,0.0,0.006839048849999999
4168.0,1.2526749602893759,0.717628396,0.220934768,0.34766183081982344,0.5590827362633035,0.0,0.345930393206249,0.0,0.0,0.0,0.0,0.0,0.0,0.0,0.0,0.0,0.0,0.006839048849999999
4169.0,1.3066729852172074,0.797395215,0.222212019,0.3863056170562498,0.5623148621547568,0.0,0.3580525060062009,0.0,0.0,0.0,0.0,0.0,0.0,0.0,0.0,0.0,0.0,0.006839048849999999
4170.0,1.3573000269189524,0.825727462,0.22818448,0.40003144078084424,0.5774283722117428,0.0,0.37984021392636536,0.0,0.0,0.0,0.0,0.0,0.0,0.0,0.0,0.0,0.0,0.006839048849999999
4171.0,1.3448084783060623,0.804298296,0.235937047,0.3896498796190673,0.5970464993660194,0.0,0.3581120993209756,0.0,0.0,0.0,0.0,0.0,0.0,0.0,0.0,0.0,0.0,0.006839048849999999
4172.0,1.372341507568196,0.736875188,0.243158809,0.3569861203566165,0.6153214069152121,0.0,0.40003398029636755,0.0,0.0,0.0,0.0,0.0,0.0,0.0,0.0,0.0,0.0,0.006839048849999999
4173.0,1.438826630443972,0.629272494,0.248552813,0.3048569824828899,0.6289711124053647,0.0,0.5049985355557175,0.0,0.0,0.0,0.0,0.0,0.0,0.0,0.0,0.0,0.0,0.006839048849999999
4174.0,1.4439687703340773,0.497533213,0.249206305,0.2410346478614667,0.6306247955209447,0.0,0.5723093269516659,0.0,0.0,0.0,0.0,0.0,0.0,0.0,0.0,0.0,0.0,0.006839048849999999
4175.0,1.431394893918978,0.34755102,0.25076206,0.16837436281785187,0.6345616849939285,0.0,0.6284588461071977,0.0,0.0,0.0,0.0,0.0,0.0,0.0,0.0,0.0,0.0,0.006839048849999999
4176.0,1.3990245598181867,0.199962677,0.264333124,0.09687380093785058,0.6689037112119314,0.0,0.6332470476684048,0.0,0.0,0.0,0.0,0.0,0.0,0.0,0.0,0.0,0.0,0.006839048849999999
4177.0,1.3616500404418097,0.084887044,0.283436258,0.0411243274296561,0.7172448234986339,0.0,0.6032808895135199,0.0,0.0,0.0,0.0,0.0,0.0,0.0,0.0,0.0,0.0,0.006839048849999999
4178.0,1.3371141825470174,0.021573197,0.29738279,0.010451338335358629,0.7525369839065591,0.0,0.5741258603050996,0.0,0.0,0.0,0.0,0.0,0.0,0.0,0.0,0.0,0.0,0.006839048849999999
4179.0,1.2689402298095078,0.001638788,0.30190311,0.0007939262710077555,0.7639758031438542,0.0,0.5041705003946458,0.0,0.0,0.0,0.0,0.0,0.0,0.0,0.0,0.0,0.0,0.006839048849999999
4180.0,1.1869018598112238,8.72e-07,0.298201636,4.224486073358865e-07,0.7546091007870414,0.0,0.4322923365755751,0.0,0.0,0.0,0.0,0.0,0.0,0.0,0.0,0.0,0.0,0.006839048849999999
4181.0,1.1031835602811726,0.0,0.283174982,0.0,0.7165836559407965,0.0,0.3865999043403761,0.0,0.0,0.0,0.0,0.0,0.0,0.0,0.0,0.0,0.0,0.006839048849999999
4182.0,1.0350340837010519,0.0,0.261488976,0.0,0.6617065006480523,0.0,0.3733275830529996,0.0,0.0,0.0,0.0,0.0,0.0,0.0,0.0,0.0,0.0,0.006839048849999999
4183.0,0.9781590423603892,0.0,0.239660525,0.0,0.6064688835724573,0.0,0.3716901587879319,0.0,0.0,0.0,0.0,0.0,0.0,0.0,0.0,0.0,0.0,0.006839048849999999
4184.0,0.9378541045913819,5.32e-06,0.221926519,2.577324072278574e-06,0.5615923949638837,0.0,0.3762591323034259,0.0,0.0,0.0,0.0,0.0,0.0,0.0,0.0,0.0,0.0,0.006839048849999999
4185.0,0.9169362113294548,0.00111481,0.19985765,0.0005400801971836235,0.5057463921891805,0.0,0.41064973894309076,0.0,0.0,0.0,0.0,0.0,0.0,0.0,0.0,0.0,0.0,0.006839048849999999
4186.0,0.9200646618138593,0.012274003,0.180882213,0.005946256277278089,0.45772842138364417,0.0,0.456389984152937,0.0,0.0,0.0,0.0,0.0,0.0,0.0,0.0,0.0,0.0,0.006839048849999999
4187.0,0.9441221297227431,0.054947746,0.165328285,0.026619952722415168,0.4183686922445781,0.0,0.49913348475574987,0.0,0.0,0.0,0.0,0.0,0.0,0.0,0.0,0.0,0.0,0.006839048849999999
4188.0,0.9802928857206757,0.148410579,0.135890775,0.07189890184915432,0.3438760997542084,0.0,0.564517884117313,0.0,0.0,0.0,0.0,0.0,0.0,0.0,0.0,0.0,0.0,0.006839048849999999
4189.0,1.0320658391560449,0.28737369,0.154023517,0.139220888905361,0.389761602996127,0.0,0.503083347254557,0.0,0.0,0.0,0.0,0.0,0.0,0.0,0.0,0.0,0.0,0.006839048849999999
4190.0,1.1003933213355717,0.43926749,0.18144635,0.2128072699523285,0.45915598871694585,0.0,0.4284300626662974,0.0,0.0,0.0,0.0,0.0,0.0,0.0,0.0,0.0,0.0,0.006839048849999999
4191.0,1.1704563588592507,0.57924117,0.176621354,0.28061883667214393,0.4469461767866683,0.0,0.44289134540043845,0.0,0.0,0.0,0.0,0.0,0.0,0.0,0.0,0.0,0.0,0.006839048849999999
4192.0,1.2367590264705999,0.692341473,0.161412787,0.33541134296986963,0.4084603950784504,0.0,0.49288728842227986,0.0,0.0,0.0,0.0,0.0,0.0,0.0,0.0,0.0,0.0,0.006839048849999999
4193.0,1.2923568779604997,0.763695631,0.15326794,0.369979536404187,0.38784959041231487,0.0,0.5345277511439979,0.0,0.0,0.0,0.0,0.0,0.0,0.0,0.0,0.0,0.0,0.006839048849999999
4194.0,1.3408345014744603,0.78702901,0.15310059,0.38128361147642376,0.3874261057034091,0.0,0.5721247842946273,0.0,0.0,0.0,0.0,0.0,0.0,0.0,0.0,0.0,0.0,0.006839048849999999
4195.0,1.3792792792797839,0.760939704,0.155629146,0.3686444016300249,0.3938247002753371,0.0,0.6168101773744219,0.0,0.0,0.0,0.0,0.0,0.0,0.0,0.0,0.0,0.0,0.006839048849999999
4196.0,1.4037617361947017,0.68780142,0.158293186,0.33321187156266646,0.40056614158943077,0.0,0.6699837230426043,0.0,0.0,0.0,0.0,0.0,0.0,0.0,0.0,0.0,0.0,0.006839048849999999
4197.0,1.4214466008450608,0.578609014,0.161374788,0.2803125827480395,0.40836423735240485,0.0,0.7327697807446164,0.0,0.0,0.0,0.0,0.0,0.0,0.0,0.0,0.0,0.0,0.006839048849999999
4198.0,1.4262216033739523,0.452217572,0.164527093,0.2190810590644679,0.4163412493948757,0.0,0.7907992949146087,0.0,0.0,0.0,0.0,0.0,0.0,0.0,0.0,0.0,0.0,0.006839048849999999
4199.0,1.410608279774114,0.31379413,0.17151756,0.15202051973472033,0.4340308572981385,0.0,0.8245569027412551,0.0,0.0,0.0,0.0,0.0,0.0,0.0,0.0,0.0,0.0,0.006839048849999999
4200.0,1.3770920339396984,0.180852703,0.188818025,0.08761579416889989,0.47781025606994026,0.0,0.8116659837008584,0.0,0.0,0.0,0.0,0.0,0.0,0.0,0.0,0.0,0.0,0.006839048849999999
4201.0,1.3342616412916508,0.078234291,0.220352246,0.03790133862254642,0.5576086450795493,0.0,0.7387516575895552,0.0,0.0,0.0,0.0,0.0,0.0,0.0,0.0,0.0,0.0,0.006839048849999999
4202.0,1.295120415916201,0.020296041,0.251184055,0.00983260809046107,0.6356295572958988,0.0,0.6496582505298412,0.0,0.0,0.0,0.0,0.0,0.0,0.0,0.0,0.0,0.0,0.006839048849999999
4203.0,1.239048625105338,0.001678915,0.257821308,0.0008133661738363875,0.6524253454921316,0.0,0.5858099134393702,0.0,0.0,0.0,0.0,0.0,0.0,0.0,0.0,0.0,0.0,0.006839048849999999
4204.0,1.1642817866925756,1.39e-06,0.24567028,6.733985827945898e-07,0.6216767673296758,0.0,0.5426043459643172,0.0,0.0,0.0,0.0,0.0,0.0,0.0,0.0,0.0,0.0,0.006839048849999999
4205.0,1.0807793199142317,0.0,0.226901321,0.0,0.5741812959309246,0.0,0.5065980239833071,0.0,0.0,0.0,0.0,0.0,0.0,0.0,0.0,0.0,0.0,0.006839048849999999
4206.0,1.0147369857044979,0.0,0.20872179,0.0,0.528177391577294,0.0,0.4865595941272039,0.0,0.0,0.0,0.0,0.0,0.0,0.0,0.0,0.0,0.0,0.006839048849999999
4207.0,0.9603873992428751,0.0,0.189985855,0.0,0.4807654885025756,0.0,0.4796219107402995,0.0,0.0,0.0,0.0,0.0,0.0,0.0,0.0,0.0,0.0,0.006839048849999999
4208.0,0.9188742484304021,6.1e-06,0.176627518,2.955202413702876e-06,0.4469617749924987,0.0,0.47190951823548977,0.0,0.0,0.0,0.0,0.0,0.0,0.0,0.0,0.0,0.0,0.006839048849999999
4209.0,0.892718538481098,0.001102837,0.16038755,0.0005342797646427604,0.40586599894755987,0.0,0.4863182597688953,0.0,0.0,0.0,0.0,0.0,0.0,0.0,0.0,0.0,0.0,0.006839048849999999
4210.0,0.8810435903929953,0.010297797,0.145357019,0.0049888646803643,0.36783074322461096,0.0,0.50822398248802,0.0,0.0,0.0,0.0,0.0,0.0,0.0,0.0,0.0,0.0,0.006839048849999999
4211.0,0.8772053423434771,0.04755399,0.127919418,0.023037978037574167,0.32370431727001553,0.0,0.5304630470358874,0.0,0.0,0.0,0.0,0.0,0.0,0.0,0.0,0.0,0.0,0.006839048849999999
4212.0,0.8985615746064255,0.137402394,0.098299971,0.0665658830159596,0.2487513271848792,0.0,0.5832443644055868,0.0,0.0,0.0,0.0,0.0,0.0,0.0,0.0,0.0,0.0,0.006839048849999999
4213.0,0.9495980304867063,0.277265023,0.108757153,0.13432365003360383,0.27521357203247765,0.0,0.5400608084206248,0.0,0.0,0.0,0.0,0.0,0.0,0.0,0.0,0.0,0.0,0.006839048849999999
4214.0,1.0174493475128352,0.431716047,0.122383446,0.20914890231617445,0.3096953570612853,0.0,0.4986050881353754,0.0,0.0,0.0,0.0,0.0,0.0,0.0,0.0,0.0,0.0,0.006839048849999999
4215.0,1.0971291420690834,0.577174586,0.113911178,0.27961766060248494,0.28825600272753904,0.0,0.5292554787390593,0.0,0.0,0.0,0.0,0.0,0.0,0.0,0.0,0.0,0.0,0.006839048849999999
4216.0,1.1706566157835352,0.694050128,0.099432631,0.3362391169666213,0.251617560769518,0.0,0.5827999380473957,0.0,0.0,0.0,0.0,0.0,0.0,0.0,0.0,0.0,0.0,0.006839048849999999
4217.0,1.229876882571246,0.76505585,0.090960481,0.3706385073012303,0.23017850503867376,0.0,0.629059870231342,0.0,0.0,0.0,0.0,0.0,0.0,0.0,0.0,0.0,0.0,0.006839048849999999
4218.0,1.2760827081104011,0.786355618,0.090180459,0.3809573803840027,0.22820463357401788,0.0,0.6669206941523806,0.0,0.0,0.0,0.0,0.0,0.0,0.0,0.0,0.0,0.0,0.006839048849999999
4219.0,1.3129677113384683,0.76002865,0.094723593,0.3682030329448095,0.2397011843927231,0.0,0.7050634940009356,0.0,0.0,0.0,0.0,0.0,0.0,0.0,0.0,0.0,0.0,0.006839048849999999
4220.0,1.342899367027525,0.688609045,0.100802706,0.33360313309534956,0.25508458086246216,0.0,0.7542116530697134,0.0,0.0,0.0,0.0,0.0,0.0,0.0,0.0,0.0,0.0,0.006839048849999999
4221.0,1.366253712868751,0.582200968,0.107569429,0.2820527386711067,0.27220799717499033,0.0,0.8119929770226539,0.0,0.0,0.0,0.0,0.0,0.0,0.0,0.0,0.0,0.0,0.006839048849999999
4222.0,1.3763711112121078,0.459879242,0.116456526,0.22279282720823754,0.2946970900107426,0.0,0.8588811939931275,0.0,0.0,0.0,0.0,0.0,0.0,0.0,0.0,0.0,0.0,0.006839048849999999
4223.0,1.367987043380393,0.323892493,0.127560182,0.15691276673669538,0.3227952586928508,0.0,0.8882790179508466,0.0,0.0,0.0,0.0,0.0,0.0,0.0,0.0,0.0,0.0,0.006839048849999999
4224.0,1.3420071131980598,0.191567486,0.145121631,0.09280667164167081,0.36723508610683425,0.0,0.8819653554495547,0.0,0.0,0.0,0.0,0.0,0.0,0.0,0.0,0.0,0.0,0.006839048849999999
4225.0,1.3019914356530022,0.087653236,0.175652575,0.04246443517968324,0.44449464949172296,0.0,0.815032350981596,0.0,0.0,0.0,0.0,0.0,0.0,0.0,0.0,0.0,0.0,0.006839048849999999
4226.0,1.2702085203302287,0.024782353,0.204500913,0.01200604416439946,0.5174963227534372,0.0,0.7407061534123921,0.0,0.0,0.0,0.0,0.0,0.0,0.0,0.0,0.0,0.0,0.006839048849999999
4227.0,1.2193211452268684,0.002096489,0.217262622,0.0010156638283772997,0.5497902493803049,0.0,0.6685152320181864,0.0,0.0,0.0,0.0,0.0,0.0,0.0,0.0,0.0,0.0,0.006839048849999999
4228.0,1.1477183576184518,1.44e-06,0.211967822,6.976215533987116e-07,0.5363915828926158,0.0,0.6113260771042823,0.0,0.0,0.0,0.0,0.0,0.0,0.0,0.0,0.0,0.0,0.006839048849999999
4229.0,1.082423647126208,0.0,0.199080575,0.0,0.5037799782054756,0.0,0.5786436689207325,0.0,0.0,0.0,0.0,0.0,0.0,0.0,0.0,0.0,0.0,0.006839048849999999
4230.0,1.0215701792889225,0.0,0.18514833,0.0,0.4685239715234909,0.0,0.5530462077654317,0.0,0.0,0.0,0.0,0.0,0.0,0.0,0.0,0.0,0.0,0.006839048849999999
4231.0,0.9665107952621862,0.0,0.174027846,0.0,0.4403832190309168,0.0,0.5261275762312694,0.0,0.0,0.0,0.0,0.0,0.0,0.0,0.0,0.0,0.0,0.006839048849999999
4232.0,0.9249976444497132,6.02e-06,0.169412927,2.9164456607362806e-06,0.4287050138959354,0.0,0.49628971410811706,0.0,0.0,0.0,0.0,0.0,0.0,0.0,0.0,0.0,0.0,0.006839048849999999
4233.0,0.8951038149130331,0.000998797,0.158849761,0.0004838766074097035,0.4019745730316733,0.0,0.49264536527395025,0.0,0.0,0.0,0.0,0.0,0.0,0.0,0.0,0.0,0.0,0.006839048849999999
4234.0,0.8771875426834688,0.009998525,0.147497133,0.004843879543191564,0.37324637247059456,0.0,0.49909729066968267,0.0,0.0,0.0,0.0,0.0,0.0,0.0,0.0,0.0,0.0,0.006839048849999999
4235.0,0.866545026871936,0.046804309,0.131391534,0.022674788021064794,0.3324906216234507,0.0,0.5113796172274204,0.0,0.0,0.0,0.0,0.0,0.0,0.0,0.0,0.0,0.0,0.006839048849999999
4236.0,0.8802870663455385,0.136694965,0.111007581,0.06622316237852953,0.2809083545033088,0.0,0.5331555494637001,0.0,0.0,0.0,0.0,0.0,0.0,0.0,0.0,0.0,0.0,0.006839048849999999
4237.0,0.9284042279957413,0.276744438,0.112205739,0.13407144773056487,0.28394033294282617,0.0,0.5103924473223503,0.0,0.0,0.0,0.0,0.0,0.0,0.0,0.0,0.0,0.0,0.006839048849999999
4238.0,0.9987921260633118,0.431203972,0.123993631,0.20890082276273234,0.3137699834491526,0.0,0.47612131985142686,0.0,0.0,0.0,0.0,0.0,0.0,0.0,0.0,0.0,0.0,0.006839048849999999
4239.0,1.074095206106803,0.574094902,0.123386284,0.27812567870244526,0.3122330717819889,0.0,0.4837364556223688,0.0,0.0,0.0,0.0,0.0,0.0,0.0,0.0,0.0,0.0,0.006839048849999999
4240.0,1.147778435095707,0.686242683,0.116020808,0.33245672675205534,0.29359449120348213,0.0,0.5217272171401695,0.0,0.0,0.0,0.0,0.0,0.0,0.0,0.0,0.0,0.0,0.006839048849999999
4241.0,1.2133179031621433,0.754058032,0.113284384,0.36531051085876076,0.28666987978380476,0.0,0.5613375125195779,0.0,0.0,0.0,0.0,0.0,0.0,0.0,0.0,0.0,0.0,0.006839048849999999
4242.0,1.2672336002877655,0.776479276,0.115945689,0.3761726935451576,0.29340440008995783,0.0,0.5976565066526501,0.0,0.0,0.0,0.0,0.0,0.0,0.0,0.0,0.0,0.0,0.006839048849999999
4243.0,1.3078122214533758,0.75257022,0.121026832,0.36458972633195147,0.30626240047396763,0.0,0.6369600946474566,0.0,0.0,0.0,0.0,0.0,0.0,0.0,0.0,0.0,0.0,0.006839048849999999
4244.0,1.3369028004602557,0.684917915,0.127361204,0.3318149304256297,0.3222917382840748,0.0,0.6827961317505511,0.0,0.0,0.0,0.0,0.0,0.0,0.0,0.0,0.0,0.0,0.006839048849999999
4245.0,1.3604440522308547,0.581176914,0.134544517,0.28155662607232607,0.3404693493673416,0.0,0.7384180767911871,0.0,0.0,0.0,0.0,0.0,0.0,0.0,0.0,0.0,0.0,0.006839048849999999
4246.0,1.3766336694462336,0.460253014,0.140904844,0.22297390457161043,0.3565643671632249,0.0,0.7970953977113985,0.0,0.0,0.0,0.0,0.0,0.0,0.0,0.0,0.0,0.0,0.006839048849999999
4247.0,1.3749403899194788,0.323716433,0.146183926,0.15682747281260415,0.3699232587321533,0.0,0.8481896583747212,0.0,0.0,0.0,0.0,0.0,0.0,0.0,0.0,0.0,0.0,0.006839048849999999
4248.0,1.3549637028017953,0.1901453,0.15638839,0.09211768024823892,0.39574599232390906,0.0,0.8671000302296473,0.0,0.0,0.0,0.0,0.0,0.0,0.0,0.0,0.0,0.0,0.006839048849999999
4249.0,1.3191445083376538,0.083802025,0.177309367,0.04059867976281783,0.44868721643428383,0.0,0.8298586121405521,0.0,0.0,0.0,0.0,0.0,0.0,0.0,0.0,0.0,0.0,0.006839048849999999
4250.0,1.2878399830007885,0.02152968,0.200601776,0.010430256115123037,0.5076294276388327,0.0,0.7697802992468329,0.0,0.0,0.0,0.0,0.0,0.0,0.0,0.0,0.0,0.0,0.006839048849999999
4251.0,1.2341312182969069,0.001815389,0.208126858,0.0008794822876409263,0.5266718964781677,0.0,0.7065798395310984,0.0,0.0,0.0,0.0,0.0,0.0,0.0,0.0,0.0,0.0,0.006839048849999999
4252.0,1.1625017296985907,1.06e-06,0.206359841,5.13526976807385e-07,0.5222004015282024,0.0,0.6403008146434114,0.0,0.0,0.0,0.0,0.0,0.0,0.0,0.0,0.0,0.0,0.006839048849999999
4253.0,1.0847199212584027,0.0,0.203147287,0.0,0.5140709273989262,0.0,0.5706489938594764,0.0,0.0,0.0,0.0,0.0,0.0,0.0,0.0,0.0,0.0,0.006839048849999999
4254.0,1.0190157975875478,0.0,0.201705633,0.0,0.510422774279518,0.0,0.5085930233080297,0.0,0.0,0.0,0.0,0.0,0.0,0.0,0.0,0.0,0.0,0.006839048849999999
4255.0,0.9661147320785624,0.0,0.202976946,0.0,0.5136398738656144,0.0,0.452474858212948,0.0,0.0,0.0,0.0,0.0,0.0,0.0,0.0,0.0,0.0,0.006839048849999999
4256.0,0.9229661543840795,5.76e-06,0.205092673,2.7904862135948463e-06,0.5189937910016722,0.0,0.4039695728961937,0.0,0.0,0.0,0.0,0.0,0.0,0.0,0.0,0.0,0.0,0.006839048849999999
4257.0,0.9059977627962901,0.000971107,0.202001963,0.00047046192628914075,0.5111726471435161,0.0,0.3943546537264848,0.0,0.0,0.0,0.0,0.0,0.0,0.0,0.0,0.0,0.0,0.006839048849999999
4258.0,0.9121055829881785,0.007906614,0.197211536,0.0038304335700027783,0.49905031321086124,0.0,0.40922483620731437,0.0,0.0,0.0,0.0,0.0,0.0,0.0,0.0,0.0,0.0,0.006839048849999999
4259.0,0.9405531164047315,0.044168155,0.180202327,0.021397678404066024,0.4560079473782712,0.0,0.4631474906223942,0.0,0.0,0.0,0.0,0.0,0.0,0.0,0.0,0.0,0.0,0.006839048849999999
4260.0,0.9862649761305555,0.136078731,0.149311828,0.06592462201718433,0.37783851817616926,0.0,0.5425018359372019,0.0,0.0,0.0,0.0,0.0,0.0,0.0,0.0,0.0,0.0,0.006839048849999999
4261.0,1.0469960661806696,0.274708708,0.144596938,0.13308521917160632,0.3659073331198611,0.0,0.5480035138892022,0.0,0.0,0.0,0.0,0.0,0.0,0.0,0.0,0.0,0.0,0.006839048849999999
4262.0,1.1190060411352623,0.426149259,0.163026828,0.2064520194745069,0.41254477920182725,0.0,0.5000092424589281,0.0,0.0,0.0,0.0,0.0,0.0,0.0,0.0,0.0,0.0,0.006839048849999999
4263.0,1.1975043226380202,0.565218313,0.179779786,0.2738253316142078,0.4549386934052459,0.0,0.4687402976185666,0.0,0.0,0.0,0.0,0.0,0.0,0.0,0.0,0.0,0.0,0.006839048849999999
4264.0,1.273512750581604,0.676757052,0.186346275,0.3278613235345644,0.47155541095946485,0.0,0.47409601608757473,0.0,0.0,0.0,0.0,0.0,0.0,0.0,0.0,0.0,0.0,0.006839048849999999
4265.0,1.3395817857812373,0.749477206,0.193594734,0.3630912865879488,0.4898978761499701,0.0,0.48659262304331846,0.0,0.0,0.0,0.0,0.0,0.0,0.0,0.0,0.0,0.0,0.006839048849999999
4266.0,1.3950706084790285,0.77550554,0.202350839,0.37570095797507413,0.5120554893980978,0.0,0.5073141611058566,0.0,0.0,0.0,0.0,0.0,0.0,0.0,0.0,0.0,0.0,0.006839048849999999
4267.0,1.438245887163411,0.753926622,0.21063055,0.365246848047419,0.5330075718758966,0.0,0.5399914672400953,0.0,0.0,0.0,0.0,0.0,0.0,0.0,0.0,0.0,0.0,0.006839048849999999
4268.0,1.4667757483821733,0.689365196,0.217964851,0.3339694575642551,0.5515672630860129,0.0,0.5812390277319053,0.0,0.0,0.0,0.0,0.0,0.0,0.0,0.0,0.0,0.0,0.006839048849999999
4269.0,1.4838086681121638,0.586573152,0.218087217,0.2841708843612629,0.5518769142953943,0.0,0.6477608694555066,0.0,0.0,0.0,0.0,0.0,0.0,0.0,0.0,0.0,0.0,0.006839048849999999
4270.0,1.4850079808256629,0.46030139,0.210231411,0.2229973407801293,0.5319975374377253,0.0,0.730013102607808,0.0,0.0,0.0,0.0,0.0,0.0,0.0,0.0,0.0,0.0,0.006839048849999999
4271.0,1.4683555494517981,0.318413712,0.200222978,0.15425851971450696,0.5066708667737946,0.0,0.8074261629634965,0.0,0.0,0.0,0.0,0.0,0.0,0.0,0.0,0.0,0.0,0.006839048849999999
4272.0,1.4364636053369155,0.181107993,0.199896576,0.08773947181221042,0.5058448957193799,0.0,0.8428792378053251,0.0,0.0,0.0,0.0,0.0,0.0,0.0,0.0,0.0,0.0,0.006839048849999999
4273.0,1.3955823749522926,0.075705919,0.21617651,0.03667644500990072,0.5470418070489085,0.0,0.8118641228934836,0.0,0.0,0.0,0.0,0.0,0.0,0.0,0.0,0.0,0.0,0.006839048849999999
4274.0,1.3522468903285123,0.018310427,0.248224499,0.00887065869939841,0.6281403029717244,0.0,0.7152359286573894,0.0,0.0,0.0,0.0,0.0,0.0,0.0,0.0,0.0,0.0,0.006839048849999999
4275.0,1.287888935315567,0.001458409,0.276439844,0.0007065399667157373,0.6995401665152166,0.0,0.5876422288336345,0.0,0.0,0.0,0.0,0.0,0.0,0.0,0.0,0.0,0.0,0.006839048849999999
4276.0,1.1996804428156287,1.2e-06,0.281207157,5.813512944989264e-07,0.7116040097065409,0.0,0.48807585175779333,0.0,0.0,0.0,0.0,0.0,0.0,0.0,0.0,0.0,0.0,0.006839048849999999
4277.0,1.116585163383461,0.0,0.27174409,0.0,0.687657405739695,0.0,0.4289277576437659,0.0,0.0,0.0,0.0,0.0,0.0,0.0,0.0,0.0,0.0,0.006839048849999999
4278.0,1.044839972495429,0.0,0.255556639,0.0,0.646694525699881,0.0,0.398145446795548,0.0,0.0,0.0,0.0,0.0,0.0,0.0,0.0,0.0,0.0,0.006839048849999999
4279.0,0.9876934715907494,0.0,0.241267865,0.0,0.6105363105937464,0.0,0.377157160997003,0.0,0.0,0.0,0.0,0.0,0.0,0.0,0.0,0.0,0.0,0.006839048849999999
4280.0,0.9470636742777752,2.08e-06,0.231150784,1.0076755771314724e-06,0.5849347025730591,0.0,0.36212796402913894,0.0,0.0,0.0,0.0,0.0,0.0,0.0,0.0,0.0,0.0,0.006839048849999999
4281.0,0.9265685441894468,0.000405863,0.217391247,0.0001966241503660148,0.550115739196158,0.0,0.37625618084292284,0.0,0.0,0.0,0.0,0.0,0.0,0.0,0.0,0.0,0.0,0.006839048849999999
4282.0,0.9314080738606144,0.007840675,0.201660499,0.003798488800829475,0.5103085612000333,0.0,0.4173010238597516,0.0,0.0,0.0,0.0,0.0,0.0,0.0,0.0,0.0,0.0,0.006839048849999999
4283.0,0.9572233484385291,0.049205795,0.177996155,0.023838210516748996,0.4504251561788911,0.0,0.4829599817428889,0.0,0.0,0.0,0.0,0.0,0.0,0.0,0.0,0.0,0.0,0.006839048849999999
4284.0,0.9975839130198463,0.150713292,0.145213357,0.0730144728353289,0.3674672017830164,0.0,0.557102238401501,0.0,0.0,0.0,0.0,0.0,0.0,0.0,0.0,0.0,0.0,0.006839048849999999
4285.0,1.0469159632109708,0.298948579,0.127982992,0.14482845282522047,0.32386519337927144,0.0,0.578222317006479,0.0,0.0,0.0,0.0,0.0,0.0,0.0,0.0,0.0,0.0,0.006839048849999999
4286.0,1.106323135928054,0.454386969,0.150676739,0.22013204385966126,0.3812924705963509,0.0,0.504898621472042,0.0,0.0,0.0,0.0,0.0,0.0,0.0,0.0,0.0,0.0,0.006839048849999999
4287.0,1.170879123032774,0.596159689,0.167694624,0.2888151724401895,0.42435679133383764,0.0,0.45770715925874683,0.0,0.0,0.0,0.0,0.0,0.0,0.0,0.0,0.0,0.0,0.006839048849999999
4288.0,1.2324690894250727,0.709918224,0.164821585,0.343926565425649,0.41708647113909497,0.0,0.4714560528603289,0.0,0.0,0.0,0.0,0.0,0.0,0.0,0.0,0.0,0.0,0.006839048849999999
4289.0,1.2858196190975566,0.7834757,0.161583349,0.3795621770028771,0.40889200785957014,0.0,0.4973654342351094,0.0,0.0,0.0,0.0,0.0,0.0,0.0,0.0,0.0,0.0,0.006839048849999999
4290.0,1.33098188619774,0.808554814,0.160455256,0.39171198982686556,0.40603733121945224,0.0,0.5332325651514223,0.0,0.0,0.0,0.0,0.0,0.0,0.0,0.0,0.0,0.0,0.006839048849999999
4291.0,1.3642155483055862,0.783350153,0.161171863,0.37950135457706835,0.40785072892961,0.0,0.5768634647989078,0.0,0.0,0.0,0.0,0.0,0.0,0.0,0.0,0.0,0.0,0.006839048849999999
4292.0,1.3824856059015276,0.71243311,0.16294726,0.34514492561866333,0.4123434297466841,0.0,0.6249972505361802,0.0,0.0,0.0,0.0,0.0,0.0,0.0,0.0,0.0,0.0,0.006839048849999999
4293.0,1.3917085255829083,0.600935094,0.166407487,0.291128662338945,0.42109964859247545,0.0,0.6794802146514877,0.0,0.0,0.0,0.0,0.0,0.0,0.0,0.0,0.0,0.0,0.006839048849999999
4294.0,1.3918108788775612,0.467556805,0.167717339,0.22651229486544341,0.424414272392474,0.0,0.740884311619644,0.0,0.0,0.0,0.0,0.0,0.0,0.0,0.0,0.0,0.0,0.006839048849999999
4295.0,1.3756234874946176,0.320298227,0.164682644,0.15517149074346748,0.4167348763441139,0.0,0.8037171204070362,0.0,0.0,0.0,0.0,0.0,0.0,0.0,0.0,0.0,0.0,0.006839048849999999
4296.0,1.345422598073979,0.179220414,0.168471,0.08682501639961125,0.4263214364749282,0.0,0.8322761451994395,0.0,0.0,0.0,0.0,0.0,0.0,0.0,0.0,0.0,0.0,0.006839048849999999
4297.0,1.3089514576895442,0.073845889,0.197337229,0.03577533596964502,0.49936838350375945,0.0,0.7738077382161397,0.0,0.0,0.0,0.0,0.0,0.0,0.0,0.0,0.0,0.0,0.006839048849999999
4298.0,1.2713388562364305,0.017802214,0.236033672,0.008624450128205759,0.5972910121237011,0.0,0.6654233939845235,0.0,0.0,0.0,0.0,0.0,0.0,0.0,0.0,0.0,0.0,0.006839048849999999
4299.0,1.2123077212105273,0.001181994,0.248670644,0.00057262811832497,0.6292692876472833,0.0,0.5824658054449191,0.0,0.0,0.0,0.0,0.0,0.0,0.0,0.0,0.0,0.0,0.006839048849999999
4300.0,1.1353736639500471,4.18e-07,0.242863079,2.0250403425045937e-07,0.6145730523710549,0.0,0.5208004090749582,0.0,0.0,0.0,0.0,0.0,0.0,0.0,0.0,0.0,0.0,0.006839048849999999
4301.0,1.0538648600850358,0.0,0.230407724,0.0,0.5830543646716574,0.0,0.47081049541337844,0.0,0.0,0.0,0.0,0.0,0.0,0.0,0.0,0.0,0.0,0.006839048849999999
4302.0,0.9984005135446335,0.0,0.224204479,0.0,0.5673568480711391,0.0,0.4310436654734945,0.0,0.0,0.0,0.0,0.0,0.0,0.0,0.0,0.0,0.0,0.006839048849999999
4303.0,0.9418102817629753,0.0,0.21894823,0.0,0.554055736163749,0.0,0.38775454559922634,0.0,0.0,0.0,0.0,0.0,0.0,0.0,0.0,0.0,0.0,0.006839048849999999
4304.0,0.9060467141111436,1.21e-06,0.211508015,5.861958886197508e-07,0.5352280260742837,0.0,0.3708181018409712,0.0,0.0,0.0,0.0,0.0,0.0,0.0,0.0,0.0,0.0,0.006839048849999999
4305.0,0.8828570228744111,0.000691613,0.194207024,0.00033505842736857163,0.49144729624208827,0.0,0.39107466820495435,0.0,0.0,0.0,0.0,0.0,0.0,0.0,0.0,0.0,0.0,0.006839048849999999
4306.0,0.8833465390227212,0.010233538,0.176530028,0.004957733803003295,0.44671507332371324,0.0,0.43167373189600466,0.0,0.0,0.0,0.0,0.0,0.0,0.0,0.0,0.0,0.0,0.006839048849999999
4307.0,0.9180954740579913,0.053690472,0.1533439,0.02601085449954864,0.38804180970414937,0.0,0.5040428098542934,0.0,0.0,0.0,0.0,0.0,0.0,0.0,0.0,0.0,0.0,0.006839048849999999
4308.0,0.9524928475594704,0.151873699,0.11023019,0.07357664292832526,0.27894114087115446,0.0,0.5999750637599904,0.0,0.0,0.0,0.0,0.0,0.0,0.0,0.0,0.0,0.0,0.006839048849999999
4309.0,1.0154712594270006,0.296368149,0.085053854,0.14357833922450058,0.2152315900956771,0.0,0.6566613301068229,0.0,0.0,0.0,0.0,0.0,0.0,0.0,0.0,0.0,0.0,0.006839048849999999
4310.0,1.0674867456040522,0.451754901,0.101735388,0.21885691374382027,0.25744476350525713,0.0,0.5911850683549749,0.0,0.0,0.0,0.0,0.0,0.0,0.0,0.0,0.0,0.0,0.006839048849999999
4311.0,1.1310837269045202,0.591776142,0.1132388,0.2866915218377337,0.2865545279644396,0.0,0.557837677102347,0.0,0.0,0.0,0.0,0.0,0.0,0.0,0.0,0.0,0.0,0.006839048849999999
4312.0,1.1951702233533734,0.703194552,0.11052396,0.34066921924149385,0.27968453557049877,0.0,0.5748164685413809,0.0,0.0,0.0,0.0,0.0,0.0,0.0,0.0,0.0,0.0,0.006839048849999999
4313.0,1.2446669291489165,0.773569898,0.111652444,0.37476321798975204,0.28254020164904625,0.0,0.5873635095101183,0.0,0.0,0.0,0.0,0.0,0.0,0.0,0.0,0.0,0.0,0.006839048849999999
4314.0,1.3096034036098376,0.794602227,0.116704953,0.3849525277318165,0.2953257427491911,0.0,0.6293251331288301,0.0,0.0,0.0,0.0,0.0,0.0,0.0,0.0,0.0,0.0,0.006839048849999999
4315.0,1.3372343365016035,0.772606555,0.123848696,0.3742965174063383,0.3134032206389627,0.0,0.6495345984563025,0.0,0.0,0.0,0.0,0.0,0.0,0.0,0.0,0.0,0.0,0.006839048849999999
4316.0,1.3815599765846311,0.702720224,0.12983011,0.3404394265774796,0.32853938655850523,0.0,0.7125811634486462,0.0,0.0,0.0,0.0,0.0,0.0,0.0,0.0,0.0,0.0,0.006839048849999999
4317.0,1.3954733461601836,0.588104481,0.13120141,0.2849127511083077,0.33200950655445743,0.0,0.7785510884974185,0.0,0.0,0.0,0.0,0.0,0.0,0.0,0.0,0.0,0.0,0.006839048849999999
4318.0,1.39642790129949,0.45534791,0.126190139,0.2205975807715672,0.3193283195769649,0.0,0.856502000950958,0.0,0.0,0.0,0.0,0.0,0.0,0.0,0.0,0.0,0.0,0.006839048849999999
4319.0,1.399536326291451,0.309507858,0.120843054,0.14994399492157492,0.30579734416782306,0.0,0.9437949872020532,0.0,0.0,0.0,0.0,0.0,0.0,0.0,0.0,0.0,0.0,0.006839048849999999
4320.0,1.3561452148553612,0.171957446,0.132810382,0.0833064031923577,0.3360810634057134,0.0,0.9367577482572903,0.0,0.0,0.0,0.0,0.0,0.0,0.0,0.0,0.0,0.0,0.006839048849999999
4321.0,1.3273327699100297,0.073116576,0.165711263,0.035422013422440946,0.41933783073783987,0.0,0.872572925749749,0.0,0.0,0.0,0.0,0.0,0.0,0.0,0.0,0.0,0.0,0.006839048849999999
4322.0,1.2769616109449544,0.019154772,0.198989711,0.009279709581693158,0.5035500438487979,0.0,0.7641318575144633,0.0,0.0,0.0,0.0,0.0,0.0,0.0,0.0,0.0,0.0,0.006839048849999999
4323.0,1.2304064487045188,0.001820858,0.220908738,0.0008821317961656051,0.5590168664875471,0.0,0.6705074504208062,0.0,0.0,0.0,0.0,0.0,0.0,0.0,0.0,0.0,0.0,0.006839048849999999
4324.0,1.1427608998251335,1.05e-06,0.232354395,5.086823826865606e-07,0.5879804800093955,0.0,0.5547799111333555,0.0,0.0,0.0,0.0,0.0,0.0,0.0,0.0,0.0,0.0,0.006839048849999999
4325.0,1.0615346806866157,0.0,0.236147397,0.0,0.597578796996843,0.0,0.4639558836897727,0.0,0.0,0.0,0.0,0.0,0.0,0.0,0.0,0.0,0.0,0.006839048849999999
4326.0,0.9937745907927381,0.0,0.233387661,0.0,0.5905951937902877,0.0,0.4031793970024504,0.0,0.0,0.0,0.0,0.0,0.0,0.0,0.0,0.0,0.0,0.006839048849999999
4327.0,0.9374980933925697,0.0,0.224343491,0.0,0.567708622533968,0.0,0.3697894708586017,0.0,0.0,0.0,0.0,0.0,0.0,0.0,0.0,0.0,0.0,0.006839048849999999
4328.0,0.905670677419888,3.52e-06,0.215411771,1.7052971305301841e-06,0.5451066097211287,0.0,0.36056236240162887,0.0,0.0,0.0,0.0,0.0,0.0,0.0,0.0,0.0,0.0,0.006839048849999999
4329.0,0.8860321998411588,0.00094956,0.201362482,0.0004600232793370004,0.5095544193267498,0.0,0.37601775723507197,0.0,0.0,0.0,0.0,0.0,0.0,0.0,0.0,0.0,0.0,0.006839048849999999
4330.0,0.8894143082297226,0.010104952,0.185963798,0.004895439105041263,0.47058754026327015,0.0,0.41393132886141115,0.0,0.0,0.0,0.0,0.0,0.0,0.0,0.0,0.0,0.0,0.006839048849999999
4331.0,0.9137321095402218,0.045396364,0.160806353,0.021992695814120385,0.40692579378797766,0.0,0.4848136199381238,0.0,0.0,0.0,0.0,0.0,0.0,0.0,0.0,0.0,0.0,0.006839048849999999
4332.0,0.9541104737815472,0.127687768,0.122762896,0.061859541015398825,0.31065556783388365,0.0,0.5815953649322648,0.0,0.0,0.0,0.0,0.0,0.0,0.0,0.0,0.0,0.0,0.006839048849999999
4333.0,1.0063195413854273,0.25784742,0.092590165,0.12491660950017364,0.23430247429083118,0.0,0.6471004575944226,0.0,0.0,0.0,0.0,0.0,0.0,0.0,0.0,0.0,0.0,0.006839048849999999
4334.0,1.0683278222862287,0.403594311,0.104096788,0.19552506262687688,0.26342036429169446,0.0,0.6093823953676574,0.0,0.0,0.0,0.0,0.0,0.0,0.0,0.0,0.0,0.0,0.006839048849999999
4335.0,1.1331419169601287,0.540717488,0.125036126,0.26195567633917305,0.31640805151972806,0.0,0.5547781891012276,0.0,0.0,0.0,0.0,0.0,0.0,0.0,0.0,0.0,0.0,0.006839048849999999
4336.0,1.1954795080698424,0.649758199,0.136509374,0.3147814750832842,0.3454414849794517,0.0,0.5352565480071064,0.0,0.0,0.0,0.0,0.0,0.0,0.0,0.0,0.0,0.0,0.006839048849999999
4337.0,1.249183824108628,0.719253495,0.1478186,0.34844912532593925,0.3740598553443193,0.0,0.5266748434383695,0.0,0.0,0.0,0.0,0.0,0.0,0.0,0.0,0.0,0.0,0.006839048849999999
4338.0,1.295952592268411,0.735549481,0.157879097,0.35634386912280286,0.39951827568189496,0.0,0.540090447463713,0.0,0.0,0.0,0.0,0.0,0.0,0.0,0.0,0.0,0.0,0.006839048849999999
4339.0,1.3367270196933603,0.709711173,0.165987305,0.3438262576199179,0.4200363641469572,0.0,0.5728643979264851,0.0,0.0,0.0,0.0,0.0,0.0,0.0,0.0,0.0,0.0,0.006839048849999999
4340.0,1.3670703143934633,0.642225078,0.174261681,0.31113198371247824,0.4409749462308391,0.0,0.614963384450146,0.0,0.0,0.0,0.0,0.0,0.0,0.0,0.0,0.0,0.0,0.006839048849999999
4341.0,1.3881639874223612,0.540991607,0.18035569,0.2620884758687537,0.45639603752115704,0.0,0.6696794740324507,0.0,0.0,0.0,0.0,0.0,0.0,0.0,0.0,0.0,0.0,0.006839048849999999
4342.0,1.3951662862762253,0.424850584,0.185235748,0.2058228641475207,0.4687451856632169,0.0,0.7205982364654878,0.0,0.0,0.0,0.0,0.0,0.0,0.0,0.0,0.0,0.0,0.006839048849999999
4343.0,1.381568876914598,0.295793536,0.19087716,0.14329996254834568,0.4830209652786218,0.0,0.7552479490876304,0.0,0.0,0.0,0.0,0.0,0.0,0.0,0.0,0.0,0.0,0.006839048849999999
4344.0,1.3498215629116903,0.172626404,0.200751962,0.08363048619174554,0.5080094782781618,0.0,0.758181598441783,0.0,0.0,0.0,0.0,0.0,0.0,0.0,0.0,0.0,0.0,0.006839048849999999
4345.0,1.3121110588288691,0.075979601,0.229025448,0.036809032830718263,0.5795564695447524,0.0,0.6957455564533985,0.0,0.0,0.0,0.0,0.0,0.0,0.0,0.0,0.0,0.0,0.006839048849999999
4346.0,1.277820488287064,0.020912952,0.271611486,0.010131476430828259,0.687321846932765,0.0,0.5803671649234706,0.0,0.0,0.0,0.0,0.0,0.0,0.0,0.0,0.0,0.0,0.006839048849999999
4347.0,1.2225942248233233,0.001906644,0.296691166,0.0009236916312905093,0.7507868065040355,0.0,0.4708837266879972,0.0,0.0,0.0,0.0,0.0,0.0,0.0,0.0,0.0,0.0,0.006839048849999999
4348.0,1.1459538764518895,9.8e-07,0.294739943,4.7477022384078986e-07,0.7458491721797724,0.0,0.40010422950189306,0.0,0.0,0.0,0.0,0.0,0.0,0.0,0.0,0.0,0.0,0.006839048849999999
4349.0,1.0678716826252743,0.0,0.274584298,0.0,0.6948446460032869,0.0,0.37302703662198744,0.0,0.0,0.0,0.0,0.0,0.0,0.0,0.0,0.0,0.0,0.006839048849999999
4350.0,1.000747963824192,0.0,0.250734698,0.0,0.6344924445481257,0.0,0.3662555192760663,0.0,0.0,0.0,0.0,0.0,0.0,0.0,0.0,0.0,0.0,0.006839048849999999
4351.0,0.9474486112989973,0.0,0.23044854,0.0,0.583157650909355,0.0,0.3642909603896423,0.0,0.0,0.0,0.0,0.0,0.0,0.0,0.0,0.0,0.0,0.006839048849999999
4352.0,0.9109418705946208,3.36e-06,0.214913846,1.627783624596994e-06,0.543846594043316,0.0,0.3670936487676802,0.0,0.0,0.0,0.0,0.0,0.0,0.0,0.0,0.0,0.0,0.006839048849999999
4353.0,0.8910007837968789,0.000404614,0.198766535,0.00019601906056032384,0.5029852896008458,0.0,0.3878194751354728,0.0,0.0,0.0,0.0,0.0,0.0,0.0,0.0,0.0,0.0,0.006839048849999999
4354.0,0.8937709972500362,0.00606635,0.185592223,0.002938900354486302,0.4696472574385811,0.0,0.42118483945696866,0.0,0.0,0.0,0.0,0.0,0.0,0.0,0.0,0.0,0.0,0.006839048849999999
4355.0,0.9177950896714889,0.037922784,0.166686981,0.01837204964116931,0.4218069174017431,0.0,0.4776161226285765,0.0,0.0,0.0,0.0,0.0,0.0,0.0,0.0,0.0,0.0,0.006839048849999999
4356.0,0.9544464594879157,0.124332708,0.133973442,0.060234150620297515,0.3390242251956151,0.0,0.5551880836720031,0.0,0.0,0.0,0.0,0.0,0.0,0.0,0.0,0.0,0.0,0.006839048849999999
4357.0,1.001958402700093,0.264582375,0.132224359,0.1281794218398753,0.33459811282568874,0.0,0.5391808680345288,0.0,0.0,0.0,0.0,0.0,0.0,0.0,0.0,0.0,0.0,0.006839048849999999
4358.0,1.064189189850208,0.421005277,0.154098371,0.20395996897902424,0.38995102351838845,0.0,0.4702781973527954,0.0,0.0,0.0,0.0,0.0,0.0,0.0,0.0,0.0,0.0,0.006839048849999999
4359.0,1.1309657977824448,0.565025509,0.153862256,0.2737319259017207,0.38935352670307133,0.0,0.46788034517765276,0.0,0.0,0.0,0.0,0.0,0.0,0.0,0.0,0.0,0.0,0.006839048849999999
4360.0,1.1924489612150697,0.683865122,0.149817449,0.33130489494780524,0.3791180088364721,0.0,0.4820260574307925,0.0,0.0,0.0,0.0,0.0,0.0,0.0,0.0,0.0,0.0,0.006839048849999999
4361.0,1.2449139125555444,0.759300936,0.155487016,0.3678504850482054,0.39346503561040264,0.0,0.4835983918969365,0.0,0.0,0.0,0.0,0.0,0.0,0.0,0.0,0.0,0.0,0.006839048849999999
4362.0,1.289577764177376,0.7823748,0.166816143,0.37902883563611556,0.4221337661138536,0.0,0.48841516242740685,0.0,0.0,0.0,0.0,0.0,0.0,0.0,0.0,0.0,0.0,0.006839048849999999
4363.0,1.325290154681919,0.754167435,0.179749813,0.3653635121718208,0.45486284573760305,0.0,0.5050637967724951,0.0,0.0,0.0,0.0,0.0,0.0,0.0,0.0,0.0,0.0,0.006839048849999999
4364.0,1.3484108681114295,0.680051557,0.192465531,0.329457377489967,0.48704039061814686,0.0,0.5319131000033156,0.0,0.0,0.0,0.0,0.0,0.0,0.0,0.0,0.0,0.0,0.006839048849999999
4365.0,1.3609402428766961,0.57080027,0.199278249,0.27652956322069727,0.5042801987991311,0.0,0.5801304808568677,0.0,0.0,0.0,0.0,0.0,0.0,0.0,0.0,0.0,0.0,0.006839048849999999
4366.0,1.3623398125144799,0.44317238,0.201430963,0.2146990306659751,0.5097277127617698,0.0,0.6379130690867351,0.0,0.0,0.0,0.0,0.0,0.0,0.0,0.0,0.0,0.0,0.006839048849999999
4367.0,1.3469044945140474,0.303028347,0.204300635,0.1468049348319332,0.5169895126516729,0.0,0.6831100470304414,0.0,0.0,0.0,0.0,0.0,0.0,0.0,0.0,0.0,0.0,0.006839048849999999
4368.0,1.3148745967845705,0.173118365,0.222602414,0.08386882132857303,0.5633027696117828,0.0,0.6677030058442147,0.0,0.0,0.0,0.0,0.0,0.0,0.0,0.0,0.0,0.0,0.006839048849999999
4369.0,1.2727406507067245,0.075046658,0.25712808,0.03635705981343185,0.6506711091145672,0.0,0.5857124817787254,0.0,0.0,0.0,0.0,0.0,0.0,0.0,0.0,0.0,0.0,0.006839048849999999
4370.0,1.235145849913544,0.020492426,0.279036336,0.00992774865210288,0.7061106753816426,0.0,0.5191074258797986,0.0,0.0,0.0,0.0,0.0,0.0,0.0,0.0,0.0,0.0,0.006839048849999999
4371.0,1.1827988286950695,0.001883801,0.267499546,0.00091262512494031,0.6769164467897212,0.0,0.504969756780408,0.0,0.0,0.0,0.0,0.0,0.0,0.0,0.0,0.0,0.0,0.006839048849999999
4372.0,1.1116610810775736,8.92e-07,0.243493963,4.321377955775353e-07,0.6161695251950366,0.0,0.4954911237447412,0.0,0.0,0.0,0.0,0.0,0.0,0.0,0.0,0.0,0.0,0.006839048849999999
4373.0,1.0387455022985281,0.0,0.225884662,0.0,0.5716086067126902,0.0,0.4671368955858379,0.0,0.0,0.0,0.0,0.0,0.0,0.0,0.0,0.0,0.0,0.006839048849999999
4374.0,0.9788243382756702,0.0,0.213465464,0.0,0.5401814154974273,0.0,0.4386429227782429,0.0,0.0,0.0,0.0,0.0,0.0,0.0,0.0,0.0,0.0,0.006839048849999999
4375.0,0.9275052996687447,0.0,0.204368657,0.0,0.5171616445720147,0.0,0.41034365509673004,0.0,0.0,0.0,0.0,0.0,0.0,0.0,0.0,0.0,0.0,0.006839048849999999
4376.0,0.8881704928664662,2.74e-06,0.193094649,1.327418789105882e-06,0.4886323945207309,0.0,0.3995367709269462,0.0,0.0,0.0,0.0,0.0,0.0,0.0,0.0,0.0,0.0,0.006839048849999999
4377.0,0.8615185912713959,0.000908625,0.174143088,0.00044019193330340585,0.4406748427227228,0.0,0.42040355661536966,0.0,0.0,0.0,0.0,0.0,0.0,0.0,0.0,0.0,0.0,0.006839048849999999
4378.0,0.8471980343496675,0.009455438,0.159034484,0.004580775934461949,0.40244202069156704,0.0,0.44017523772363853,0.0,0.0,0.0,0.0,0.0,0.0,0.0,0.0,0.0,0.0,0.006839048849999999
4379.0,0.8418712143626248,0.045102432,0.142368031,0.02185029769020817,0.36026701025118335,0.0,0.45975390642123326,0.0,0.0,0.0,0.0,0.0,0.0,0.0,0.0,0.0,0.0,0.006839048849999999
4380.0,0.8544584407727116,0.131169073,0.121827958,0.06354609198897848,0.30828967630848764,0.0,0.48262267247524543,0.0,0.0,0.0,0.0,0.0,0.0,0.0,0.0,0.0,0.0,0.006839048849999999
4381.0,0.8921578206929803,0.266745767,0.136242235,0.1292274974562992,0.3447654809062375,0.0,0.41816484233044365,0.0,0.0,0.0,0.0,0.0,0.0,0.0,0.0,0.0,0.0,0.006839048849999999
4382.0,0.9497738102536771,0.418138823,0.157643906,0.20257128835942287,0.39892311707913264,0.0,0.34827940481512165,0.0,0.0,0.0,0.0,0.0,0.0,0.0,0.0,0.0,0.0,0.006839048849999999
4383.0,1.0149528174562803,0.560417911,0.168231573,0.2714997316835284,0.4257155585340904,0.0,0.31773752723866144,0.0,0.0,0.0,0.0,0.0,0.0,0.0,0.0,0.0,0.0,0.006839048849999999
4384.0,1.076680739463023,0.672154034,0.172143765,0.3256313481404795,0.4356154897578958,0.0,0.3154339015646476,0.0,0.0,0.0,0.0,0.0,0.0,0.0,0.0,0.0,0.0,0.006839048849999999
4385.0,1.1263309747005827,0.742208935,0.177541824,0.3595701042924329,0.44927545655963863,0.0,0.3174854138485113,0.0,0.0,0.0,0.0,0.0,0.0,0.0,0.0,0.0,0.0,0.006839048849999999
4386.0,1.1619721635653182,0.762463092,0.184399494,0.3693824212848783,0.4666290172630892,0.0,0.3259607250173506,0.0,0.0,0.0,0.0,0.0,0.0,0.0,0.0,0.0,0.0,0.006839048849999999
4387.0,1.189916830838574,0.734751894,0.191169824,0.35595747059369826,0.48376156120839314,0.0,0.3501977990364826,0.0,0.0,0.0,0.0,0.0,0.0,0.0,0.0,0.0,0.0,0.006839048849999999
4388.0,1.2103652334446342,0.660943175,0.195023116,0.32020014198040037,0.4935124440345018,0.0,0.3966526474297321,0.0,0.0,0.0,0.0,0.0,0.0,0.0,0.0,0.0,0.0,0.006839048849999999
4389.0,1.2264013212179963,0.548202363,0.195479862,0.26558179448118363,0.49466825489111316,0.0,0.4661512718456996,0.0,0.0,0.0,0.0,0.0,0.0,0.0,0.0,0.0,0.0,0.006839048849999999
4390.0,1.2334725968791573,0.423986139,0.190242523,0.20540407563104313,0.4814149953640363,0.0,0.5466535258840778,0.0,0.0,0.0,0.0,0.0,0.0,0.0,0.0,0.0,0.0,0.006839048849999999
4391.0,1.2277341388809933,0.290409965,0.18537761,0.14069184090678158,0.4691041721452892,0.0,0.6179381258289224,0.0,0.0,0.0,0.0,0.0,0.0,0.0,0.0,0.0,0.0,0.006839048849999999
4392.0,1.2065091857351078,0.165092503,0.191961637,0.07998061694259824,0.48576527018845217,0.0,0.6407632986040576,0.0,0.0,0.0,0.0,0.0,0.0,0.0,0.0,0.0,0.0,0.006839048849999999
4393.0,1.179670378210665,0.072029606,0.209729765,0.034895420575289694,0.5307281056463671,0.0,0.6140468519890081,0.0,0.0,0.0,0.0,0.0,0.0,0.0,0.0,0.0,0.0,0.006839048849999999
4394.0,1.1572794878387114,0.019629616,0.229430347,0.009509752226764031,0.5805810798533946,0.0,0.5671886557585529,0.0,0.0,0.0,0.0,0.0,0.0,0.0,0.0,0.0,0.0,0.006839048849999999
4395.0,1.1164894855862644,0.001638064,0.22957446,0.0007935755223934079,0.5809457625654025,0.0,0.5347501474984685,0.0,0.0,0.0,0.0,0.0,0.0,0.0,0.0,0.0,0.0,0.006839048849999999
4396.0,1.057789885601784,6.06e-07,0.213903351,2.9358240372195783e-07,0.541289503030912,0.0,0.5165000889884684,0.0,0.0,0.0,0.0,0.0,0.0,0.0,0.0,0.0,0.0,0.006839048849999999
4397.0,0.9967094598503141,0.0,0.195327578,0.0,0.4942828951934077,0.0,0.5024265646569064,0.0,0.0,0.0,0.0,0.0,0.0,0.0,0.0,0.0,0.0,0.006839048849999999
4398.0,0.9433633808427759,0.0,0.179538551,0.0,0.4543282402606214,0.0,0.48903514058215447,0.0,0.0,0.0,0.0,0.0,0.0,0.0,0.0,0.0,0.0,0.006839048849999999
4399.0,0.9008022219263104,0.0,0.168447893,0.0,0.42626296344732917,0.0,0.47453925847898126,0.0,0.0,0.0,0.0,0.0,0.0,0.0,0.0,0.0,0.0,0.006839048849999999
4400.0,0.866351446445032,3.94e-06,0.156238567,1.9087700836048085e-06,0.39536686026808354,0.0,0.4709826774068648,0.0,0.0,0.0,0.0,0.0,0.0,0.0,0.0,0.0,0.0,0.006839048849999999
4401.0,0.8417154590881728,0.001037856,0.14466585,0.0005027991075862314,0.36608171721463334,0.0,0.4751309427659533,0.0,0.0,0.0,0.0,0.0,0.0,0.0,0.0,0.0,0.0,0.006839048849999999
4402.0,0.8287566456518514,0.010343602,0.131868359,0.005011055343734736,0.33369724305353154,0.0,0.490048347254585,0.0,0.0,0.0,0.0,0.0,0.0,0.0,0.0,0.0,0.0,0.006839048849999999
4403.0,0.8210712502227733,0.043594158,0.116377598,0.02111960015490894,0.2944973600967628,0.0,0.5054542899711015,0.0,0.0,0.0,0.0,0.0,0.0,0.0,0.0,0.0,0.0,0.006839048849999999
4404.0,0.8273437250191557,0.125103121,0.094826611,0.060607384449338185,0.23996187484830758,0.0,0.5267744657215099,0.0,0.0,0.0,0.0,0.0,0.0,0.0,0.0,0.0,0.0,0.006839048849999999
4405.0,0.8605573606346335,0.256526501,0.089076855,0.12427667785802511,0.22541192715819866,0.0,0.5108687556184097,0.0,0.0,0.0,0.0,0.0,0.0,0.0,0.0,0.0,0.0,0.006839048849999999
4406.0,0.9159460548702822,0.403465826,0.10242267,0.19546281685931552,0.25918395333319993,0.0,0.4612992846777667,0.0,0.0,0.0,0.0,0.0,0.0,0.0,0.0,0.0,0.0,0.006839048849999999
4407.0,0.977916509618707,0.540648482,0.107330912,0.26192224573298295,0.2716044220192443,0.0,0.44438984186647984,0.0,0.0,0.0,0.0,0.0,0.0,0.0,0.0,0.0,0.0,0.006839048849999999
4408.0,1.0348783284265999,0.651110737,0.104324938,0.31543672484758334,0.2639977054111261,0.0,0.4554438981678905,0.0,0.0,0.0,0.0,0.0,0.0,0.0,0.0,0.0,0.0,0.006839048849999999
4409.0,1.0874456330617273,0.722492196,0.102768749,0.35001814450831004,0.26005971768679087,0.0,0.47736777086662635,0.0,0.0,0.0,0.0,0.0,0.0,0.0,0.0,0.0,0.0,0.006839048849999999
4410.0,1.1500079562531902,0.74263015,0.102676143,0.35977416586369326,0.25982537514150883,0.0,0.5304084152479881,0.0,0.0,0.0,0.0,0.0,0.0,0.0,0.0,0.0,0.0,0.006839048849999999
4411.0,1.1594978838337175,0.719623706,0.105102045,0.3486284775293457,0.26596420037188917,0.0,0.5449052059324827,0.0,0.0,0.0,0.0,0.0,0.0,0.0,0.0,0.0,0.0,0.006839048849999999
4412.0,1.182284837389295,0.652045933,0.108030194,0.3158897893519252,0.27337397824400145,0.0,0.5930210697933683,0.0,0.0,0.0,0.0,0.0,0.0,0.0,0.0,0.0,0.0,0.006839048849999999
4413.0,1.1979582374664641,0.549257598,0.110988039,0.26609301300889243,0.2808589028260968,0.0,0.6510063216314749,0.0,0.0,0.0,0.0,0.0,0.0,0.0,0.0,0.0,0.0,0.006839048849999999
4414.0,1.207252359787577,0.427206223,0.114535538,0.20696407563253919,0.2898359663537863,0.0,0.7104523178012517,0.0,0.0,0.0,0.0,0.0,0.0,0.0,0.0,0.0,0.0,0.006839048849999999
4415.0,1.2036944706321178,0.292507772,0.120918058,0.141708143252664,0.30598714427004453,0.0,0.7559991831094091,0.0,0.0,0.0,0.0,0.0,0.0,0.0,0.0,0.0,0.0,0.006839048849999999
4416.0,1.1848214184307366,0.165975983,0.133760543,0.08040862714398483,0.3384854772360015,0.0,0.7659273140507502,0.0,0.0,0.0,0.0,0.0,0.0,0.0,0.0,0.0,0.0,0.006839048849999999
4417.0,1.1608551776541038,0.071354794,0.156947513,0.034568501550503526,0.3971608715644085,0.0,0.7291258045391918,0.0,0.0,0.0,0.0,0.0,0.0,0.0,0.0,0.0,0.0,0.006839048849999999
4418.0,1.1386489683790124,0.020066351,0.192593638,0.009721332608099856,0.48736456961787084,0.0,0.6415630661530417,0.0,0.0,0.0,0.0,0.0,0.0,0.0,0.0,0.0,0.0,0.006839048849999999
4419.0,1.1028787262296493,0.001805655,0.220728404,0.0008747665597237157,0.5585605253372882,0.0,0.5434434343326375,0.0,0.0,0.0,0.0,0.0,0.0,0.0,0.0,0.0,0.0,0.006839048849999999
4420.0,1.0502847206046224,6.38e-07,0.228574104,3.0908510490859583e-07,0.5784143286277734,0.0,0.47187008289174415,0.0,0.0,0.0,0.0,0.0,0.0,0.0,0.0,0.0,0.0,0.006839048849999999
4421.0,0.9897761378037471,0.0,0.225375801,0.0,0.5703209171252474,0.0,0.4194552206784998,0.0,0.0,0.0,0.0,0.0,0.0,0.0,0.0,0.0,0.0,0.006839048849999999
4422.0,0.9367994209899331,0.0,0.216080589,0.0,0.5467990757865067,0.0,0.39000034520342647,0.0,0.0,0.0,0.0,0.0,0.0,0.0,0.0,0.0,0.0,0.006839048849999999
4423.0,0.8798309266845842,0.0,0.202584584,0.0,0.5126469888500439,0.0,0.3671839378345403,0.0,0.0,0.0,0.0,0.0,0.0,0.0,0.0,0.0,0.0,0.006839048849999999
4424.0,0.8485397523426309,3.42e-06,0.192471418,1.6568511893219401e-06,0.4870552878663173,0.0,0.3614828076251242,0.0,0.0,0.0,0.0,0.0,0.0,0.0,0.0,0.0,0.0,0.006839048849999999
4425.0,0.88273686991975,0.000658073,0.178385767,0.00031880965868732666,0.45141108222852505,0.0,0.4310069780325376,0.0,0.0,0.0,0.0,0.0,0.0,0.0,0.0,0.0,0.0,0.006839048849999999
4426.0,0.7513019215881407,0.007623394,0.163761357,0.0036932249753127903,0.4144035291256271,0.0,0.33320516748720086,0.0,0.0,0.0,0.0,0.0,0.0,0.0,0.0,0.0,0.0,0.006839048849999999
4427.0,0.8570306231340195,0.042400825,0.14409072,0.020541478751310367,0.36462633173131676,0.0,0.47186281265139224,0.0,0.0,0.0,0.0,0.0,0.0,0.0,0.0,0.0,0.0,0.006839048849999999
4428.0,0.7524500581542756,0.128376869,0.113971634,0.06219338248072425,0.28840898863468944,0.0,0.4018476870388618,0.0,0.0,0.0,0.0,0.0,0.0,0.0,0.0,0.0,0.0,0.006839048849999999
4429.0,0.8369271065642939,0.261816305,0.104416999,0.12683937319389646,0.264230668815886,0.0,0.4458570645545114,0.0,0.0,0.0,0.0,0.0,0.0,0.0,0.0,0.0,0.0,0.006839048849999999
4430.0,0.9460979929760671,0.407527024,0.119177893,0.19743030245474588,0.3015835991940173,0.0,0.44708409132730403,0.0,0.0,0.0,0.0,0.0,0.0,0.0,0.0,0.0,0.0,0.006839048849999999
4431.0,0.9057797052120722,0.537247777,0.12632761,0.2602747421880171,0.3196761944883363,0.0,0.32582876853571874,0.0,0.0,0.0,0.0,0.0,0.0,0.0,0.0,0.0,0.0,0.006839048849999999
4432.0,1.0691733496333506,0.644157326,0.126394175,0.31206807944255577,0.31984463942199814,0.0,0.4372606307687966,0.0,0.0,0.0,0.0,0.0,0.0,0.0,0.0,0.0,0.0,0.006839048849999999
4433.0,1.0120223990636503,0.712066534,0.129781234,0.34496733442521976,0.3284157042242806,0.0,0.33863936041414977,0.0,0.0,0.0,0.0,0.0,0.0,0.0,0.0,0.0,0.0,0.006839048849999999
4434.0,1.1054642585859447,0.732237993,0.136937554,0.35473958759320484,0.3465250086284467,0.0,0.40419966236429306,0.0,0.0,0.0,0.0,0.0,0.0,0.0,0.0,0.0,0.0,0.006839048849999999
4435.0,1.1342967290237198,0.706029872,0.144725306,0.3420428167017594,0.3662321725887158,0.0,0.42602173973324453,0.0,0.0,0.0,0.0,0.0,0.0,0.0,0.0,0.0,0.0,0.006839048849999999
4436.0,1.156089075455179,0.638883508,0.152566952,0.309513128674846,0.386075717098144,0.0,0.460500229682189,0.0,0.0,0.0,0.0,0.0,0.0,0.0,0.0,0.0,0.0,0.006839048849999999
4437.0,1.2394802886089036,0.53614998,0.159667774,0.25974290409881123,0.40404458197811016,0.0,0.5756928025319822,0.0,0.0,0.0,0.0,0.0,0.0,0.0,0.0,0.0,0.0,0.006839048849999999
4438.0,1.1099878280431872,0.414669114,0.166718124,0.20089035517718573,0.4218857257930753,0.0,0.48721174707292614,0.0,0.0,0.0,0.0,0.0,0.0,0.0,0.0,0.0,0.0,0.006839048849999999
4439.0,1.2358623229761136,0.281955708,0.174462947,0.13659609653096777,0.4414842564992744,0.0,0.6577819699458716,0.0,0.0,0.0,0.0,0.0,0.0,0.0,0.0,0.0,0.0,0.006839048849999999
4440.0,1.0641647146927438,0.157506662,0.193134254,0.07630558487158737,0.48873261628288334,0.0,0.49912651353827303,0.0,0.0,0.0,0.0,0.0,0.0,0.0,0.0,0.0,0.0,0.006839048849999999
4441.0,1.10084278549907,0.066217015,0.237771794,0.032079456156754026,0.6016893873206707,0.0,0.46707394202164537,0.0,0.0,0.0,0.0,0.0,0.0,0.0,0.0,0.0,0.0,0.006839048849999999
4442.0,1.1446522104437378,0.017276704,0.291248179,0.008369861862562318,0.73701314791262,0.0,0.39926920066855554,0.0,0.0,0.0,0.0,0.0,0.0,0.0,0.0,0.0,0.0,0.006839048849999999
4443.0,0.9641522198201505,0.001504785,0.318858706,0.0007290072564104725,0.8068824995070771,0.0,0.15654071305666284,0.0,0.0,0.0,0.0,0.0,0.0,0.0,0.0,0.0,0.0,0.006839048849999999
4444.0,1.0691777992983718,5e-07,0.322507891,2.4222970604121933e-07,0.8161168828203047,0.0,0.253060674248361,0.0,0.0,0.0,0.0,0.0,0.0,0.0,0.0,0.0,0.0,0.006839048849999999
4445.0,0.8774144995977284,0.0,0.312279298,0.0,0.7902330899961545,0.0,0.08718140960157385,0.0,0.0,0.0,0.0,0.0,0.0,0.0,0.0,0.0,0.0,0.006839048849999999
4446.0,0.9632154653407773,0.0,0.296546724,0.0,0.750421291246648,0.0,0.21279417409412926,0.0,0.0,0.0,0.0,0.0,0.0,0.0,0.0,0.0,0.0,0.006839048849999999
4447.0,0.7918783179212404,0.0,0.286143393,0.0,0.7240953181352868,0.0,0.0677829997859535,0.0,0.0,0.0,0.0,0.0,0.0,0.0,0.0,0.0,0.0,0.006839048849999999
4448.0,0.8290948561907304,2.76e-06,0.274055433,1.3371079773475307e-06,0.6935063356323548,0.0,0.13558718345039844,0.0,0.0,0.0,0.0,0.0,0.0,0.0,0.0,0.0,0.0,0.006839048849999999
4449.0,0.809885817283056,0.00081908,0.25738207,0.0003968110152484839,0.6513138392084722,0.0,0.15817516705933532,0.0,0.0,0.0,0.0,0.0,0.0,0.0,0.0,0.0,0.0,0.006839048849999999
4450.0,0.8515702991974036,0.009114715,0.235614588,0.004415709470198985,0.5962305062034914,0.0,0.25092408352371326,0.0,0.0,0.0,0.0,0.0,0.0,0.0,0.0,0.0,0.0,0.006839048849999999
4451.0,0.7340531701063676,0.044909005,0.210197266,0.0217565901595073,0.5319111323861233,0.0,0.18038544756073693,0.0,0.0,0.0,0.0,0.0,0.0,0.0,0.0,0.0,0.0,0.006839048849999999
4452.0,0.8432440830105089,0.129359075,0.180052746,0.06266922142202809,0.45562942771144815,0.0,0.3249454338770327,0.0,0.0,0.0,0.0,0.0,0.0,0.0,0.0,0.0,0.0,0.006839048849999999
4453.0,0.7785367912962826,0.259905158,0.202215517,0.12591350004187335,0.5117130526022892,0.0,0.14091023865212013,0.0,0.0,0.0,0.0,0.0,0.0,0.0,0.0,0.0,0.0,0.006839048849999999
4454.0,0.8886711341772533,0.404856957,0.23999419,0.19613676336570518,0.6073132338885437,0.0,0.0852211369230044,0.0,0.0,0.0,0.0,0.0,0.0,0.0,0.0,0.0,0.0,0.006839048849999999
4455.0,1.0065865502844988,0.533818619,0.247001358,0.25861345431939936,0.6250451042245727,0.0,0.12292799174052661,0.0,0.0,0.0,0.0,0.0,0.0,0.0,0.0,0.0,0.0,0.006839048849999999
4456.0,0.9706383015358049,0.634827477,0.252983542,0.3075481462811978,0.6401832186545775,0.0,0.022906936600029664,0.0,0.0,0.0,0.0,0.0,0.0,0.0,0.0,0.0,0.0,0.006839048849999999
4457.0,1.1358565036009765,0.695530512,0.268170576,0.33695630292891754,0.6786145103942453,0.0,0.12028569027781384,0.0,0.0,0.0,0.0,0.0,0.0,0.0,0.0,0.0,0.0,0.006839048849999999
4458.0,1.0809217241937716,0.703666761,0.285919439,0.3408979853360139,0.723528595132608,0.0,0.01649514372514966,0.0,0.0,0.0,0.0,0.0,0.0,0.0,0.0,0.0,0.0,0.006839048849999999
4459.0,1.2346452096026814,0.671461675,0.301893201,0.3252959283063895,0.7639507280916848,0.0,0.14539855320460718,0.0,0.0,0.0,0.0,0.0,0.0,0.0,0.0,0.0,0.0,0.006839048849999999
4460.0,1.148461531670921,0.598052376,0.313129943,0.2897321024714656,0.7923856752976619,0.0,0.0663437539017937,0.0,0.0,0.0,0.0,0.0,0.0,0.0,0.0,0.0,0.0,0.006839048849999999
4461.0,1.2297433776217481,0.493556637,0.317163248,0.2391081581904056,0.8025920869729145,0.0,0.18804313245842785,0.0,0.0,0.0,0.0,0.0,0.0,0.0,0.0,0.0,0.0,0.006839048849999999
4462.0,1.3034911337529285,0.378837112,0.319036649,0.18353120455452895,0.8073327901527709,0.0,0.31262713904562855,0.0,0.0,0.0,0.0,0.0,0.0,0.0,0.0,0.0,0.0,0.006839048849999999
4463.0,1.1718181023446579,0.256556206,0.321251501,0.12429106872486102,0.8129375463791799,0.0,0.23458948724061696,0.0,0.0,0.0,0.0,0.0,0.0,0.0,0.0,0.0,0.0,0.006839048849999999
4464.0,1.2804772232830914,0.144144299,0.333761706,0.06983206234857525,0.8445950338173492,0.0,0.3660501271171671,0.0,0.0,0.0,0.0,0.0,0.0,0.0,0.0,0.0,0.0,0.006839048849999999
4465.0,1.1210553308609044,0.062167047,0.363865304,0.030117411040521333,0.9207731840178216,0.0,0.17016473580256128,0.0,0.0,0.0,0.0,0.0,0.0,0.0,0.0,0.0,0.0,0.006839048849999999
4466.0,1.1709147233527155,0.017512933,0.385368309,0.00848430522501914,0.975187249228615,0.0,0.18724316889908155,0.0,0.0,0.0,0.0,0.0,0.0,0.0,0.0,0.0,0.0,0.006839048849999999
4467.0,1.1316333195301609,0.001409394,0.389384423,0.0006827941886325165,0.9853501585098982,0.0,0.14560036683163013,0.0,0.0,0.0,0.0,0.0,0.0,0.0,0.0,0.0,0.0,0.006839048849999999
4468.0,1.0653506774112553,3.58e-07,0.381149941,1.7343646952551303e-07,0.9645125295122253,0.0,0.10083797446256054,0.0,0.0,0.0,0.0,0.0,0.0,0.0,0.0,0.0,0.0,0.006839048849999999
4469.0,1.0661272269511555,0.0,0.371321573,0.0,0.9396415192851584,0.0,0.1264857076659972,0.0,0.0,0.0,0.0,0.0,0.0,0.0,0.0,0.0,0.0,0.006839048849999999
4470.0,0.8752561800800528,0.0,0.351978855,0.0,0.8752561800800527,0.0,0.0,0.0,0.0,0.0,0.0,0.0,0.0,0.0,0.015437951683873657,0.0,0.0,3.675e-09
4471.0,0.9659656523015664,0.0,0.334955541,0.0,0.8476160727624144,0.0,0.1183495795391521,0.0,0.0,0.0,0.0,0.0,0.0,0.0,0.0,0.0,0.0,0.006839048849999999
4472.0,0.8712933294108525,2.04e-06,0.316406067,9.88297200648175e-07,0.8006760154140616,0.0,0.07061632569959009,0.0,0.0,0.0,0.0,0.0,0.0,0.0,0.0,0.0,0.0,0.006839048849999999
4473.0,0.8038558752283559,0.000721315,0.29711563,0.00034944784082624426,0.7518609266921504,0.0,0.05164550069537915,0.0,0.0,0.0,0.0,0.0,0.0,0.0,0.0,0.0,0.0,0.006839048849999999
4474.0,0.8698759591131358,0.008196854,0.283019825,0.003971043069765585,0.716191026021587,0.0,0.1497138900217831,0.0,0.0,0.0,0.0,0.0,0.0,0.0,0.0,0.0,0.0,0.006839048849999999
4475.0,0.9496002553192168,0.042054128,0.263048164,0.02037351812651962,0.665652077441058,0.0,0.2635746597516392,0.0,0.0,0.0,0.0,0.0,0.0,0.0,0.0,0.0,0.0,0.006839048849999999
4476.0,0.8973133095781481,0.12466656,0.246823933,0.06039588836394006,0.6245961243950082,0.0,0.21232129681919995,0.0,0.0,0.0,0.0,0.0,0.0,0.0,0.0,0.0,0.0,0.006839048849999999
4477.0,1.0556627177389535,0.258033634,0.284307753,0.12500682262513516,0.7194501704146058,0.0,0.21120572469921253,0.0,0.0,0.0,0.0,0.0,0.0,0.0,0.0,0.0,0.0,0.006839048849999999
4478.0,1.0172379654260735,0.408036681,0.317895691,0.19767721058532958,0.8044455582047348,0.0,0.015115196636009033,0.0,0.0,0.0,0.0,0.0,0.0,0.0,0.0,0.0,0.0,0.006839048849999999
4479.0,1.1946651323775654,0.544962882,0.32177898,0.2640123974204714,0.81427234943128,0.0,0.11638038552581396,0.0,0.0,0.0,0.0,0.0,0.0,0.0,0.0,0.0,0.0,0.006839048849999999
4480.0,1.1496652950493655,0.649480546,0.320641136,0.3146469634741413,0.8113929975632174,0.0,0.023625334012006713,0.0,0.0,0.0,0.0,0.0,0.0,0.0,0.0,0.0,0.0,0.006839048849999999
4481.0,1.268177030264595,0.713068869,0.322369025,0.3454529250500295,0.8157654778153037,0.0,0.10695862739926172,0.0,0.0,0.0,0.0,0.0,0.0,0.0,0.0,0.0,0.0,0.006839048849999999
4482.0,1.3941360788321657,0.728617745,0.325228903,0.3529857243755322,0.8230024936643403,0.0,0.2181478607922932,0.0,0.0,0.0,0.0,0.0,0.0,0.0,0.0,0.0,0.0,0.006839048849999999
4483.0,1.2958858402936244,0.697012978,0.32632816,0.3376744975357097,0.8257841998529134,0.0,0.13242714290500135,0.0,0.0,0.0,0.0,0.0,0.0,0.0,0.0,0.0,0.0,0.006839048849999999
4484.0,1.4565559967441641,0.621759639,0.324929198,0.3012173091665293,0.8222440802512382,0.0,0.3330946073263966,0.0,0.0,0.0,0.0,0.0,0.0,0.0,0.0,0.0,0.0,0.006839048849999999
4485.0,1.3310708894974053,0.512429598,0.320737508,0.24825134178072036,0.8116368700960329,0.0,0.27118267762065196,0.0,0.0,0.0,0.0,0.0,0.0,0.0,0.0,0.0,0.0,0.006839048849999999
4486.0,1.4047919436387613,0.396866438,0.31365302,0.1922656812287316,0.7937093389431973,0.0,0.4188169234668323,0.0,0.0,0.0,0.0,0.0,0.0,0.0,0.0,0.0,0.0,0.006839048849999999
4487.0,1.3876677967765196,0.27115304,0.305750859,0.13136264234276598,0.7737126592251676,0.0,0.48259249520858605,0.0,0.0,0.0,0.0,0.0,0.0,0.0,0.0,0.0,0.0,0.006839048849999999
4488.0,1.3560139357382983,0.154732187,0.302803425,0.07496146434424995,0.7662540800228418,0.0,0.5147983913712065,0.0,0.0,0.0,0.0,0.0,0.0,0.0,0.0,0.0,0.0,0.006839048849999999
4489.0,1.3980499781865126,0.069560897,0.308843971,0.03369943126454707,0.7815398814237529,0.0,0.5828106654982125,0.0,0.0,0.0,0.0,0.0,0.0,0.0,0.0,0.0,0.0,0.006839048849999999
4490.0,1.2146106698402532,0.018820524,0.3198118,0.009117779992123428,0.8092943353908532,0.0,0.3961985544572765,0.0,0.0,0.0,0.0,0.0,0.0,0.0,0.0,0.0,0.0,0.006839048849999999
4491.0,1.3111342523646843,0.001417743,0.32303829,0.0006868389402639928,0.817459075028963,0.0,0.4929883383954574,0.0,0.0,0.0,0.0,0.0,0.0,0.0,0.0,0.0,0.0,0.006839048849999999
4492.0,1.0761734226547797,2.68e-07,0.314460392,1.2983512243809358e-07,0.7957524204872589,0.0,0.2804208723323983,0.0,0.0,0.0,0.0,0.0,0.0,0.0,0.0,0.0,0.0,0.006839048849999999
4493.0,1.0730293973428773,0.0,0.299765664,0.0,0.7585669253600956,0.0,0.3144624719827817,0.0,0.0,0.0,0.0,0.0,0.0,0.0,0.0,0.0,0.0,0.006839048849999999
4494.0,1.0825482517457397,0.0,0.284106344,0.0,0.7189404982799419,0.0,0.3636077534657977,0.0,0.0,0.0,0.0,0.0,0.0,0.0,0.0,0.0,0.0,0.006839048849999999
4495.0,0.8918707863014654,0.0,0.272441743,0.0,0.6894228397260848,0.0,0.20244794657538073,0.0,0.0,0.0,0.0,0.0,0.0,0.0,0.0,0.0,0.0,0.006839048849999999
4496.0,0.9285243819503273,1.77e-06,0.264516192,8.574931593859165e-07,0.669366970839598,0.0,0.25915655361756995,0.0,0.0,0.0,0.0,0.0,0.0,0.0,0.0,0.0,0.0,0.006839048849999999
4497.0,0.9683108777486146,0.000699715,0.252052603,0.00033898351752526353,0.6378274467309198,0.0,0.3301444475001696,0.0,0.0,0.0,0.0,0.0,0.0,0.0,0.0,0.0,0.0,0.006839048849999999
4498.0,0.8615519677587515,0.009335108,0.235364498,0.00452248093340607,0.5955976451885509,0.0,0.26143184163679456,0.0,0.0,0.0,0.0,0.0,0.0,0.0,0.0,0.0,0.0,0.006839048849999999
4499.0,0.9495001268570744,0.047576533,0.209116021,0.02304889920610074,0.5291750061591683,0.0,0.3972762214918054,0.0,0.0,0.0,0.0,0.0,0.0,0.0,0.0,0.0,0.0,0.006839048849999999
4500.0,0.9942819076009813,0.130643708,0.189320833,0.06329157396994978,0.4790826283407232,0.0,0.45190770529030827,0.0,0.0,0.0,0.0,0.0,0.0,0.0,0.0,0.0,0.0,0.006839048849999999
4501.0,1.044826621500517,0.258120164,0.213470426,0.12504874289806264,0.54019397200251,0.0,0.3795839065999445,0.0,0.0,0.0,0.0,0.0,0.0,0.0,0.0,0.0,0.0,0.006839048849999999
4502.0,1.1592331007670815,0.402765687,0.244698178,0.19512362793099952,0.6192168310733459,0.0,0.3448926417627361,0.0,0.0,0.0,0.0,0.0,0.0,0.0,0.0,0.0,0.0,0.006839048849999999
4503.0,1.114311140576145,0.537719692,0.256996369,0.26050336585147,0.6503378100736668,0.0,0.2034699646510083,0.0,0.0,0.0,0.0,0.0,0.0,0.0,0.0,0.0,0.0,0.006839048849999999
4504.0,1.2941725352744262,0.643263977,0.253734078,0.31163528811123137,0.6420824748211944,0.0,0.3404547723420004,0.0,0.0,0.0,0.0,0.0,0.0,0.0,0.0,0.0,0.0,0.006839048849999999
4505.0,1.2184667175497799,0.703515652,0.248585363,0.3408247791587135,0.6290534812567236,0.0,0.24858845713434277,0.0,0.0,0.0,0.0,0.0,0.0,0.0,0.0,0.0,0.0,0.006839048849999999
4506.0,1.3205618786353706,0.714016002,0.244376138,0.34591177254637334,0.6184018982041734,0.0,0.356248207884824,0.0,0.0,0.0,0.0,0.0,0.0,0.0,0.0,0.0,0.0,0.006839048849999999
4507.0,1.412877851916484,0.680179139,0.242235068,0.32951918579067935,0.6129838497685768,0.0,0.4703748163572278,0.0,0.0,0.0,0.0,0.0,0.0,0.0,0.0,0.0,0.0,0.006839048849999999
4508.0,1.2907214500785653,0.608018811,0.241555455,0.2945604357121234,0.6112640665987313,0.0,0.3848969477677107,0.0,0.0,0.0,0.0,0.0,0.0,0.0,0.0,0.0,0.0,0.006839048849999999
4509.0,1.4324384523579496,0.503929093,0.23738413,0.24413319212601653,0.600708390749453,0.0,0.5875968694824801,0.0,0.0,0.0,0.0,0.0,0.0,0.0,0.0,0.0,0.0,0.006839048849999999
4510.0,1.2907125497485985,0.385953601,0.227844012,0.18697885463156008,0.5765668066791957,0.0,0.5271668884378427,0.0,0.0,0.0,0.0,0.0,0.0,0.0,0.0,0.0,0.0,0.006839048849999999
4511.0,1.4149605181294818,0.259773521,0.216912976,0.12584972725824503,0.548905458615261,0.0,0.7402053322559756,0.0,0.0,0.0,0.0,0.0,0.0,0.0,0.0,0.0,0.0,0.006839048849999999
4512.0,1.2373864972334288,0.144508292,0.211622127,0.07000840218335738,0.535516790263723,0.0,0.6318613047863483,0.0,0.0,0.0,0.0,0.0,0.0,0.0,0.0,0.0,0.0,0.006839048849999999
4513.0,1.2828268983951605,0.061239714,0.216574523,0.02966815584053669,0.5480489921068455,0.0,0.7051097504477783,0.0,0.0,0.0,0.0,0.0,0.0,0.0,0.0,0.0,0.0,0.006839048849999999
4514.0,1.3355544069698362,0.015735237,0.229440241,0.007623083665997835,0.5806061169475679,0.0,0.7473252063562705,0.0,0.0,0.0,0.0,0.0,0.0,0.0,0.0,0.0,0.0,0.006839048849999999
4515.0,1.128531570035656,0.001208783,0.234630221,0.0005856063015152464,0.5937395329590841,0.0,0.5342064307750568,0.0,0.0,0.0,0.0,0.0,0.0,0.0,0.0,0.0,0.0,0.006839048849999999
4516.0,1.2020657192475641,2.16e-07,0.226705867,1.0464323300980675e-07,0.5736866931206797,0.0,0.6283789214836516,0.0,0.0,0.0,0.0,0.0,0.0,0.0,0.0,0.0,0.0,0.006839048849999999
4517.0,0.9817347311758569,0.0,0.216454025,0.0,0.5477440679332348,0.0,0.4339906632426219,0.0,0.0,0.0,0.0,0.0,0.0,0.0,0.0,0.0,0.0,0.006839048849999999
4518.0,0.9988655535355546,0.0,0.203859717,0.0,0.5158737550724596,0.0,0.48299179846309503,0.0,0.0,0.0,0.0,0.0,0.0,0.0,0.0,0.0,0.0,0.006839048849999999
4519.0,0.953678810277982,0.0,0.190905719,0.0,0.48309323477250676,0.0,0.47058557550547514,0.0,0.0,0.0,0.0,0.0,0.0,0.0,0.0,0.0,0.0,0.006839048849999999
4520.0,0.9797566430900224,1.08e-06,0.179711839,5.232161650490338e-07,0.45476675127488425,0.0,0.5249893685989732,0.0,0.0,0.0,0.0,0.0,0.0,0.0,0.0,0.0,0.0,0.006839048849999999
4521.0,0.8423763053384328,0.000493728,0.166831478,0.00023919117660863828,0.4221725718384492,0.0,0.4199645423233749,0.0,0.0,0.0,0.0,0.0,0.0,0.0,0.0,0.0,0.0,0.006839048849999999
4522.0,0.9637339063115727,0.006994181,0.153946549,0.003388396815258163,0.3895668329269602,0.0,0.5707786765693543,0.0,0.0,0.0,0.0,0.0,0.0,0.0,0.0,0.0,0.0,0.006839048849999999
4523.0,0.8863147835677281,0.040026657,0.13874411,0.019391290717845427,0.35109655832538206,0.0,0.5158269345245005,0.0,0.0,0.0,0.0,0.0,0.0,0.0,0.0,0.0,0.0,0.006839048849999999
4524.0,1.0306551443557845,0.12044431,0.114245466,0.05835037961127498,0.2891019295657269,0.0,0.6832028351787827,0.0,0.0,0.0,0.0,0.0,0.0,0.0,0.0,0.0,0.0,0.006839048849999999
4525.0,0.9735931960858244,0.250221474,0.125112043,0.12122214818444121,0.3166001619986406,0.0,0.5357708859027426,0.0,0.0,0.0,0.0,0.0,0.0,0.0,0.0,0.0,0.0,0.006839048849999999
4526.0,1.0786321265589578,0.39832772,0.152998805,0.19297361304733823,0.38716853539509716,0.0,0.49848997811652235,0.0,0.0,0.0,0.0,0.0,0.0,0.0,0.0,0.0,0.0,0.006839048849999999
4527.0,1.1945561035854568,0.534755624,0.164402711,0.2590673952108176,0.4160264966308295,0.0,0.5194622117438096,0.0,0.0,0.0,0.0,0.0,0.0,0.0,0.0,0.0,0.0,0.006839048849999999
4528.0,1.1393565411116158,0.641362169,0.170811344,0.31071393932565766,0.4322437543570888,0.0,0.3963988474288692,0.0,0.0,0.0,0.0,0.0,0.0,0.0,0.0,0.0,0.0,0.006839048849999999
4529.0,1.3061612187439433,0.708935715,0.181225146,0.34345057969314324,0.4585962246802036,0.0,0.5041144143705965,0.0,0.0,0.0,0.0,0.0,0.0,0.0,0.0,0.0,0.0,0.006839048849999999
4530.0,1.2217442478111802,0.728526696,0.193717294,0.3529416148305215,0.4902080182827667,0.0,0.37859461469789196,0.0,0.0,0.0,0.0,0.0,0.0,0.0,0.0,0.0,0.0,0.006839048849999999
4531.0,1.3130633891356651,0.701030866,0.205438412,0.3396210011940028,0.51986869497402,0.0,0.4535736929676423,0.0,0.0,0.0,0.0,0.0,0.0,0.0,0.0,0.0,0.0,0.006839048849999999
4532.0,1.3287434647102903,0.629909852,0.21274792,0.30516575656485595,0.5383656466777849,0.0,0.4852120614676494,0.0,0.0,0.0,0.0,0.0,0.0,0.0,0.0,0.0,0.0,0.006839048849999999
4533.0,1.3327752931867123,0.524462633,0.211431991,0.25408085884238774,0.535035644828333,0.0,0.5436587895159917,0.0,0.0,0.0,0.0,0.0,0.0,0.0,0.0,0.0,0.0,0.006839048849999999
4534.0,1.3975115117232735,0.404492805,0.202649643,0.1959603465018765,0.5128116228009055,0.0,0.6887395424204914,0.0,0.0,0.0,0.0,0.0,0.0,0.0,0.0,0.0,0.0,0.006839048849999999
4535.0,1.246869750316425,0.275577202,0.194050776,0.13350596926424346,0.49105190551130173,0.0,0.6223118755408799,0.0,0.0,0.0,0.0,0.0,0.0,0.0,0.0,0.0,0.0,0.006839048849999999
4536.0,1.3619660006557348,0.154771429,0.193942113,0.07498047550049888,0.4907769301965492,0.0,0.7962085949586869,0.0,0.0,0.0,0.0,0.0,0.0,0.0,0.0,0.0,0.0,0.006839048849999999
4537.0,1.1938863580051549,0.065987236,0.203775108,0.03196813755750513,0.5156596492001213,0.0,0.6462585712475283,0.0,0.0,0.0,0.0,0.0,0.0,0.0,0.0,0.0,0.0,0.006839048849999999
4538.0,1.2435966707199702,0.016758235,0.212536437,0.008118684675639346,0.5378304819529953,0.0,0.6976475040913355,0.0,0.0,0.0,0.0,0.0,0.0,0.0,0.0,0.0,0.0,0.006839048849999999
4539.0,1.2645790901242486,0.001230338,0.217942757,0.0005960488241426835,0.5515113534884116,0.0,0.7124716878116943,0.0,0.0,0.0,0.0,0.0,0.0,0.0,0.0,0.0,0.0,0.006839048849999999
4540.0,1.0454852429182664,1.59e-07,0.219234959,7.702904652110775e-08,0.5547813133797626,0.0,0.49070385250945725,0.0,0.0,0.0,0.0,0.0,0.0,0.0,0.0,0.0,0.0,0.006839048849999999
4541.0,1.1186967564187935,0.0,0.220876279,0.0,0.5589347279146977,0.0,0.5597620285040958,0.0,0.0,0.0,0.0,0.0,0.0,0.0,0.0,0.0,0.0,0.006839048849999999
4542.0,0.9192747612790468,0.0,0.218286793,0.0,0.5523819479629449,0.0,0.3668928133161019,0.0,0.0,0.0,0.0,0.0,0.0,0.0,0.0,0.0,0.0,0.006839048849999999
4543.0,1.0110878694167873,0.0,0.212756407,0.0,0.5383871233119318,0.0,0.4727007461048555,0.0,0.0,0.0,0.0,0.0,0.0,0.0,0.0,0.0,0.0,0.006839048849999999
4544.0,0.9060956654259972,1.97e-06,0.207741916,9.543850418024042e-07,0.5256977880179607,0.0,0.3803969230229947,0.0,0.0,0.0,0.0,0.0,0.0,0.0,0.0,0.0,0.0,0.006839048849999999
4545.0,0.8356877418659833,0.000575484,0.196988468,0.00027879864030285015,0.4984858322604806,0.0,0.33692311096519983,0.0,0.0,0.0,0.0,0.0,0.0,0.0,0.0,0.0,0.0,0.006839048849999999
4546.0,0.9034389304299697,0.007428898,0.183885488,0.003598999557500404,0.46532830808301234,0.0,0.43451162278945704,0.0,0.0,0.0,0.0,0.0,0.0,0.0,0.0,0.0,0.0,0.006839048849999999
4547.0,0.9871216286401546,0.044775771,0.167695268,0.021692043694197905,0.42435842099713333,0.0,0.5410711639488234,0.0,0.0,0.0,0.0,0.0,0.0,0.0,0.0,0.0,0.0,0.006839048849999999
4548.0,0.9239563108432519,0.137858427,0.141322015,0.0667868124950298,0.35762003217367583,0.0,0.4995494661745463,0.0,0.0,0.0,0.0,0.0,0.0,0.0,0.0,0.0,0.0,0.006839048849999999
4549.0,1.0752188675154735,0.283792384,0.156994338,0.13748589150611368,0.3972793637753109,0.0,0.540453612234049,0.0,0.0,0.0,0.0,0.0,0.0,0.0,0.0,0.0,0.0,0.006839048849999999
4550.0,1.0285257506605188,0.445444076,0.194976809,0.21579957517456513,0.4933952626397285,0.0,0.3193309128462251,0.0,0.0,0.0,0.0,0.0,0.0,0.0,0.0,0.0,0.0,0.006839048849999999
4551.0,1.1425317170784384,0.591598887,0.221775183,0.286605648984645,0.5612094342115264,0.0,0.2947166338822671,0.0,0.0,0.0,0.0,0.0,0.0,0.0,0.0,0.0,0.0,0.006839048849999999
4552.0,1.2019010636431455,0.702747174,0.223430723,0.3404524827586352,0.5653988329266862,0.0,0.29604974795782396,0.0,0.0,0.0,0.0,0.0,0.0,0.0,0.0,0.0,0.0,0.006839048849999999
4553.0,1.2522321706234087,0.768969348,0.221826251,0.37253443824149624,0.5613386634742357,0.0,0.31835906890767673,0.0,0.0,0.0,0.0,0.0,0.0,0.0,0.0,0.0,0.0,0.006839048849999999
4554.0,1.3604084509109886,0.783032116,0.222483959,0.3793472785590279,0.5630030153172298,0.0,0.4180581570347308,0.0,0.0,0.0,0.0,0.0,0.0,0.0,0.0,0.0,0.0,0.006839048849999999
4555.0,1.2652621876993873,0.748519882,0.224139641,0.36262750196573634,0.5671927733680854,0.0,0.33544191236556553,0.0,0.0,0.0,0.0,0.0,0.0,0.0,0.0,0.0,0.0,0.006839048849999999
4556.0,1.4183048003656689,0.669042082,0.223810042,0.3241237337041307,0.5663587121994528,0.0,0.5278223544620855,0.0,0.0,0.0,0.0,0.0,0.0,0.0,0.0,0.0,0.0,0.006839048849999999
4557.0,1.3015397456570688,0.553819107,0.222211075,0.2683028789772412,0.5623124733315408,0.0,0.47092439334828684,0.0,0.0,0.0,0.0,0.0,0.0,0.0,0.0,0.0,0.0,0.006839048849999999
4558.0,1.369671422577181,0.424712077,0.220275428,0.20575576312773142,0.5574142545903427,0.0,0.6065014048591071,0.0,0.0,0.0,0.0,0.0,0.0,0.0,0.0,0.0,0.0,0.006839048849999999
4559.0,1.421493327327404,0.285018291,0.218776451,0.13807979369060142,0.5536210437238857,0.0,0.7297924899129171,0.0,0.0,0.0,0.0,0.0,0.0,0.0,0.0,0.0,0.0,0.006839048849999999
4560.0,1.2567023391007768,0.1542767,0.222935852,0.07474079938001875,0.5641465454968629,0.0,0.6178149942238952,0.0,0.0,0.0,0.0,0.0,0.0,0.0,0.0,0.0,0.0,0.006839048849999999
4561.0,1.3576983149350865,0.061461582,0.240618494,0.029775641881376595,0.6088930558049389,0.0,0.7190296172487708,0.0,0.0,0.0,0.0,0.0,0.0,0.0,0.0,0.0,0.0,0.006839048849999999
4562.0,1.1917458391474123,0.014237332,0.267944078,0.00689740949034249,0.6780413497154417,0.0,0.5068070799416281,0.0,0.0,0.0,0.0,0.0,0.0,0.0,0.0,0.0,0.0,0.006839048849999999
4563.0,1.272978733783386,0.000907612,0.286990738,0.0004397011759189664,0.7262395526776702,0.0,0.5462994799297969,0.0,0.0,0.0,0.0,0.0,0.0,0.0,0.0,0.0,0.0,0.006839048849999999
4564.0,1.0612609962900885,1.08e-07,0.287954326,5.2321616504903377e-08,0.7286779439754602,0.0,0.33258299999301183,0.0,0.0,0.0,0.0,0.0,0.0,0.0,0.0,0.0,0.0,0.006839048849999999
4565.0,1.053321942956851,0.0,0.277373818,0.0,0.7019036186067352,0.0,0.3514183243501157,0.0,0.0,0.0,0.0,0.0,0.0,0.0,0.0,0.0,0.0,0.006839048849999999
4566.0,1.0662829822256077,0.0,0.260618619,0.0,0.6595040334787116,0.0,0.40677894874689613,0.0,0.0,0.0,0.0,0.0,0.0,0.0,0.0,0.0,0.0,0.006839048849999999
4567.0,0.8831996840782357,0.0,0.240717506,0.0,0.6091436089450537,0.0,0.27405607513318203,0.0,0.0,0.0,0.0,0.0,0.0,0.0,0.0,0.0,0.0,0.006839048849999999
4568.0,0.9147178163343733,1.25e-06,0.221642488,6.055742651030484e-07,0.5608736451260872,0.0,0.353843565634021,0.0,0.0,0.0,0.0,0.0,0.0,0.0,0.0,0.0,0.0,0.006839048849999999
4569.0,0.9510265259469001,0.000682992,0.199698941,0.00033088190277700896,0.505344773816514,0.0,0.44535087022760905,0.0,0.0,0.0,0.0,0.0,0.0,0.0,0.0,0.0,0.0,0.006839048849999999
4570.0,0.8452421965887869,0.00967245,0.181211436,0.0046859094403967835,0.45856153107184333,0.0,0.3819947560765468,0.0,0.0,0.0,0.0,0.0,0.0,0.0,0.0,0.0,0.0,0.006839048849999999
4571.0,0.9257764188221239,0.052234557,0.161650522,0.025305522774606633,0.40906199135733734,0.0,0.4914089046901799,0.0,0.0,0.0,0.0,0.0,0.0,0.0,0.0,0.0,0.0,0.006839048849999999
4572.0,1.017489398497722,0.148991407,0.130348568,0.07218028944055532,0.32985136167180024,0.0,0.6154577473853664,0.0,0.0,0.0,0.0,0.0,0.0,0.0,0.0,0.0,0.0,0.006839048849999999
4573.0,0.9654716874881601,0.293232758,0.132799737,0.142059369543992,0.33605412588120603,0.0,0.48735819206296216,0.0,0.0,0.0,0.0,0.0,0.0,0.0,0.0,0.0,0.0,0.006839048849999999
4574.0,1.1340274952921379,0.451682629,0.176840353,0.21882190089319026,0.44750036099799595,0.0,0.46770523340095177,0.0,0.0,0.0,0.0,0.0,0.0,0.0,0.0,0.0,0.0,0.006839048849999999
4575.0,1.0948061679469139,0.593644232,0.208626975,0.28759653562085086,0.5279374590844651,0.0,0.27927217324159787,0.0,0.0,0.0,0.0,0.0,0.0,0.0,0.0,0.0,0.0,0.006839048849999999
4576.0,1.2724714179750674,0.702409803,0.222417865,0.34028904020232154,0.5628357622646428,0.0,0.36934661550810305,0.0,0.0,0.0,0.0,0.0,0.0,0.0,0.0,0.0,0.0,0.006839048849999999
4577.0,1.2043553168823777,0.768762085,0.229110058,0.37243402773036977,0.5797705779476237,0.0,0.25215071120438426,0.0,0.0,0.0,0.0,0.0,0.0,0.0,0.0,0.0,0.0,0.006839048849999999
4578.0,1.3079857763878362,0.786583655,0.233742961,0.38106785505495583,0.5914942921892974,0.0,0.33542362914358304,0.0,0.0,0.0,0.0,0.0,0.0,0.0,0.0,0.0,0.0,0.006839048849999999
4579.0,1.4090218042069576,0.754487651,0.23805637,0.3655186438269202,0.6024095162989891,0.0,0.44109364408104823,0.0,0.0,0.0,0.0,0.0,0.0,0.0,0.0,0.0,0.0,0.006839048849999999
4580.0,1.2997062876832095,0.675631639,0.240504552,0.32731610661423444,0.6086047218061214,0.0,0.36378545926285377,0.0,0.0,0.0,0.0,0.0,0.0,0.0,0.0,0.0,0.0,0.006839048849999999
4581.0,1.4467501089497117,0.558536594,0.239524847,0.2705883099557677,0.6061255459068766,0.0,0.5700362530870673,0.0,0.0,0.0,0.0,0.0,0.0,0.0,0.0,0.0,0.0,0.006839048849999999
4582.0,1.3151861073334745,0.424432763,0.236729251,0.20562044683150502,0.5990511977845079,0.0,0.5105144627174618,0.0,0.0,0.0,0.0,0.0,0.0,0.0,0.0,0.0,0.0,0.006839048849999999
4583.0,1.3615966394619354,0.281262048,0.23479927,0.13626004641518263,0.5941673170436722,0.0,0.6311692760030807,0.0,0.0,0.0,0.0,0.0,0.0,0.0,0.0,0.0,0.0,0.006839048849999999
4584.0,1.3243044478877675,0.151328839,0.243075879,0.07331268037305802,0.6151115498078946,0.0,0.6358802177068148,0.0,0.0,0.0,0.0,0.0,0.0,0.0,0.0,0.0,0.0,0.006839048849999999
4585.0,1.278354505085282,0.060675004,0.269433264,0.029394576765939612,0.6818097841326315,0.0,0.5671501441867108,0.0,0.0,0.0,0.0,0.0,0.0,0.0,0.0,0.0,0.0,0.006839048849999999
4586.0,1.3128764832062925,0.014079609,0.294757099,0.006820999098490612,0.7458925860050847,0.0,0.560162898102717,0.0,0.0,0.0,0.0,0.0,0.0,0.0,0.0,0.0,0.0,0.006839048849999999
4587.0,1.1404401505354742,0.000934998,0.298182564,0.000452968581378256,0.7545608384603713,0.0,0.38542634349372473,0.0,0.0,0.0,0.0,0.0,0.0,0.0,0.0,0.0,0.0,0.006839048849999999
4588.0,1.1873201733198016,6.28e-08,0.284531591,3.0424051078777156e-08,0.7200165998754487,0.0,0.46730354302030175,0.0,0.0,0.0,0.0,0.0,0.0,0.0,0.0,0.0,0.0,0.006839048849999999
4589.0,0.9801771814311108,0.0,0.267893682,0.0,0.6779138209709541,0.0,0.3022633604601566,0.0,0.0,0.0,0.0,0.0,0.0,0.0,0.0,0.0,0.0,0.006839048849999999
4590.0,0.9846562502384454,0.0,0.252567825,0.0,0.6391312330392073,0.0,0.34552501719923817,0.0,0.0,0.0,0.0,0.0,0.0,0.0,0.0,0.0,0.0,0.006839048849999999
4591.0,1.0087226184772957,0.0,0.239046225,0.0,0.6049143771088726,0.0,0.4038082413684231,0.0,0.0,0.0,0.0,0.0,0.0,0.0,0.0,0.0,0.0,0.006839048849999999
4592.0,0.8970018000291688,1.09e-06,0.2258473,5.280607591698581e-07,0.5715140609362088,0.0,0.3254872110322008,0.0,0.0,0.0,0.0,0.0,0.0,0.0,0.0,0.0,0.0,0.006839048849999999
4593.0,0.8161916685667939,0.000791579,0.210440394,0.00038348789695680474,0.5325263758298452,0.0,0.28328180483999194,0.0,0.0,0.0,0.0,0.0,0.0,0.0,0.0,0.0,0.0,0.006839048849999999
4594.0,0.9178907674686857,0.009897061,0.195080451,0.004794724353404033,0.49365753214794733,0.0,0.4194385109673343,0.0,0.0,0.0,0.0,0.0,0.0,0.0,0.0,0.0,0.0,0.006839048849999999
4595.0,0.8101127751972403,0.049536215,0.175111635,0.02399828559568928,0.4431257829339964,0.0,0.3429887066675546,0.0,0.0,0.0,0.0,0.0,0.0,0.0,0.0,0.0,0.0,0.006839048849999999
4596.0,0.9266419716616896,0.142731375,0.140300946,0.06914755801821808,0.35503618330461223,0.0,0.5024582303388592,0.0,0.0,0.0,0.0,0.0,0.0,0.0,0.0,0.0,0.0,0.006839048849999999
4597.0,0.8757034194110406,0.28698127,0.133450384,0.1390307773428716,0.337700609630208,0.0,0.3989720324379609,0.0,0.0,0.0,0.0,0.0,0.0,0.0,0.0,0.0,0.0,0.006839048849999999
4598.0,0.9944265367130316,0.447249666,0.181812607,0.21667431024442707,0.46008281416677993,0.0,0.3176694123018246,0.0,0.0,0.0,0.0,0.0,0.0,0.0,0.0,0.0,0.0,0.006839048849999999
4599.0,1.1234984589376598,0.594663128,0.215404611,0.28809014937798394,0.5450884911043629,0.0,0.2903198184553129,0.0,0.0,0.0,0.0,0.0,0.0,0.0,0.0,0.0,0.0,0.006839048849999999
4600.0,1.0935712539135487,0.707499618,0.227522291,0.34275484898482994,0.5757526810500716,0.0,0.1750637238786471,0.0,0.0,0.0,0.0,0.0,0.0,0.0,0.0,0.0,0.0,0.006839048849999999
4601.0,1.2583889431300757,0.77457927,0.238902759,0.37525221775544454,0.6045513316517596,0.0,0.27858539372287155,0.0,0.0,0.0,0.0,0.0,0.0,0.0,0.0,0.0,0.0,0.006839048849999999
4602.0,1.1925446400121913,0.794177206,0.25313263,0.38474662230803375,0.6405604907685982,0.0,0.16723752693555946,0.0,0.0,0.0,0.0,0.0,0.0,0.0,0.0,0.0,0.0,0.006839048849999999
4603.0,1.2820970753376033,0.765805897,0.266377704,0.3710018746298846,0.6740775885118104,0.0,0.23701761219590833,0.0,0.0,0.0,0.0,0.0,0.0,0.0,0.0,0.0,0.0,0.006839048849999999
4604.0,1.3680982970050124,0.690732754,0.274355323,0.3346319839089237,0.6942652171940743,0.0,0.3392010959020144,0.0,0.0,0.0,0.0,0.0,0.0,0.0,0.0,0.0,0.0,0.006839048849999999
4605.0,1.262538700728573,0.576529134,0.274726203,0.27930496530603754,0.6952037412982811,0.0,0.2880299941242543,0.0,0.0,0.0,0.0,0.0,0.0,0.0,0.0,0.0,0.0,0.006839048849999999
4606.0,1.3926252555697627,0.4397826,0.270032313,0.21305681984008631,0.6833256974363981,0.0,0.4962427382932781,0.0,0.0,0.0,0.0,0.0,0.0,0.0,0.0,0.0,0.0,0.006839048849999999
4607.0,1.2543749143136618,0.293252714,0.26295587,0.14206903741601953,0.6654185244220931,0.0,0.44688735247554917,0.0,0.0,0.0,0.0,0.0,0.0,0.0,0.0,0.0,0.0,0.006839048849999999
4608.0,1.3548301978522972,0.157772162,0.26129014,0.07643420884549527,0.6612033395749719,0.0,0.6171926494318298,0.0,0.0,0.0,0.0,0.0,0.0,0.0,0.0,0.0,0.0,0.006839048849999999
4609.0,1.1859384033420264,0.06132439,0.269939304,0.02970917792571418,0.6830903350862898,0.0,0.4731388903300225,0.0,0.0,0.0,0.0,0.0,0.0,0.0,0.0,0.0,0.0,0.006839048849999999
4610.0,1.22570487364787,0.013067155,0.290294169,0.006330506228890098,0.7345989940605538,0.0,0.4847753733584259,0.0,0.0,0.0,0.0,0.0,0.0,0.0,0.0,0.0,0.0,0.006839048849999999
4611.0,1.2428379208400782,0.00067403,0.304693535,0.0003265401775259262,0.7710370658797289,0.0,0.47147431478282337,0.0,0.0,0.0,0.0,0.0,0.0,0.0,0.0,0.0,0.0,0.006839048849999999
4612.0,1.0577008823021186,3.76e-08,0.305439163,1.8215673894299693e-08,0.7729239021900489,0.0,0.2847769618963956,0.0,0.0,0.0,0.0,0.0,0.0,0.0,0.0,0.0,0.0,0.006839048849999999
4613.0,1.1093692576103245,0.0,0.297390795,0.0,0.7525572408237672,0.0,0.3568120167865573,0.0,0.0,0.0,0.0,0.0,0.0,0.0,0.0,0.0,0.0,0.006839048849999999
4614.0,0.9143551296381052,0.0,0.283932933,0.0,0.7185016760101117,0.0,0.19585345362799353,0.0,0.0,0.0,0.0,0.0,0.0,0.0,0.0,0.0,0.0,0.006839048849999999
4615.0,0.9967762118251008,0.0,0.26762139,0.0,0.6772247770608412,0.0,0.3195514347642596,0.0,0.0,0.0,0.0,0.0,0.0,0.0,0.0,0.0,0.0,0.006839048849999999
4616.0,0.8330176568749682,8.46e-07,0.252887163,4.098526626217431e-07,0.6399393284080305,0.0,0.19307791861427515,0.0,0.0,0.0,0.0,0.0,0.0,0.0,0.0,0.0,0.0,0.006839048849999999
4617.0,0.8688680019940301,0.000697618,0.23427613,0.00033796760613812667,0.5928434939745536,0.0,0.2756865404133384,0.0,0.0,0.0,0.0,0.0,0.0,0.0,0.0,0.0,0.0,0.006839048849999999
4618.0,0.8541602822186444,0.008463364,0.219857644,0.0041001563476796765,0.5563570383631211,0.0,0.29370308750784363,0.0,0.0,0.0,0.0,0.0,0.0,0.0,0.0,0.0,0.0,0.006839048849999999
4619.0,0.8983123673672119,0.044975834,0.200915211,0.021788966097557354,0.5084225852709564,0.0,0.3681008159986981,0.0,0.0,0.0,0.0,0.0,0.0,0.0,0.0,0.0,0.0,0.006839048849999999
4620.0,0.8037980235835358,0.140253488,0.152772074,0.06794712233899138,0.386594785102089,0.0,0.34925611614245544,0.0,0.0,0.0,0.0,0.0,0.0,0.0,0.0,0.0,0.0,0.006839048849999999
4621.0,0.9454460470557736,0.28879981,0.125850259,0.13991178616212,0.31846824199786167,0.0,0.4870660188957919,0.0,0.0,0.0,0.0,0.0,0.0,0.0,0.0,0.0,0.0,0.006839048849999999
4622.0,0.9194193913910219,0.451711319,0.16227598,0.2188358000337229,0.410644733508893,0.0,0.28993885784840606,0.0,0.0,0.0,0.0,0.0,0.0,0.0,0.0,0.0,0.0,0.006839048849999999
4623.0,1.0460415100414384,0.599839928,0.195981251,0.29059809886245236,0.4959370363354729,0.0,0.2595063748435132,0.0,0.0,0.0,0.0,0.0,0.0,0.0,0.0,0.0,0.0,0.006839048849999999
4624.0,1.16692072102867,0.715111274,0.205056781,0.34644238737556365,0.5189029651088006,0.0,0.3015753685443058,0.0,0.0,0.0,0.0,0.0,0.0,0.0,0.0,0.0,0.0,0.006839048849999999
4625.0,1.1329349855383126,0.787888228,0.216665485,0.3816998677235544,0.5482791744557639,0.0,0.2029559433589944,0.0,0.0,0.0,0.0,0.0,0.0,0.0,0.0,0.0,0.0,0.006839048849999999
4626.0,1.2931579036577894,0.811820095,0.233456047,0.3932938859404095,0.5907682468246662,0.0,0.3090957708927136,0.0,0.0,0.0,0.0,0.0,0.0,0.0,0.0,0.0,0.0,0.006839048849999999
4627.0,1.225555793870874,0.783377206,0.250445753,0.37951446065754346,0.6337612596708339,0.0,0.2122800735424967,0.0,0.0,0.0,0.0,0.0,0.0,0.0,0.0,0.0,0.0,0.006839048849999999
4628.0,1.3720433480142042,0.706758706,0.260846686,0.3423959071929051,0.6600811645638984,0.0,0.3695662762574009,0.0,0.0,0.0,0.0,0.0,0.0,0.0,0.0,0.0,0.0,0.006839048849999999
4629.0,1.2795315684737518,0.590387222,0.26236903,0.2860186464711042,0.6639335063965521,0.0,0.3295794156060953,0.0,0.0,0.0,0.0,0.0,0.0,0.0,0.0,0.0,0.0,0.006839048849999999
4630.0,1.3493409480932714,0.451845484,0.257962264,0.21890079753074496,0.6527820393112443,0.0,0.4776581112512822,0.0,0.0,0.0,0.0,0.0,0.0,0.0,0.0,0.0,0.0,0.006839048849999999
4631.0,1.416914131057852,0.302956651,0.246523027,0.14677020102992455,0.6238346718116916,0.0,0.6463092582162356,0.0,0.0,0.0,0.0,0.0,0.0,0.0,0.0,0.0,0.0,0.006839048849999999
4632.0,1.271387807551284,0.164616263,0.234421851,0.07974989799218811,0.5932122457837348,0.0,0.5984256637753614,0.0,0.0,0.0,0.0,0.0,0.0,0.0,0.0,0.0,0.0,0.006839048849999999
4633.0,1.3745465525682903,0.064013602,0.244291102,0.031011991990199224,0.6181867117942151,0.0,0.7253478487838759,0.0,0.0,0.0,0.0,0.0,0.0,0.0,0.0,0.0,0.0,0.006839048849999999
4634.0,1.2123366470329373,0.014708231,0.274056733,0.0071255409430326985,0.6935096253253429,0.0,0.5117014807645617,0.0,0.0,0.0,0.0,0.0,0.0,0.0,0.0,0.0,0.0,0.006839048849999999
4635.0,1.2342335715915598,0.00084732,0.294878572,0.00041049214904569195,0.7461999774484364,0.0,0.48762310199407777,0.0,0.0,0.0,0.0,0.0,0.0,0.0,0.0,0.0,0.0,0.006839048849999999
4636.0,1.1566497932432966,4.38e-08,0.300126674,2.1219322249210814e-08,0.7594804731029227,0.0,0.39716929892105174,0.0,0.0,0.0,0.0,0.0,0.0,0.0,0.0,0.0,0.0,0.006839048849999999
4637.0,1.0755882287092728,0.0,0.294386753,0.0,0.7449554132055362,0.0,0.3306328155037367,0.0,0.0,0.0,0.0,0.0,0.0,0.0,0.0,0.0,0.0,0.006839048849999999
4638.0,1.084739946750846,0.0,0.284676171,0.0,0.7203824643463995,0.0,0.36435748240444654,0.0,0.0,0.0,0.0,0.0,0.0,0.0,0.0,0.0,0.0,0.006839048849999999
4639.0,0.904026349207987,0.0,0.274914213,0.0,0.695679506820369,0.0,0.20834684238761791,0.0,0.0,0.0,0.0,0.0,0.0,0.0,0.0,0.0,0.0,0.006839048849999999
4640.0,0.9351884702653124,8.3e-07,0.267201963,4.0210131202842407e-07,0.6761634031677892,0.0,0.2590246649962112,0.0,0.0,0.0,0.0,0.0,0.0,0.0,0.0,0.0,0.0,0.006839048849999999
4641.0,0.9713213991109436,0.000596402,0.248899509,0.00028893256228479055,0.6298484380978584,0.0,0.3411840284508004,0.0,0.0,0.0,0.0,0.0,0.0,0.0,0.0,0.0,0.0,0.006839048849999999
4642.0,0.8684585888154189,0.007277082,0.230662821,0.003525450867395697,0.5836998960656684,0.0,0.2812332418823547,0.0,0.0,0.0,0.0,0.0,0.0,0.0,0.0,0.0,0.0,0.006839048849999999
4643.0,0.9539235678521747,0.04152139,0.206544196,0.020115428188245646,0.5226669179519271,0.0,0.41114122171200196,0.0,0.0,0.0,0.0,0.0,0.0,0.0,0.0,0.0,0.0,0.006839048849999999
4644.0,1.050805387407853,0.131189269,0.155077744,0.0635558761312649,0.39242935928065464,0.0,0.5948201519959333,0.0,0.0,0.0,0.0,0.0,0.0,0.0,0.0,0.0,0.0,0.006839048849999999
4645.0,1.0093945898900327,0.27129122,0.128604349,0.13142958494432752,0.3254375578147159,0.0,0.5525274471309892,0.0,0.0,0.0,0.0,0.0,0.0,0.0,0.0,0.0,0.0,0.006839048849999999
4646.0,1.1833684468131536,0.427023796,0.149998059,0.2068756971553712,0.37957504841385775,0.0,0.5969177012439245,0.0,0.0,0.0,0.0,0.0,0.0,0.0,0.0,0.0,0.0,0.006839048849999999
4647.0,1.1536815486982896,0.572132496,0.170147149,0.27717497264541824,0.43056298694608347,0.0,0.44594358910678783,0.0,0.0,0.0,0.0,0.0,0.0,0.0,0.0,0.0,0.0,0.006839048849999999
4648.0,1.2816075591892933,0.688024705,0.180349068,0.33332004408249327,0.45637928033118164,0.0,0.4919082347756183,0.0,0.0,0.0,0.0,0.0,0.0,0.0,0.0,0.0,0.0,0.006839048849999999
4649.0,1.346746514407085,0.760226415,0.192463366,0.36829884206044,0.4870349120140549,0.0,0.49141276033259007,0.0,0.0,0.0,0.0,0.0,0.0,0.0,0.0,0.0,0.0,0.006839048849999999
4650.0,1.400564308903,0.781354448,0.206601681,0.3785345165060784,0.5228123856453328,0.0,0.49921740675158877,0.0,0.0,0.0,0.0,0.0,0.0,0.0,0.0,0.0,0.0,0.006839048849999999
4651.0,1.5090209480846386,0.75432572,0.219914659,0.36544019482986223,0.556501316705985,0.0,0.5870794365487914,0.0,0.0,0.0,0.0,0.0,0.0,0.0,0.0,0.0,0.0,0.006839048849999999
4652.0,1.3988332032238688,0.684084734,0.228349862,0.3314112880482114,0.5778468768315711,0.0,0.48957503834408644,0.0,0.0,0.0,0.0,0.0,0.0,0.0,0.0,0.0,0.0,0.006839048849999999
4653.0,1.5581149161990264,0.578755296,0.22868594,0.28038345043975776,0.5786973333239503,0.0,0.6990341324353182,0.0,0.0,0.0,0.0,0.0,0.0,0.0,0.0,0.0,0.0,0.006839048849999999
4654.0,1.419332782977218,0.448061727,0.220102369,0.21706772083906214,0.5569763230681524,0.0,0.6452887390700034,0.0,0.0,0.0,0.0,0.0,0.0,0.0,0.0,0.0,0.0,0.006839048849999999
4655.0,1.481599172447124,0.304519856,0.20971136,0.14752751040518888,0.5306815311852532,0.0,0.8033901308566819,0.0,0.0,0.0,0.0,0.0,0.0,0.0,0.0,0.0,0.0,0.006839048849999999
4656.0,1.5330939918209452,0.168033977,0.214644068,0.08140564170729402,0.5431639118933357,0.0,0.9085244382203155,0.0,0.0,0.0,0.0,0.0,0.0,0.0,0.0,0.0,0.0,0.006839048849999999
4657.0,1.3353897523653422,0.066624959,0.245987769,0.03227708846715658,0.6224801837428567,0.0,0.6806324801553291,0.0,0.0,0.0,0.0,0.0,0.0,0.0,0.0,0.0,0.0,0.006839048849999999
4658.0,1.4618538909087964,0.015836375,0.282989907,0.00767208092201703,0.7161153175332629,0.0,0.7380664924535165,0.0,0.0,0.0,0.0,0.0,0.0,0.0,0.0,0.0,0.0,0.006839048849999999
4659.0,1.2293962667529028,0.001043572,0.301410903,0.0005055682775856946,0.7627302570541236,0.0,0.4661604414211936,0.0,0.0,0.0,0.0,0.0,0.0,0.0,0.0,0.0,0.0,0.006839048849999999
4660.0,1.3005851905177626,2.84e-08,0.297896609,1.3758647303141257e-08,0.7538372198769522,0.0,0.546747956882163,0.0,0.0,0.0,0.0,0.0,0.0,0.0,0.0,0.0,0.0,0.006839048849999999
4661.0,1.0553690078499827,0.0,0.284983446,0.0,0.7211600338948253,0.0,0.33420897395515736,0.0,0.0,0.0,0.0,0.0,0.0,0.0,0.0,0.0,0.0,0.006839048849999999
4662.0,1.0657756654173645,0.0,0.270651012,0.0,0.6848913357149481,0.0,0.38088432970241637,0.0,0.0,0.0,0.0,0.0,0.0,0.0,0.0,0.0,0.0,0.006839048849999999
4663.0,1.080498961020173,0.0,0.256403969,0.0,0.6488387222842683,0.0,0.43166023873590464,0.0,0.0,0.0,0.0,0.0,0.0,0.0,0.0,0.0,0.0,0.006839048849999999
4664.0,0.9683220029110915,5.12e-07,0.241918789,2.4804321898620863e-07,0.612183495300408,0.0,0.3561382595674645,0.0,0.0,0.0,0.0,0.0,0.0,0.0,0.0,0.0,0.0,0.006839048849999999
4665.0,0.8914435724629212,0.00058927,0.22403865,0.0002854773977578186,0.5669372123030294,0.0,0.3242208827621339,0.0,0.0,0.0,0.0,0.0,0.0,0.0,0.0,0.0,0.0,0.006839048849999999
4666.0,1.0144410509830164,0.006757922,0.208910527,0.003273938919018978,0.5286549967969222,0.0,0.48251211526707527,0.0,0.0,0.0,0.0,0.0,0.0,0.0,0.0,0.0,0.0,0.006839048849999999
4667.0,0.9354777294893378,0.039533251,0.18651219,0.01915225553716748,0.4719752643534183,0.0,0.444350209598752,0.0,0.0,0.0,0.0,0.0,0.0,0.0,0.0,0.0,0.0,0.006839048849999999
4668.0,1.0314739697130821,0.128207455,0.153964665,0.06211130827388571,0.3896126760640175,0.0,0.579749985375179,0.0,0.0,0.0,0.0,0.0,0.0,0.0,0.0,0.0,0.0,0.006839048849999999
4669.0,1.085376316843717,0.26927924,0.149076107,0.13045486229640588,0.3772420183908809,0.0,0.5776794361564301,0.0,0.0,0.0,0.0,0.0,0.0,0.0,0.0,0.0,0.0,0.006839048849999999
4670.0,1.0953379599126216,0.426785694,0.165226536,0.20676034640043559,0.4181112130354568,0.0,0.4704664004767293,0.0,0.0,0.0,0.0,0.0,0.0,0.0,0.0,0.0,0.0,0.006839048849999999
4671.0,1.1621968956470674,0.572442367,0.174615393,0.27732509256789956,0.441870026143337,0.0,0.44300177693583087,0.0,0.0,0.0,0.0,0.0,0.0,0.0,0.0,0.0,0.0,0.006839048849999999
4672.0,1.2213259343026024,0.688094306,0.173097605,0.3333537629420336,0.4380292134193405,0.0,0.4499429579412281,0.0,0.0,0.0,0.0,0.0,0.0,0.0,0.0,0.0,0.0,0.006839048849999999
4673.0,1.3983970900552827,0.760066544,0.179226286,0.368221391049771,0.4535380433521871,0.0,0.5766376556533246,0.0,0.0,0.0,0.0,0.0,0.0,0.0,0.0,0.0,0.0,0.006839048849999999
4674.0,1.3172242718966396,0.781000303,0.192550536,0.3783629476275865,0.48725549858158,0.0,0.4516058256874732,0.0,0.0,0.0,0.0,0.0,0.0,0.0,0.0,0.0,0.0,0.006839048849999999
4675.0,1.4167316747935002,0.74972874,0.206208521,0.3632131446017075,0.5218174812643742,0.0,0.5317010489274184,0.0,0.0,0.0,0.0,0.0,0.0,0.0,0.0,0.0,0.0,0.006839048849999999
4676.0,1.5117533353854193,0.672738932,0.217459748,0.32591470748168766,0.5502890832418392,0.0,0.6355495446618925,0.0,0.0,0.0,0.0,0.0,0.0,0.0,0.0,0.0,0.0,0.006839048849999999
4677.0,1.3880772099551308,0.563052736,0.22610001,0.2727761974539686,0.5721535519477869,0.0,0.5431474605533754,0.0,0.0,0.0,0.0,0.0,0.0,0.0,0.0,0.0,0.0,0.006839048849999999
4678.0,1.5359220569189227,0.436864686,0.230408535,0.21164320893913915,0.5830564169339754,0.0,0.7412224310458081,0.0,0.0,0.0,0.0,0.0,0.0,0.0,0.0,0.0,0.0,0.006839048849999999
4679.0,1.3719343192220952,0.298678038,0.233902346,0.14469738669141627,0.5918976212023177,0.0,0.6353393113283612,0.0,0.0,0.0,0.0,0.0,0.0,0.0,0.0,0.0,0.0,0.006839048849999999
4680.0,1.496983313300268,0.165774156,0.248282505,0.08031085015422247,0.6282870890728584,0.0,0.788385374073187,0.0,0.0,0.0,0.0,0.0,0.0,0.0,0.0,0.0,0.0,0.006839048849999999
4681.0,1.2987962331938112,0.068171344,0.281506613,0.03302624923510968,0.7123617930169092,0.0,0.5534081909417925,0.0,0.0,0.0,0.0,0.0,0.0,0.0,0.0,0.0,0.0,0.006839048849999999
4682.0,1.339121196455262,0.017493199,0.31148739,0.008474744902981104,0.7882291406154541,0.0,0.5424173109368267,0.0,0.0,0.0,0.0,0.0,0.0,0.0,0.0,0.0,0.0,0.006839048849999999
4683.0,1.3576627136152204,0.001150299,0.3104732,0.0005572731772590171,0.7856626992833644,0.0,0.571442741154597,0.0,0.0,0.0,0.0,0.0,0.0,0.0,0.0,0.0,0.0,0.006839048849999999
4684.0,1.1147962060595096,1.63e-08,0.294206696,7.89668841694375e-09,0.7444997730129369,0.0,0.37029642514988415,0.0,0.0,0.0,0.0,0.0,0.0,0.0,0.0,0.0,0.0,0.006839048849999999
4685.0,1.1856891961028126,0.0,0.27297731,0.0,0.6907781097296376,0.0,0.49491108637317516,0.0,0.0,0.0,0.0,0.0,0.0,0.0,0.0,0.0,0.0,0.006839048849999999
4686.0,0.9693900375074523,0.0,0.249262522,0.0,0.6307670544984204,0.0,0.338622983009032,0.0,0.0,0.0,0.0,0.0,0.0,0.0,0.0,0.0,0.0,0.006839048849999999
4687.0,0.9739558827820926,0.0,0.227049875,0.0,0.574557216740287,0.0,0.3993986660418055,0.0,0.0,0.0,0.0,0.0,0.0,0.0,0.0,0.0,0.0,0.006839048849999999
4688.0,0.9515627675776286,2e-07,0.210708979,9.689188241648773e-08,0.5332060390538755,0.0,0.41835663163187053,0.0,0.0,0.0,0.0,0.0,0.0,0.0,0.0,0.0,0.0,0.006839048849999999
4689.0,0.9890997167259891,0.00041525,0.194166133,0.00020117177086723264,0.49134382021441053,0.0,0.49755472474071133,0.0,0.0,0.0,0.0,0.0,0.0,0.0,0.0,0.0,0.0,0.006839048849999999
4690.0,0.8808411086362001,0.006937836,0.177761285,0.0033610999496843782,0.44983080987724355,0.0,0.4276491988092722,0.0,0.0,0.0,0.0,0.0,0.0,0.0,0.0,0.0,0.0,0.006839048849999999
4691.0,1.0215412524665877,0.044404203,0.155233635,0.02151203407936926,0.392823846611136,0.0,0.6072053717760824,0.0,0.0,0.0,0.0,0.0,0.0,0.0,0.0,0.0,0.0,0.006839048849999999
4692.0,0.9519521552637963,0.135313223,0.128218325,0.06555376446155992,0.3244607113177294,0.0,0.5619376794845068,0.0,0.0,0.0,0.0,0.0,0.0,0.0,0.0,0.0,0.0,0.006839048849999999
4693.0,1.106229682963368,0.280038979,0.112659936,0.1356675191265064,0.28508969347064766,0.0,0.6854724703662138,0.0,0.0,0.0,0.0,0.0,0.0,0.0,0.0,0.0,0.0,0.006839048849999999
4694.0,1.056986635071984,0.442708965,0.1191062,0.21447452490752494,0.3014021776867834,0.0,0.5411099324776758,0.0,0.0,0.0,0.0,0.0,0.0,0.0,0.0,0.0,0.0,0.006839048849999999
4695.0,1.1698288890963462,0.59224109,0.119726032,0.28691677027246265,0.3029706830592993,0.0,0.5799414357645842,0.0,0.0,0.0,0.0,0.0,0.0,0.0,0.0,0.0,0.0,0.006839048849999999
4696.0,1.2889658692419694,0.708993277,0.116945865,0.3434784661458216,0.29593537853163465,0.0,0.6495520245645133,0.0,0.0,0.0,0.0,0.0,0.0,0.0,0.0,0.0,0.0,0.006839048849999999
4697.0,1.217888199101729,0.780580918,0.12386548,0.37815977261705025,0.31344569310597364,0.0,0.5262827333787051,0.0,0.0,0.0,0.0,0.0,0.0,0.0,0.0,0.0,0.0,0.006839048849999999
4698.0,1.3864751585605521,0.800837945,0.137858229,0.38797348000800835,0.34885480716069595,0.0,0.6496468713918481,0.0,0.0,0.0,0.0,0.0,0.0,0.0,0.0,0.0,0.0,0.006839048849999999
4699.0,1.2917116075376625,0.769923197,0.153751407,0.3729965393672516,0.38907301964303254,0.0,0.5296420485273783,0.0,0.0,0.0,0.0,0.0,0.0,0.0,0.0,0.0,0.0,0.006839048849999999
4700.0,1.3824299800891426,0.691680616,0.167409211,0.33509118457617904,0.42363454429934144,0.0,0.6237042512136222,0.0,0.0,0.0,0.0,0.0,0.0,0.0,0.0,0.0,0.0,0.006839048849999999
4701.0,1.400637736375243,0.575685966,0.176013103,0.27889648463247074,0.44540697751761127,0.0,0.6763342742251609,0.0,0.0,0.0,0.0,0.0,0.0,0.0,0.0,0.0,0.0,0.006839048849999999
4702.0,1.4067833827195078,0.443777601,0.18086399,0.21499223567581507,0.4576823074795487,0.0,0.7341088395641442,0.0,0.0,0.0,0.0,0.0,0.0,0.0,0.0,0.0,0.0,0.006839048849999999
4703.0,1.4725898596850155,0.30018164,0.185941589,0.14542582083234226,0.47053133965436605,0.0,0.8566326991983074,0.0,0.0,0.0,0.0,0.0,0.0,0.0,0.0,0.0,0.0,0.006839048849999999
4704.0,1.2807909586645059,0.165925819,0.200494792,0.08038432472203713,0.507358701089101,0.0,0.6930479328533676,0.0,0.0,0.0,0.0,0.0,0.0,0.0,0.0,0.0,0.0,0.006839048849999999
4705.0,1.4084188096015176,0.070136255,0.228438059,0.033978168862963995,0.5780700622565569,0.0,0.7963705784819965,0.0,0.0,0.0,0.0,0.0,0.0,0.0,0.0,0.0,0.0,0.006839048849999999
4706.0,1.2145416920330314,0.017586609,0.25663249,0.008519998256663724,0.6494170022314679,0.0,0.5566046915448998,0.0,0.0,0.0,0.0,0.0,0.0,0.0,0.0,0.0,0.0,0.006839048849999999
4707.0,1.2364942434039636,0.00098844,0.265535581,0.00047885906127876564,0.6719465684131076,0.0,0.5640688159295771,0.0,0.0,0.0,0.0,0.0,0.0,0.0,0.0,0.0,0.0,0.006839048849999999
4708.0,1.2339554375300115,7.64e-09,0.260112749,3.701269908309831e-09,0.6582239127156747,0.0,0.5757315211130668,0.0,0.0,0.0,0.0,0.0,0.0,0.0,0.0,0.0,0.0,0.006839048849999999
4709.0,0.9940816506766966,0.0,0.249765543,0.0,0.6320399657727469,0.0,0.3620416849039497,0.0,0.0,0.0,0.0,0.0,0.0,0.0,0.0,0.0,0.0,0.006839048849999999
4710.0,1.0861261653937175,0.0,0.240664371,0.0,0.6090091490704931,0.0,0.4771170163232245,0.0,0.0,0.0,0.0,0.0,0.0,0.0,0.0,0.0,0.0,0.006839048849999999
4711.0,0.8883395981359057,0.0,0.233313218,0.0,0.5904068133171173,0.0,0.2979327848187883,0.0,0.0,0.0,0.0,0.0,0.0,0.0,0.0,0.0,0.0,0.006839048849999999
4712.0,0.919677498960202,3.3e-07,0.22652604,1.5987160598720476e-07,0.5732316349506862,0.0,0.3464457041379099,0.0,0.0,0.0,0.0,0.0,0.0,0.0,0.0,0.0,0.0,0.006839048849999999
4713.0,0.8992335460191624,0.000758782,0.215504871,0.0003675990816187369,0.5453422023497462,0.0,0.35352374458779745,0.0,0.0,0.0,0.0,0.0,0.0,0.0,0.0,0.0,0.0,0.006839048849999999
4714.0,0.9052968645612183,0.009892048,0.207965715,0.004792295758371264,0.526264118788014,0.0,0.374240450014833,0.0,0.0,0.0,0.0,0.0,0.0,0.0,0.0,0.0,0.0,0.006839048849999999
4715.0,0.9319398658263219,0.050431463,0.193747967,0.024431996915437258,0.490285637323557,0.0,0.41722223158732763,0.0,0.0,0.0,0.0,0.0,0.0,0.0,0.0,0.0,0.0,0.006839048849999999
4716.0,1.0221887487218604,0.148851247,0.158096594,0.07211238760935787,0.4000686590325546,0.0,0.5500077020799478,0.0,0.0,0.0,0.0,0.0,0.0,0.0,0.0,0.0,0.0,0.006839048849999999
4717.0,0.9639942397131881,0.302830308,0.14872351,0.14670899297442383,0.3763497600227537,0.0,0.44093548671601057,0.0,0.0,0.0,0.0,0.0,0.0,0.0,0.0,0.0,0.0,0.006839048849999999
4718.0,1.1283735899286933,0.468967107,0.176365282,0.22719552894322212,0.44629817812291606,0.0,0.4548798828625551,0.0,0.0,0.0,0.0,0.0,0.0,0.0,0.0,0.0,0.0,0.006839048849999999
4719.0,1.081326687707362,0.619018466,0.182789348,0.299889322106533,0.4625544895660116,0.0,0.31888287603481724,0.0,0.0,0.0,0.0,0.0,0.0,0.0,0.0,0.0,0.0,0.006839048849999999
4720.0,1.1953326541252816,0.739962116,0.179176027,0.35848161168063725,0.4534108612907296,0.0,0.38344018115391465,0.0,0.0,0.0,0.0,0.0,0.0,0.0,0.0,0.0,0.0,0.006839048849999999
4721.0,1.3119419535594299,0.81780088,0.185099783,0.39619133352530095,0.46840112173464565,0.0,0.4473494982994833,0.0,0.0,0.0,0.0,0.0,0.0,0.0,0.0,0.0,0.0,0.006839048849999999
4722.0,1.2298301550889783,0.843833361,0.197821158,0.4088030139656082,0.5005929818407543,0.0,0.32043415928261576,0.0,0.0,0.0,0.0,0.0,0.0,0.0,0.0,0.0,0.0,0.006839048849999999
4723.0,1.4001682457193763,0.816426761,0.213542985,0.3955256286424297,0.5403775849513806,0.0,0.46426503212556597,0.0,0.0,0.0,0.0,0.0,0.0,0.0,0.0,0.0,0.0,0.006839048849999999
4724.0,1.302883688482543,0.738833868,0.228925777,0.3579350213178741,0.579304248783346,0.0,0.365644418381323,0.0,0.0,0.0,0.0,0.0,0.0,0.0,0.0,0.0,0.0,0.006839048849999999
4725.0,1.459686672061079,0.621226473,0.23663683,0.300959011879627,0.5988173233878435,0.0,0.5599103367936087,0.0,0.0,0.0,0.0,0.0,0.0,0.0,0.0,0.0,0.0,0.006839048849999999
4726.0,1.3257640950028062,0.481949842,0.239875099,0.2334851371085442,0.6070118701749596,0.0,0.4852670877193024,0.0,0.0,0.0,0.0,0.0,0.0,0.0,0.0,0.0,0.0,0.006839048849999999
4727.0,1.39128798724182,0.329376927,0.243340142,0.1595697524079403,0.6157802760680059,0.0,0.615937958765874,0.0,0.0,0.0,0.0,0.0,0.0,0.0,0.0,0.0,0.0,0.006839048849999999
4728.0,1.4463050944512341,0.184494711,0.252882607,0.08938019922337942,0.6399277992993733,0.0,0.7169970959284815,0.0,0.0,0.0,0.0,0.0,0.0,0.0,0.0,0.0,0.0,0.006839048849999999
4729.0,1.2503764623245954,0.077057533,0.269141399,0.037331247133703116,0.6810712100987814,0.0,0.531974005092111,0.0,0.0,0.0,0.0,0.0,0.0,0.0,0.0,0.0,0.0,0.006839048849999999
4730.0,1.3890784915767804,0.018613394,0.284312368,0.009017433914098791,0.719461848824714,0.0,0.6605992088379676,0.0,0.0,0.0,0.0,0.0,0.0,0.0,0.0,0.0,0.0,0.006839048849999999
4731.0,1.163870148681454,0.001118106,0.300556611,0.0005416769754058472,0.7605684428985178,0.0,0.40276002880753053,0.0,0.0,0.0,0.0,0.0,0.0,0.0,0.0,0.0,0.0,0.006839048849999999
4732.0,1.1675326159640762,3.26e-09,0.314157286,1.5793376833887502e-09,0.7949854007311932,0.0,0.37254721365354543,0.0,0.0,0.0,0.0,0.0,0.0,0.0,0.0,0.0,0.0,0.006839048849999999
4733.0,1.0860883392413412,0.0,0.316992113,0.0,0.8021590241963469,0.0,0.28392931504499425,0.0,0.0,0.0,0.0,0.0,0.0,0.0,0.0,0.0,0.0,0.006839048849999999
4734.0,1.0202128854685362,0.0,0.31166052,0.0,0.7886672518054922,0.0,0.23154563366304395,0.0,0.0,0.0,0.0,0.0,0.0,0.0,0.0,0.0,0.0,0.006839048849999999
4735.0,1.0413666359746894,0.0,0.300871042,0.0,0.7613641209415771,0.0,0.2800025150331122,0.0,0.0,0.0,0.0,0.0,0.0,0.0,0.0,0.0,0.0,0.006839048849999999
4736.0,0.9289827464437921,2.34e-07,0.290204336,1.1336350242729064e-07,0.734371668683469,0.0,0.19461096439682068,0.0,0.0,0.0,0.0,0.0,0.0,0.0,0.0,0.0,0.0,0.006839048849999999
4737.0,0.8520531398482576,0.000690344,0.266210168,0.00033444364837463905,0.673653633123754,0.0,0.1780650630761289,0.0,0.0,0.0,0.0,0.0,0.0,0.0,0.0,0.0,0.0,0.006839048849999999
4738.0,0.9764168115187809,0.008743059,0.238953144,0.004235657222942074,0.6046788325603836,0.0,0.36750232173545533,0.0,0.0,0.0,0.0,0.0,0.0,0.0,0.0,0.0,0.0,0.006839048849999999
4739.0,0.896205224996825,0.047803389,0.207759629,0.023158801730488118,0.5257426113501917,0.0,0.34730381191614507,0.0,0.0,0.0,0.0,0.0,0.0,0.0,0.0,0.0,0.0,0.006839048849999999
4740.0,0.9880072069721638,0.144533371,0.16259838,0.07002055194095298,0.41146057736997005,0.0,0.5065260776612408,0.0,0.0,0.0,0.0,0.0,0.0,0.0,0.0,0.0,0.0,0.006839048849999999
4741.0,1.0938560624726286,0.293952734,0.151415745,0.14240816869366546,0.38316254971669556,0.0,0.5682853440622676,0.0,0.0,0.0,0.0,0.0,0.0,0.0,0.0,0.0,0.0,0.006839048849999999
4742.0,1.0549373443464172,0.457427798,0.169503041,0.2216052020892445,0.4289330503528123,0.0,0.4043990919043603,0.0,0.0,0.0,0.0,0.0,0.0,0.0,0.0,0.0,0.0,0.006839048849999999
4743.0,1.2402902146361596,0.607354167,0.180030529,0.29423844267063926,0.45557320685827957,0.0,0.49047856510724086,0.0,0.0,0.0,0.0,0.0,0.0,0.0,0.0,0.0,0.0,0.006839048849999999
4744.0,1.1979359871415098,0.723286625,0.188972661,0.35040301311459127,0.47820156758142135,0.0,0.3693314064454971,0.0,0.0,0.0,0.0,0.0,0.0,0.0,0.0,0.0,0.0,0.006839048849999999
4745.0,1.379893399047701,0.795933292,0.209137109,0.38559737469916,0.5292283700405033,0.0,0.46506765430803776,0.0,0.0,0.0,0.0,0.0,0.0,0.0,0.0,0.0,0.0,0.006839048849999999
4746.0,1.3035845867176148,0.816217492,0.241928706,0.3954242463057226,0.6122085905968421,0.0,0.29595174981505007,0.0,0.0,0.0,0.0,0.0,0.0,0.0,0.0,0.0,0.0,0.006839048849999999
4747.0,1.4079070431282537,0.783739717,0.279498534,0.37969008252347686,0.70728028270454,0.0,0.32093667790023683,0.0,0.0,0.0,0.0,0.0,0.0,0.0,0.0,0.0,0.0,0.006839048849999999
4748.0,1.5085158571088306,0.703654305,0.313037834,0.34089195090957697,0.7921525904273146,0.0,0.3754713157719391,0.0,0.0,0.0,0.0,0.0,0.0,0.0,0.0,0.0,0.0,0.006839048849999999
4749.0,1.3814932246098446,0.587934499,0.338675894,0.28483040172852314,0.857030549053015,0.0,0.23963227382830626,0.0,0.0,0.0,0.0,0.0,0.0,0.0,0.0,0.0,0.0,0.006839048849999999
4750.0,1.53550596924278,0.45213224,0.355582109,0.21903971917391607,0.8998122851628142,0.0,0.4166539649060498,0.0,0.0,0.0,0.0,0.0,0.0,0.0,0.0,0.0,0.0,0.006839048849999999
4751.0,1.361049271668805,0.305100018,0.366845209,0.14780857534662142,0.928313932159394,0.0,0.28492676416278967,0.0,0.0,0.0,0.0,0.0,0.0,0.0,0.0,0.0,0.0,0.006839048849999999
4752.0,1.4072817981978596,0.167204796,0.380783435,0.08100393716752408,0.9635850739596573,0.0,0.3626927870706781,0.0,0.0,0.0,0.0,0.0,0.0,0.0,0.0,0.0,0.0,0.006839048849999999
4753.0,1.372719769091962,0.067366085,0.39938934,0.032636133933395595,1.0106679318195622,0.0,0.32941570333900416,0.0,0.0,0.0,0.0,0.0,0.0,0.0,0.0,0.0,0.0,0.006839048849999999
4754.0,1.3374746434108504,0.016413298,0.408051084,0.007951576699413865,1.032586761436874,0.0,0.2969363052745626,0.0,0.0,0.0,0.0,0.0,0.0,0.0,0.0,0.0,0.0,0.006839048849999999
4755.0,1.3677400599737652,0.001025015,0.408372018,0.0004965781642756809,1.0333988955364735,0.0,0.333844586273016,0.0,0.0,0.0,0.0,0.0,0.0,0.0,0.0,0.0,0.0,0.006839048849999999
4756.0,1.1186834054238812,1.11e-09,0.399096625,5.377499474115069e-10,1.0099272068326046,0.0,0.10875619805352674,0.0,0.0,0.0,0.0,0.0,0.0,0.0,0.0,0.0,0.0,0.006839048849999999
4757.0,1.2038146245867036,0.0,0.380078606,0.0,0.9618014808679728,0.0,0.24201314371873084,0.0,0.0,0.0,0.0,0.0,0.0,0.0,0.0,0.0,0.0,0.006839048849999999
4758.0,0.9810382846056555,0.0,0.359674297,0.0,0.9101677022167016,0.0,0.07087058238895373,0.0,0.0,0.0,0.0,0.0,0.0,0.0,0.0,0.0,0.0,0.006839048849999999
4759.0,1.0064730718273691,0.0,0.341698925,0.0,0.8646804289636717,0.0,0.1417926428636974,0.0,0.0,0.0,0.0,0.0,0.0,0.0,0.0,0.0,0.0,0.006839048849999999
4760.0,0.9628527786445091,3.98e-08,0.325197479,1.9281484600881058e-08,0.822922974193216,0.0,0.13992978516980847,0.0,0.0,0.0,0.0,0.0,0.0,0.0,0.0,0.0,0.0,0.006839048849999999
4761.0,0.9947224714345131,0.00020949,0.298745488,0.00010148940223715007,0.7559853362570615,0.0,0.23863564577521434,0.0,0.0,0.0,0.0,0.0,0.0,0.0,0.0,0.0,0.0,0.006839048849999999
4762.0,0.8615386177637641,0.005158168,0.273235883,0.0024989230367024485,0.6914324372565926,0.0,0.167607257470469,0.0,0.0,0.0,0.0,0.0,0.0,0.0,0.0,0.0,0.0,0.006839048849999999
4763.0,0.9758471934006967,0.035598387,0.245490998,0.017245973637103125,0.6212230883002042,0.0,0.3373781314633893,0.0,0.0,0.0,0.0,0.0,0.0,0.0,0.0,0.0,0.0,0.006839048849999999
4764.0,0.881001313575673,0.120810834,0.210052978,0.05852794561282909,0.5315460068308284,0.0,0.2909273611320155,0.0,0.0,0.0,0.0,0.0,0.0,0.0,0.0,0.0,0.0,0.006839048849999999
4765.0,0.9890752405686,0.259552722,0.258842408,0.12574275910451665,0.6550092728077204,0.0,0.20832320865636303,0.0,0.0,0.0,0.0,0.0,0.0,0.0,0.0,0.0,0.0,0.006839048849999999
4766.0,1.0627184175726923,0.415726838,0.297734613,0.20140277952437122,0.7534272836420915,0.0,0.10788835440622949,0.0,0.0,0.0,0.0,0.0,0.0,0.0,0.0,0.0,0.0,0.006839048849999999
4767.0,1.1417240168836178,0.561146392,0.298872362,0.27185265116050167,0.7563063951095128,0.0,0.11356497061360339,0.0,0.0,0.0,0.0,0.0,0.0,0.0,0.0,0.0,0.0,0.006839048849999999
4768.0,1.2700750163806551,0.674968056,0.289339763,0.3269946275841865,0.7321838381173928,0.0,0.21089655067907567,0.0,0.0,0.0,0.0,0.0,0.0,0.0,0.0,0.0,0.0,0.006839048849999999
4769.0,1.2203268775134635,0.747171626,0.290451317,0.3619743266566397,0.7349966622711013,0.0,0.12335588858572241,0.0,0.0,0.0,0.0,0.0,0.0,0.0,0.0,0.0,0.0,0.006839048849999999
4770.0,1.3851979677098647,0.771605792,0.303883179,0.3738116883517245,0.7689864332249926,0.0,0.24239984613314772,0.0,0.0,0.0,0.0,0.0,0.0,0.0,0.0,0.0,0.0,0.006839048849999999
4771.0,1.2955387294247789,0.744896982,0.317837333,0.36087235396170286,0.8042978813559609,0.0,0.13036849410711498,0.0,0.0,0.0,0.0,0.0,0.0,0.0,0.0,0.0,0.0,0.006839048849999999
4772.0,1.3872761842578414,0.673195287,0.325682167,0.32613579295668854,0.8241494932048095,0.0,0.23699089809634338,0.0,0.0,0.0,0.0,0.0,0.0,0.0,0.0,0.0,0.0,0.006839048849999999
4773.0,1.4686848596607105,0.564978566,0.325235189,0.27370918392353927,0.8230184005952048,0.0,0.3719572751419663,0.0,0.0,0.0,0.0,0.0,0.0,0.0,0.0,0.0,0.0,0.006839048849999999
4774.0,1.3420827655028127,0.43645709,0.315537409,0.211445745220612,0.7984778476204031,0.0,0.3321591726617976,0.0,0.0,0.0,0.0,0.0,0.0,0.0,0.0,0.0,0.0,0.006839048849999999
4775.0,1.4635471704355512,0.29508347,0.302466726,0.14295596439144592,0.7654020520694275,0.0,0.5551891539746779,0.0,0.0,0.0,0.0,0.0,0.0,0.0,0.0,0.0,0.0,0.006839048849999999
4776.0,1.3087712272576277,0.161771519,0.293215107,0.07837173498642305,0.7419905242587137,0.0,0.48840896801249084,0.0,0.0,0.0,0.0,0.0,0.0,0.0,0.0,0.0,0.0,0.006839048849999999
4777.0,1.3961564427353976,0.065020971,0.294590231,0.03150002138368929,0.7454703210131174,0.0,0.6191861003385911,0.0,0.0,0.0,0.0,0.0,0.0,0.0,0.0,0.0,0.0,0.006839048849999999
4778.0,1.229018004229212,0.01711333,0.300907281,0.00829071379057276,0.7614558249294233,0.0,0.4592714655092158,0.0,0.0,0.0,0.0,0.0,0.0,0.0,0.0,0.0,0.0,0.006839048849999999
4779.0,1.2461955530712527,0.001037814,0.297446375,0.0005027787602909239,0.7526978878516787,0.0,0.49299488645928297,0.0,0.0,0.0,0.0,0.0,0.0,0.0,0.0,0.0,0.0,0.006839048849999999
4780.0,1.2422749782194498,1.43e-10,0.284457848,6.927769592778873e-11,0.7198299907754259,0.0,0.5224449873747462,0.0,0.0,0.0,0.0,0.0,0.0,0.0,0.0,0.0,0.0,0.006839048849999999
4781.0,1.0374505107879077,0.0,0.275947479,0.0,0.6982942206012612,0.0,0.3391562901866465,0.0,0.0,0.0,0.0,0.0,0.0,0.0,0.0,0.0,0.0,0.006839048849999999
4782.0,1.1079808141349425,0.0,0.26791132,0.0,0.6779584545132049,0.0,0.4300223596217377,0.0,0.0,0.0,0.0,0.0,0.0,0.0,0.0,0.0,0.0,0.006839048849999999
4783.0,0.9280726929543185,0.0,0.259151263,0.0,0.6557908405983933,0.0,0.27228185235592517,0.0,0.0,0.0,0.0,0.0,0.0,0.0,0.0,0.0,0.0,0.006839048849999999
4784.0,0.9524305452497047,5.26e-08,0.250350791,2.548256507553627e-08,0.633520955189644,0.0,0.3189095645774956,0.0,0.0,0.0,0.0,0.0,0.0,0.0,0.0,0.0,0.0,0.006839048849999999
4785.0,0.9236336761317956,0.000401924,0.2327886,0.0001947158647418221,0.5890792501201244,0.0,0.33435971014692933,0.0,0.0,0.0,0.0,0.0,0.0,0.0,0.0,0.0,0.0,0.006839048849999999
4786.0,0.9605142286949171,0.006764475,0.211486303,0.0032771135815463544,0.5351730831403144,0.0,0.4220640319730563,0.0,0.0,0.0,0.0,0.0,0.0,0.0,0.0,0.0,0.0,0.006839048849999999
4787.0,0.8458006895443941,0.042401804,0.182327928,0.020541953037074796,0.46138685099784105,0.0,0.3638718855094783,0.0,0.0,0.0,0.0,0.0,0.0,0.0,0.0,0.0,0.0,0.006839048849999999
4788.0,0.9638829860885687,0.134642838,0.138086338,0.06522899013859103,0.3494320445282717,0.0,0.5492219514217059,0.0,0.0,0.0,0.0,0.0,0.0,0.0,0.0,0.0,0.0,0.006839048849999999
4789.0,0.9145687365573772,0.278798975,0.127324553,0.13506678751768653,0.3221989917166048,0.0,0.4573029573230859,0.0,0.0,0.0,0.0,0.0,0.0,0.0,0.0,0.0,0.0,0.006839048849999999
4790.0,1.0933910224817076,0.438286339,0.155000641,0.21233194211570441,0.3922342475895237,0.0,0.4888248327764795,0.0,0.0,0.0,0.0,0.0,0.0,0.0,0.0,0.0,0.0,0.006839048849999999
4791.0,1.0774150121856008,0.585043515,0.168967016,0.28342983731954335,0.4275766213651143,0.0,0.36640855350094303,0.0,0.0,0.0,0.0,0.0,0.0,0.0,0.0,0.0,0.0,0.006839048849999999
4792.0,1.207899855042925,0.701057783,0.172516388,0.33963404138799785,0.4365584245812399,0.0,0.4317073890736874,0.0,0.0,0.0,0.0,0.0,0.0,0.0,0.0,0.0,0.0,0.006839048849999999
4793.0,1.332637339572118,0.773225592,0.18614632,0.3745964157074156,0.47104941821988144,0.0,0.4869915056448212,0.0,0.0,0.0,0.0,0.0,0.0,0.0,0.0,0.0,0.0,0.006839048849999999
4794.0,1.2790175761680525,0.794403757,0.208482763,0.38485637707230047,0.5275725258496834,0.0,0.3665886732460686,0.0,0.0,0.0,0.0,0.0,0.0,0.0,0.0,0.0,0.0,0.006839048849999999
4795.0,1.4392849959373617,0.764361382,0.23070669,0.37030206574224034,0.5838109080208223,0.0,0.48517202217429917,0.0,0.0,0.0,0.0,0.0,0.0,0.0,0.0,0.0,0.0,0.006839048849999999
4796.0,1.341584350024461,0.687299528,0.24763023,0.3329687252594176,0.6266364856160221,0.0,0.3819791391490215,0.0,0.0,0.0,0.0,0.0,0.0,0.0,0.0,0.0,0.0,0.006839048849999999
4797.0,1.4241789881458418,0.573978374,0.255547394,0.2780692256160741,0.6466711309216686,0.0,0.499438631608099,0.0,0.0,0.0,0.0,0.0,0.0,0.0,0.0,0.0,0.0,0.006839048849999999
4798.0,1.4389890612158802,0.440825623,0.254396582,0.21356212214945475,0.643758963100782,0.0,0.5816679759656433,0.0,0.0,0.0,0.0,0.0,0.0,0.0,0.0,0.0,0.0,0.006839048849999999
4799.0,1.4368930440079706,0.298132117,0.249723539,0.1444329101247128,0.6319336732617646,0.0,0.6605264606214929,0.0,0.0,0.0,0.0,0.0,0.0,0.0,0.0,0.0,0.0,0.006839048849999999
4800.0,1.4929804106462559,0.164671751,0.248991151,0.07977677967604573,0.6300803412092629,0.0,0.7831232897609472,0.0,0.0,0.0,0.0,0.0,0.0,0.0,0.0,0.0,0.0,0.006839048849999999
4801.0,1.3052266890970807,0.066930817,0.259562184,0.03242526425401729,0.6568306897771701,0.0,0.6159707350658934,0.0,0.0,0.0,0.0,0.0,0.0,0.0,0.0,0.0,0.0,0.006839048849999999
4802.0,1.4250979419652818,0.016229037,0.275507853,0.007862309723684145,0.6971817324707716,0.0,0.720053899770826,0.0,0.0,0.0,0.0,0.0,0.0,0.0,0.0,0.0,0.0,0.006839048849999999
4803.0,1.2143303109461945,0.000915361,0.281908059,0.0004434552519031931,0.7133776653948679,0.0,0.5005091902994235,0.0,0.0,0.0,0.0,0.0,0.0,0.0,0.0,0.0,0.0,0.006839048849999999
4804.0,1.2113553909037313,3.34e-11,0.278608978,1.618094436355345e-11,0.7050292318308294,0.0,0.5063261590567211,0.0,0.0,0.0,0.0,0.0,0.0,0.0,0.0,0.0,0.0,0.006839048849999999
4805.0,1.2103274072922576,0.0,0.267922351,0.0,0.6779863688234765,0.0,0.532341038468781,0.0,0.0,0.0,0.0,0.0,0.0,0.0,0.0,0.0,0.0,0.006839048849999999
4806.0,1.000356351305514,0.0,0.255435846,0.0,0.6463888550190153,0.0,0.35396749628649865,0.0,0.0,0.0,0.0,0.0,0.0,0.0,0.0,0.0,0.0,0.006839048849999999
4807.0,1.0905674080486758,0.0,0.24775189,0.0,0.6269443502690575,0.0,0.46362305777961826,0.0,0.0,0.0,0.0,0.0,0.0,0.0,0.0,0.0,0.0,0.006839048849999999
4808.0,0.9790490703574193,1.22e-08,0.241207804,5.9104048274057515e-09,0.6103843242471578,0.0,0.3686647401998567,0.0,0.0,0.0,0.0,0.0,0.0,0.0,0.0,0.0,0.0,0.006839048849999999
4809.0,0.9050276318295611,0.000246821,0.222996724,0.00011957475654959958,0.5643005841057696,0.0,0.3406074729672421,0.0,0.0,0.0,0.0,0.0,0.0,0.0,0.0,0.0,0.0,0.006839048849999999
4810.0,1.0299097454708046,0.00675466,0.199774463,0.0032723586124167653,0.5055358847348648,0.0,0.521101502123523,0.0,0.0,0.0,0.0,0.0,0.0,0.0,0.0,0.0,0.0,0.006839048849999999
4811.0,0.9479203267873743,0.044773679,0.170076949,0.02169103020510783,0.43038534352471997,0.0,0.4958439530575465,0.0,0.0,0.0,0.0,0.0,0.0,0.0,0.0,0.0,0.0,0.006839048849999999
4812.0,1.0519179226541218,0.140348315,0.1373425,0.0679930621716609,0.3475497378721431,0.0,0.6363751226103176,0.0,0.0,0.0,0.0,0.0,0.0,0.0,0.0,0.0,0.0,0.006839048849999999
4813.0,1.1674970146442103,0.289000346,0.145915115,0.14000893771478137,0.36924302360764966,0.0,0.6582450533217792,0.0,0.0,0.0,0.0,0.0,0.0,0.0,0.0,0.0,0.0,0.006839048849999999
4814.0,1.1326346011518102,0.450294221,0.165646236,0.2181492735697797,0.4191732777640363,0.0,0.4953120498179943,0.0,0.0,0.0,0.0,0.0,0.0,0.0,0.0,0.0,0.0,0.006839048849999999
4815.0,1.3278734622057038,0.5964023,0.169178037,0.28893270762261425,0.42811061698362657,0.0,0.610830137599463,0.0,0.0,0.0,0.0,0.0,0.0,0.0,0.0,0.0,0.0,0.006839048849999999
4816.0,1.2857550919552805,0.711542769,0.167301677,0.3447135915412505,0.4233624259564225,0.0,0.5176790744576075,0.0,0.0,0.0,0.0,0.0,0.0,0.0,0.0,0.0,0.0,0.006839048849999999
4817.0,1.4122770831434792,0.78250558,0.17053168,0.37909219323802773,0.4315360553571996,0.0,0.6016488345482519,0.0,0.0,0.0,0.0,0.0,0.0,0.0,0.0,0.0,0.0,0.006839048849999999
4818.0,1.4672541383680817,0.804210954,0.178957313,0.3896075659650971,0.45285739828132643,0.0,0.6247891741216582,0.0,0.0,0.0,0.0,0.0,0.0,0.0,0.0,0.0,0.0,0.006839048849999999
4819.0,1.5125610355802401,0.773938666,0.188169125,0.37494187111822685,0.4761681931622078,0.0,0.6614509712998057,0.0,0.0,0.0,0.0,0.0,0.0,0.0,0.0,0.0,0.0,0.006839048849999999
4820.0,1.6122197440865318,0.694893092,0.195458763,0.33664749881046796,0.4946148631739145,0.0,0.7809573821021492,0.0,0.0,0.0,0.0,0.0,0.0,0.0,0.0,0.0,0.0,0.006839048849999999
4821.0,1.4683867001067188,0.575622305,0.197691139,0.2788656434618382,0.5002639644618047,0.0,0.689257092183076,0.0,0.0,0.0,0.0,0.0,0.0,0.0,0.0,0.0,0.0,0.006839048849999999
4822.0,1.6319116226451356,0.439148728,0.196230413,0.21274973458363078,0.49656754901572625,0.0,0.9225943390457784,0.0,0.0,0.0,0.0,0.0,0.0,0.0,0.0,0.0,0.0,0.006839048849999999
4823.0,1.451073422482594,0.295208687,0.188549262,0.14301662694564865,0.4771301424110238,0.0,0.8309266531259215,0.0,0.0,0.0,0.0,0.0,0.0,0.0,0.0,0.0,0.0,0.006839048849999999
4824.0,1.5038276320471695,0.162801156,0.185279041,0.07887055232210138,0.4688547400313236,0.0,0.9561023396937445,0.0,0.0,0.0,0.0,0.0,0.0,0.0,0.0,0.0,0.0,0.006839048849999999
4825.0,1.5565239899669248,0.06622325,0.201227274,0.032082476761188354,0.5092122710117111,0.0,1.0152292421940254,0.0,0.0,0.0,0.0,0.0,0.0,0.0,0.0,0.0,0.0,122.37175401114305
4826.0,1.336295356189795,0.015917588,0.2301788,0.007711425324250481,0.5824750649196312,0.0,0.7461088659459132,0.0,0.0,0.0,0.0,0.0,0.0,0.0,0.0,0.0,0.0,0.006839048849999999
4827.0,1.4458489547902798,0.000847177,0.247683492,0.0004104228713497641,0.6267712668682822,0.0,0.8186672650506477,0.0,0.0,0.0,0.0,0.0,0.0,0.0,0.0,0.0,0.0,0.006839048849999999
4828.0,1.1776277629825542,0.0,0.248056972,0.0,0.6277163703584655,0.0,0.5499113926240887,0.0,0.0,0.0,0.0,0.0,0.0,0.0,0.0,0.0,0.0,0.006839048849999999
4829.0,1.2601289481392488,0.0,0.240745215,0.0,0.6092137274858309,0.0,0.6509152206534179,0.0,0.0,0.0,0.0,0.0,0.0,0.0,0.0,0.0,0.0,0.006839048849999999
4830.0,1.0227160900226222,0.0,0.223526253,0.0,0.5656405747506587,0.0,0.4570755152719635,0.0,0.0,0.0,0.0,0.0,0.0,0.0,0.0,0.0,0.0,0.006839048849999999
4831.0,1.0558629736633136,0.0,0.205685539,0.0,0.5204940580194802,0.0,0.5353689156438333,0.0,0.0,0.0,0.0,0.0,0.0,0.0,0.0,0.0,0.0,0.006839048849999999
4832.0,1.006637726431863,1.38e-08,0.193965124,6.685539886737654e-09,0.49083516029297364,0.0,0.5158025594533494,0.0,0.0,0.0,0.0,0.0,0.0,0.0,0.0,0.0,0.0,0.006839048849999999
4833.0,1.0455720203854966,0.000371715,0.1777264,0.0001800808303622237,0.4497425322311714,0.0,0.595649407323963,0.0,0.0,0.0,0.0,0.0,0.0,0.0,0.0,0.0,0.0,0.006839048849999999
4834.0,0.9270157835204347,0.006420556,0.159066113,0.003110498785002374,0.4025220589219703,0.0,0.5213832258134621,0.0,0.0,0.0,0.0,0.0,0.0,0.0,0.0,0.0,0.0,0.006839048849999999
4835.0,1.0751743658656407,0.043604052,0.132264404,0.02112439339633208,0.334699448022391,0.0,0.7193505244469177,0.0,0.0,0.0,0.0,0.0,0.0,0.0,0.0,0.0,0.0,0.006839048849999999
4836.0,0.998867778368065,0.134947981,0.10094514,0.0653768195369721,0.25544501480944926,0.0,0.6780459440216435,0.0,0.0,0.0,0.0,0.0,0.0,0.0,0.0,0.0,0.0,0.006839048849999999
4837.0,1.1068171017413853,0.278782706,0.098163835,0.13505890584751135,0.24840683053515342,0.0,0.7233513653587205,0.0,0.0,0.0,0.0,0.0,0.0,0.0,0.0,0.0,0.0,0.006839048849999999
4838.0,1.2267484320868416,0.441305846,0.11429499,0.21379477070170322,0.2892272516853794,0.0,0.7237264096997589,0.0,0.0,0.0,0.0,0.0,0.0,0.0,0.0,0.0,0.0,0.006839048849999999
4839.0,1.1804780794054104,0.592389952,0.124237146,0.286988887869464,0.3143862062091718,0.0,0.5791029853267744,0.0,0.0,0.0,0.0,0.0,0.0,0.0,0.0,0.0,0.0,0.006839048849999999
4840.0,1.3659778036397134,0.707833821,0.129059119,0.34291675677372613,0.32658836833798516,0.0,0.6964726785280022,0.0,0.0,0.0,0.0,0.0,0.0,0.0,0.0,0.0,0.0,0.006839048849999999
4841.0,1.2946398000978576,0.779376347,0.13497417,0.37757620685857873,0.34155660049154546,0.0,0.5755069927477334,0.0,0.0,0.0,0.0,0.0,0.0,0.0,0.0,0.0,0.0,0.006839048849999999
4842.0,1.4735822409766983,0.802225794,0.141827364,0.38864583651860757,0.3588988345289843,0.0,0.7260375699291064,0.0,0.0,0.0,0.0,0.0,0.0,0.0,0.0,0.0,0.0,0.006839048849999999
4843.0,1.3691529806064608,0.775117591,0.147630858,0.37551301243061613,0.3735847680050937,0.0,0.620055200170751,0.0,0.0,0.0,0.0,0.0,0.0,0.0,0.0,0.0,0.0,0.006839048849999999
4844.0,1.4632089598966722,0.698490886,0.151521927,0.3383904839765016,0.3834312467789068,0.0,0.7413872291412636,0.0,0.0,0.0,0.0,0.0,0.0,0.0,0.0,0.0,0.0,0.006839048849999999
4845.0,1.5522896797337074,0.583032909,0.15525403,0.282455780318854,0.39287545683305486,0.0,0.8769584425817983,0.0,0.0,0.0,0.0,0.0,0.0,0.0,0.0,0.0,0.0,0.006839048849999999
4846.0,1.398043303688981,0.448559581,0.157516408,0.21730891089520502,0.398600479174047,0.0,0.7821339136197288,0.0,0.0,0.0,0.0,0.0,0.0,0.0,0.0,0.0,0.0,0.006839048849999999
4847.0,1.5424036889695563,0.299944519,0.160404634,0.14531094533208988,0.40590923057449113,0.0,0.9911835130629751,0.0,0.0,0.0,0.0,0.0,0.0,0.0,0.0,0.0,0.0,0.006839048849999999
4848.0,1.3431107491142866,0.162302477,0.172418206,0.07862896258694353,0.43630997178357156,0.0,0.8281718147437714,0.0,0.0,0.0,0.0,0.0,0.0,0.0,0.0,0.0,0.0,0.006839048849999999
4849.0,1.383271056771319,0.06421854,0.191425774,0.031111276133192575,0.4844092511471111,0.0,0.8677505294910152,0.0,0.0,0.0,0.0,0.0,0.0,0.0,0.0,0.0,0.0,0.006839048849999999
4850.0,1.3456918308056363,0.014032389,0.215036651,0.006798122925052079,0.5441573561567141,0.0,0.7947363517238701,0.0,0.0,0.0,0.0,0.0,0.0,0.0,0.0,0.0,0.0,0.006839048849999999
4851.0,1.2809422632740124,0.000646555,0.223019652,0.00031322965517896115,0.5643586041679494,0.0,0.7162704294508841,0.0,0.0,0.0,0.0,0.0,0.0,0.0,0.0,0.0,0.0,0.006839048849999999
4852.0,1.2715057366733593,0.0,0.21820218,0.0,0.5521678319684744,0.0,0.719337904704885,0.0,0.0,0.0,0.0,0.0,0.0,0.0,0.0,0.0,0.0,0.006839048849999999
4853.0,1.0281141126493971,0.0,0.207363726,0.0,0.5247407657170279,0.0,0.5033733469323692,0.0,0.0,0.0,0.0,0.0,0.0,0.0,0.0,0.0,0.0,0.006839048849999999
4854.0,1.1202810061535144,0.0,0.197147579,0.0,0.4988884679074403,0.0,0.6213925382460741,0.0,0.0,0.0,0.0,0.0,0.0,0.0,0.0,0.0,0.0,0.006839048849999999
4855.0,0.913985767444381,0.0,0.189491044,0.0,0.4795133529047362,0.0,0.4344724145396448,0.0,0.0,0.0,0.0,0.0,0.0,0.0,0.0,0.0,0.0,0.006839048849999999
4856.0,0.9512890841810258,6.36e-09,0.184713695,3.08116186084431e-09,0.46742411328354294,0.0,0.48386496781632093,0.0,0.0,0.0,0.0,0.0,0.0,0.0,0.0,0.0,0.0,0.006839048849999999
4857.0,0.9305113703661282,0.000497193,0.173377566,0.00024086982847150394,0.43873766398755076,0.0,0.4915328365501058,0.0,0.0,0.0,0.0,0.0,0.0,0.0,0.0,0.0,0.0,0.006839048849999999
4858.0,0.9909376253647941,0.00853271,0.15963701,0.0041337516700699455,0.40396673265881056,0.0,0.5828371410359136,0.0,0.0,0.0,0.0,0.0,0.0,0.0,0.0,0.0,0.0,0.006839048849999999
4859.0,0.9059977627962901,0.045916115,0.142883443,0.022244494078009644,0.3615712773607536,0.0,0.5221819913575267,0.0,0.0,0.0,0.0,0.0,0.0,0.0,0.0,0.0,0.0,0.006839048849999999
4860.0,1.0567352020003353,0.133772929,0.11742346,0.06480755453588583,0.2971439484721778,0.0,0.6947836989922718,0.0,0.0,0.0,0.0,0.0,0.0,0.0,0.0,0.0,0.0,0.006839048849999999
4861.0,0.9973970070904736,0.276578609,0.113365168,0.13399111031071867,0.2868743063671585,0.0,0.5765315904125964,0.0,0.0,0.0,0.0,0.0,0.0,0.0,0.0,0.0,0.0,0.006839048849999999
4862.0,1.1682134877067798,0.439440622,0.132868554,0.21289114537926118,0.3362282695753368,0.0,0.6190940727521818,0.0,0.0,0.0,0.0,0.0,0.0,0.0,0.0,0.0,0.0,0.006839048849999999
4863.0,1.1212511371202434,0.590141116,0.13876588,0.28589941810303426,0.3511516480302693,0.0,0.4842000709869399,0.0,0.0,0.0,0.0,0.0,0.0,0.0,0.0,0.0,0.0,0.006839048849999999
4864.0,1.2396293683858994,0.710822939,0.136449551,0.3443648631226512,0.34529010089973333,0.0,0.5499744043635149,0.0,0.0,0.0,0.0,0.0,0.0,0.0,0.0,0.0,0.0,0.006839048849999999
4865.0,1.3617857702238183,0.78625128,0.137628163,0.38090683285786486,0.3482726175399063,0.0,0.6326063198260471,0.0,0.0,0.0,0.0,0.0,0.0,0.0,0.0,0.0,0.0,0.006839048849999999
4866.0,1.2795582684637268,0.809722551,0.143956062,0.3922777110073525,0.36428557520946525,0.0,0.522994982246909,0.0,0.0,0.0,0.0,0.0,0.0,0.0,0.0,0.0,0.0,0.006839048849999999
4867.0,1.455839524681519,0.779542259,0.153024859,0.3776565844885561,0.38723446590364724,0.0,0.6909484742893157,0.0,0.0,0.0,0.0,0.0,0.0,0.0,0.0,0.0,0.0,0.006839048849999999
4868.0,1.3423208485794742,0.70098558,0.162583939,0.3395990619650673,0.4114240339419372,0.0,0.5912977526724698,0.0,0.0,0.0,0.0,0.0,0.0,0.0,0.0,0.0,0.0,0.006839048849999999
4869.0,1.43180875676261,0.58499722,0.168875219,0.28340740927106106,0.42734432602108424,0.0,0.7210570214704648,0.0,0.0,0.0,0.0,0.0,0.0,0.0,0.0,0.0,0.0,0.006839048849999999
4870.0,1.5111458911149585,0.450140929,0.172514775,0.21807500981758277,0.43655434283140143,0.0,0.8565165384659744,0.0,0.0,0.0,0.0,0.0,0.0,0.0,0.0,0.0,0.0,0.006839048849999999
4871.0,1.3418246579336328,0.301986183,0.176249297,0.14630004867319973,0.4460046742450407,0.0,0.7495199350153924,0.0,0.0,0.0,0.0,0.0,0.0,0.0,0.0,0.0,0.0,0.006839048849999999
4872.0,1.4636517485627143,0.164255753,0.187916577,0.07957524552953826,0.4755291120969867,0.0,0.9085473909361893,0.0,0.0,0.0,0.0,0.0,0.0,0.0,0.0,0.0,0.0,0.006839048849999999
4873.0,1.2665772047024513,0.064441898,0.21611012,0.031219484018556478,0.5468738049585335,0.0,0.6884839157253613,0.0,0.0,0.0,0.0,0.0,0.0,0.0,0.0,0.0,0.0,0.006839048849999999
4874.0,1.3938045427908181,0.013742393,0.258702274,0.00665763163338582,0.6546546590867892,0.0,0.7324922520706432,0.0,0.0,0.0,0.0,0.0,0.0,0.0,0.0,0.0,0.0,0.006839048849999999
4875.0,1.172303167828022,0.000612041,0.283448886,0.00029650902303034784,0.7172767790702148,0.0,0.45472987973477685,0.0,0.0,0.0,0.0,0.0,0.0,0.0,0.0,0.0,0.0,0.006839048849999999
4876.0,1.1675815672789298,0.0,0.286650152,0.0,0.725377688542221,0.0,0.44220387873670897,0.0,0.0,0.0,0.0,0.0,0.0,0.0,0.0,0.0,0.0,0.006839048849999999
4877.0,1.162986795181955,0.0,0.277588874,0.0,0.7024478249261763,0.0,0.46053897025577883,0.0,0.0,0.0,0.0,0.0,0.0,0.0,0.0,0.0,0.0,0.006839048849999999
4878.0,0.9498739387158196,0.0,0.263546721,0.0,0.6669136924157695,0.0,0.28296024630005007,0.0,0.0,0.0,0.0,0.0,0.0,0.0,0.0,0.0,0.0,0.006839048849999999
4879.0,1.0567441023303017,0.0,0.246389495,0.0,0.6234967646700745,0.0,0.43324733766022705,0.0,0.0,0.0,0.0,0.0,0.0,0.0,0.0,0.0,0.0,0.006839048849999999
4880.0,0.9332415328343985,3.14e-09,0.22993112,1.5212025539388573e-09,0.5818483024893844,0.0,0.3513932288238115,0.0,0.0,0.0,0.0,0.0,0.0,0.0,0.0,0.0,0.0,0.006839048849999999
4881.0,0.858005204765694,0.000516443,0.205795388,0.0002501956721540909,0.5207720345464513,0.0,0.33698297454708864,0.0,0.0,0.0,0.0,0.0,0.0,0.0,0.0,0.0,0.0,0.006839048849999999
4882.0,0.9266241710017565,0.008169279,0.180010848,0.003957684101477412,0.45552340343697106,0.0,0.46714308346330813,0.0,0.0,0.0,0.0,0.0,0.0,0.0,0.0,0.0,0.0,0.006839048849999999
4883.0,0.959279314661552,0.046517442,0.15501558,0.02253581260289894,0.39227205122302433,0.0,0.5444714508356288,0.0,0.0,0.0,0.0,0.0,0.0,0.0,0.0,0.0,0.0,0.006839048849999999
4884.0,1.000062641416543,0.13905028,0.120240713,0.06736421689869848,0.304273100349197,0.0,0.6284253241686475,0.0,0.0,0.0,0.0,0.0,0.0,0.0,0.0,0.0,0.0,0.006839048849999999
4885.0,1.1005935782598566,0.284547791,0.11682323,0.1378518555372166,0.295625046608858,0.0,0.6671166761137821,0.0,0.0,0.0,0.0,0.0,0.0,0.0,0.0,0.0,0.0,0.006839048849999999
4886.0,1.0602374633435603,0.446123994,0.138531531,0.2161289678491094,0.35055862013635014,0.0,0.49354987535810074,0.0,0.0,0.0,0.0,0.0,0.0,0.0,0.0,0.0,0.0,0.006839048849999999
4887.0,1.2374354485482824,0.595878357,0.152021859,0.2886788785048695,0.3846963412365867,0.0,0.5640602288068263,0.0,0.0,0.0,0.0,0.0,0.0,0.0,0.0,0.0,0.0,0.006839048849999999
4888.0,1.1854288627011973,0.713635771,0.159153416,0.3457275660596578,0.40274298205039333,0.0,0.4369583145911461,0.0,0.0,0.0,0.0,0.0,0.0,0.0,0.0,0.0,0.0,0.006839048849999999
4889.0,1.299928794932448,0.787864801,0.172199875,0.3816885182929075,0.43575747796833325,0.0,0.4824827986712073,0.0,0.0,0.0,0.0,0.0,0.0,0.0,0.0,0.0,0.0,0.006839048849999999
4890.0,1.4144954791384854,0.8140583,0.188151574,0.39437820541882945,0.47612377977633386,0.0,0.543993493943322,0.0,0.0,0.0,0.0,0.0,0.0,0.0,0.0,0.0,0.0,0.006839048849999999
4891.0,1.3213139530178064,0.789993159,0.203081548,0.3827196213582885,0.5139045726855783,0.0,0.42468975897393946,0.0,0.0,0.0,0.0,0.0,0.0,0.0,0.0,0.0,0.0,0.006839048849999999
4892.0,1.4770889529848688,0.718774117,0.213821408,0.348216886141894,0.5410821435597325,0.0,0.5877899232832422,0.0,0.0,0.0,0.0,0.0,0.0,0.0,0.0,0.0,0.0,0.006839048849999999
4893.0,1.365085550810173,0.608040847,0.219482489,0.29457111125972807,0.5554076962300492,0.0,0.5151067433203956,0.0,0.0,0.0,0.0,0.0,0.0,0.0,0.0,0.0,0.0,0.006839048849999999
4894.0,1.507292067238018,0.472651992,0.222326218,0.2289807061639135,0.562603846500573,0.0,0.7157075145735312,0.0,0.0,0.0,0.0,0.0,0.0,0.0,0.0,0.0,0.0,0.006839048849999999
4895.0,1.346737615077043,0.322222728,0.225366176,0.15610383336647957,0.5702965607444692,0.0,0.6203372209660942,0.0,0.0,0.0,0.0,0.0,0.0,0.0,0.0,0.0,0.0,0.006839048849999999
4896.0,1.390794021428489,0.176781765,0.234229621,0.08564358993879584,0.5927258014121006,0.0,0.7124246300775925,0.0,0.0,0.0,0.0,0.0,0.0,0.0,0.0,0.0,0.0,0.006839048849999999
4897.0,1.435041785374178,0.070075928,0.265916205,0.033948942880011296,0.6729097500315276,0.0,0.7281830924626391,0.0,0.0,0.0,0.0,0.0,0.0,0.0,0.0,0.0,0.0,0.006839048849999999
4898.0,1.2436522975322797,0.015445948,0.304038316,0.007482934887135919,0.7693790125335407,0.0,0.46679035011160314,0.0,0.0,0.0,0.0,0.0,0.0,0.0,0.0,0.0,0.0,0.006839048849999999
4899.0,1.3429794699972237,0.000653688,0.323519845,0.0003166853041653452,0.8186776658804549,0.0,0.5239851188126036,0.0,0.0,0.0,0.0,0.0,0.0,0.0,0.0,0.0,0.0,0.006839048849999999
4900.0,1.1018462929531547,0.0,0.323546021,0.0,0.818743905114039,0.0,0.28310238783911573,0.0,0.0,0.0,0.0,0.0,0.0,0.0,0.0,0.0,0.0,0.006839048849999999
4901.0,1.1008027345141829,0.0,0.309483349,0.0,0.783157848595613,0.0,0.3176448859185698,0.0,0.0,0.0,0.0,0.0,0.0,0.0,0.0,0.0,0.0,0.006839048849999999
4902.0,1.0368742171723673,0.0,0.291831357,0.0,0.7384888991260667,0.0,0.29838531804630053,0.0,0.0,0.0,0.0,0.0,0.0,0.0,0.0,0.0,0.0,0.006839048849999999
4903.0,0.9869903495230918,0.0,0.27371713,0.0,0.6926502487038995,0.0,0.2943401008191924,0.0,0.0,0.0,0.0,0.0,0.0,0.0,0.0,0.0,0.0,0.006839048849999999
4904.0,0.9493132209277019,3.92e-10,0.25676901,1.8990808953631594e-10,0.6497624706058919,0.0,0.29955075013190197,0.0,0.0,0.0,0.0,0.0,0.0,0.0,0.0,0.0,0.0,0.006839048849999999
4905.0,0.9861826483283463,0.000374181,0.230970254,0.00018127550727241898,0.5844778654383189,0.0,0.4015235073827549,0.0,0.0,0.0,0.0,0.0,0.0,0.0,0.0,0.0,0.0,0.006839048849999999
4906.0,0.8763998669811668,0.007382432,0.205968921,0.003576488666458582,0.5212111655413157,0.0,0.3516122127733924,0.0,0.0,0.0,0.0,0.0,0.0,0.0,0.0,0.0,0.0,0.006839048849999999
4907.0,1.0139938116520286,0.045854808,0.179378467,0.022214793324833105,0.45392314240498666,0.0,0.5378558759222088,0.0,0.0,0.0,0.0,0.0,0.0,0.0,0.0,0.0,0.0,0.006839048849999999
4908.0,0.9453147679387107,0.142876736,0.142986164,0.06921797952281779,0.3618312162480169,0.0,0.514265572167876,0.0,0.0,0.0,0.0,0.0,0.0,0.0,0.0,0.0,0.0,0.006839048849999999
4909.0,1.050300296432045,0.294766346,0.130583857,0.14280233068484868,0.33044676826680325,0.0,0.577051197480393,0.0,0.0,0.0,0.0,0.0,0.0,0.0,0.0,0.0,0.0,0.006839048849999999
4910.0,1.1662977009307867,0.461795337,0.146618459,0.22372109746543162,0.3710228588577284,0.0,0.5715537446076265,0.0,0.0,0.0,0.0,0.0,0.0,0.0,0.0,0.0,0.0,0.006839048849999999
4911.0,1.1274034589619646,0.614300195,0.147683989,0.2976035113118274,0.373719217757522,0.0,0.4560807298926152,0.0,0.0,0.0,0.0,0.0,0.0,0.0,0.0,0.0,0.0,0.006839048849999999
4912.0,1.30496412986303,0.735035636,0.138884947,0.35609493207620135,0.3514529510110599,0.0,0.5974162467757685,0.0,0.0,0.0,0.0,0.0,0.0,0.0,0.0,0.0,0.0,0.006839048849999999
4913.0,1.2422794278844709,0.813302071,0.138147012,0.39401184316208976,0.3495855820916309,0.0,0.49868200263075024,0.0,0.0,0.0,0.0,0.0,0.0,0.0,0.0,0.0,0.0,0.006839048849999999
4914.0,1.3528432094364964,0.84368516,0.144844144,0.4087312165962782,0.36653289607743383,0.0,0.5775790967627843,0.0,0.0,0.0,0.0,0.0,0.0,0.0,0.0,0.0,0.0,0.006839048849999999
4915.0,1.39398922388768,0.821926679,0.155897202,0.3981901156832113,0.39450302484737465,0.0,0.6012960833570943,0.0,0.0,0.0,0.0,0.0,0.0,0.0,0.0,0.0,0.0,0.006839048849999999
4916.0,1.4207768542648345,0.748269083,0.165962318,0.36250600002964545,0.4199731337171907,0.0,0.6382977205179983,0.0,0.0,0.0,0.0,0.0,0.0,0.0,0.0,0.0,0.0,0.006839048849999999
4917.0,1.5135645430343247,0.633943895,0.172391639,0.3071200866649512,0.4362427431115578,0.0,0.7702017132578157,0.0,0.0,0.0,0.0,0.0,0.0,0.0,0.0,0.0,0.0,0.006839048849999999
4918.0,1.3730646551282972,0.489974528,0.174646817,0.2373727717702504,0.4419495456144613,0.0,0.6937423377435853,0.0,0.0,0.0,0.0,0.0,0.0,0.0,0.0,0.0,0.0,0.006839048849999999
4919.0,1.510480594199753,0.329868322,0.175024366,0.15980781334074057,0.44290494584369755,0.0,0.907767835015315,0.0,0.0,0.0,0.0,0.0,0.0,0.0,0.0,0.0,0.0,0.006839048849999999
4920.0,1.3188730497735615,0.178949784,0.183507073,0.08669390714891939,0.46437071641213923,0.0,0.7678084262125029,0.0,0.0,0.0,0.0,0.0,0.0,0.0,0.0,0.0,0.0,0.006839048849999999
4921.0,1.3556000728946662,0.070849143,0.208937462,0.034323534164324626,0.5287231567051048,0.0,0.7925533820252368,0.0,0.0,0.0,0.0,0.0,0.0,0.0,0.0,0.0,0.0,0.006839048849999999
4922.0,1.4015366647022396,0.015151972,0.240975648,0.007340515447009572,0.6097968458122563,0.0,0.7843993034429736,0.0,0.0,0.0,0.0,0.0,0.0,0.0,0.0,0.0,0.0,0.006839048849999999
4923.0,1.1759456096182013,0.000505828,0.26065687,0.0002450531354948358,0.6596008288990901,0.0,0.5160997275836162,0.0,0.0,0.0,0.0,0.0,0.0,0.0,0.0,0.0,0.0,0.006839048849999999
4924.0,1.098372956432415,0.0,0.265114791,0.0,0.6708817454034841,0.0,0.4274912110289308,0.0,0.0,0.0,0.0,0.0,0.0,0.0,0.0,0.0,0.0,0.006839048849999999
4925.0,1.0225113834333168,0.0,0.256683693,0.0,0.6495465731161415,0.0,0.37296481031717527,0.0,0.0,0.0,0.0,0.0,0.0,0.0,0.0,0.0,0.0,0.006839048849999999
4926.0,1.0303948109541692,0.0,0.246328249,0.0,0.6233417796418007,0.0,0.40705303131236853,0.0,0.0,0.0,0.0,0.0,0.0,0.0,0.0,0.0,0.0,0.006839048849999999
4927.0,0.9056284006025658,0.0,0.236290811,0.0,0.5979417108662367,0.0,0.3076866897363291,0.0,0.0,0.0,0.0,0.0,0.0,0.0,0.0,0.0,0.0,0.006839048849999999
4928.0,0.9374980933925697,0.0,0.224929881,0.0,0.5691925018196287,0.0,0.368305591572941,0.0,0.0,0.0,0.0,0.0,0.0,0.0,0.0,0.0,0.0,0.006839048849999999
4929.0,0.907708841983053,0.000378649,0.205265768,0.00018344007192560332,0.5194318136230529,0.0,0.38809358828807444,0.0,0.0,0.0,0.0,0.0,0.0,0.0,0.0,0.0,0.0,0.006839048849999999
4930.0,0.9521501863556459,0.007265116,0.185234595,0.003519653826070719,0.4687422679585896,0.0,0.4798882645709856,0.0,0.0,0.0,0.0,0.0,0.0,0.0,0.0,0.0,0.0,0.006839048849999999
4931.0,0.8384379298266971,0.045237236,0.162494043,0.021915604756794528,0.41119654914126913,0.0,0.40532577592863334,0.0,0.0,0.0,0.0,0.0,0.0,0.0,0.0,0.0,0.0,0.006839048849999999
4932.0,0.9602983969431345,0.139308717,0.125461986,0.06748941913577883,0.3174857043320057,0.0,0.5753232734753498,0.0,0.0,0.0,0.0,0.0,0.0,0.0,0.0,0.0,0.0,0.006839048849999999
4933.0,0.8997119370049955,0.289072986,0.110838438,0.14004412884647502,0.2804803325486123,0.0,0.4791874756099082,0.0,0.0,0.0,0.0,0.0,0.0,0.0,0.0,0.0,0.0,0.006839048849999999
4934.0,1.0198880249246447,0.452748668,0.127860152,0.21933835352038722,0.32355434269721595,0.0,0.4769953287070415,0.0,0.0,0.0,0.0,0.0,0.0,0.0,0.0,0.0,0.0,0.006839048849999999
4935.0,1.151262895778999,0.603087526,0.129957486,0.2921714282802125,0.32886171573855666,0.0,0.53022975176023,0.0,0.0,0.0,0.0,0.0,0.0,0.0,0.0,0.0,0.0,0.006839048849999999
4936.0,1.1191439957497813,0.722405011,0.119340521,0.34997590691446767,0.3019951347257767,0.0,0.46717295410953685,0.0,0.0,0.0,0.0,0.0,0.0,0.0,0.0,0.0,0.0,0.006839048849999999
4937.0,1.292523758397429,0.79921928,0.113911328,0.38718930251374994,0.2882563823074993,0.0,0.6170780735761797,0.0,0.0,0.0,0.0,0.0,0.0,0.0,0.0,0.0,0.0,0.006839048849999999
4938.0,1.2305021275016401,0.827581156,0.116298599,0.40092948028626496,0.29429745051493517,0.0,0.5352751967004401,0.0,0.0,0.0,0.0,0.0,0.0,0.0,0.0,0.0,0.0,0.006839048849999999
4939.0,1.3914081411964059,0.804288001,0.124857642,0.3896448921094198,0.3159563918556448,0.0,0.6858068572313412,0.0,0.0,0.0,0.0,0.0,0.0,0.0,0.0,0.0,0.0,0.006839048849999999
4940.0,1.2955832310746114,0.731203342,0.134407334,0.3542383411780344,0.34012220324949366,0.0,0.6012226866470832,0.0,0.0,0.0,0.0,0.0,0.0,0.0,0.0,0.0,0.0,0.006839048849999999
4941.0,1.3809236064917603,0.61620332,0.142321483,0.2985254981304468,0.3601492189979407,0.0,0.7222488893633728,0.0,0.0,0.0,0.0,0.0,0.0,0.0,0.0,0.0,0.0,0.006839048849999999
4942.0,1.4596688714011459,0.476523896,0.14800586,0.23085648649939317,0.3745337229666062,0.0,0.8542786619351465,0.0,0.0,0.0,0.0,0.0,0.0,0.0,0.0,0.0,0.0,0.006839048849999999
4943.0,1.308995959339377,0.320847705,0.153572453,0.15543769053229972,0.3886201706284072,0.0,0.7649380981786699,0.0,0.0,0.0,0.0,0.0,0.0,0.0,0.0,0.0,0.0,0.006839048849999999
4944.0,1.4252002952599347,0.174806528,0.171198143,0.08468666778305235,0.4332225620172028,0.0,0.9072910654596799,0.0,0.0,0.0,0.0,0.0,0.0,0.0,0.0,0.0,0.0,0.006839048849999999
4945.0,1.2382097732556723,0.068696147,0.206276275,0.03328049498794878,0.5219889350018538,0.0,0.6829403432658698,0.0,0.0,0.0,0.0,0.0,0.0,0.0,0.0,0.0,0.0,0.006839048849999999
4946.0,1.3596207762086112,0.013780186,0.24171761,0.006675940807946652,0.6116744051883497,0.0,0.7412704302123151,0.0,0.0,0.0,0.0,0.0,0.0,0.0,0.0,0.0,0.0,0.006839048849999999
4947.0,1.1493782606578506,0.000489456,0.258375568,0.00023712156600022208,0.6538279187503219,0.0,0.4953132203415284,0.0,0.0,0.0,0.0,0.0,0.0,0.0,0.0,0.0,0.0,0.006839048849999999
4948.0,1.154108762536834,0.0,0.255404742,0.0,0.6463101453184728,0.0,0.5077986172183612,0.0,0.0,0.0,0.0,0.0,0.0,0.0,0.0,0.0,0.0,0.006839048849999999
4949.0,1.1542667416438719,0.0,0.240768428,0.0,0.6092724687499351,0.0,0.5449942728939366,0.0,0.0,0.0,0.0,0.0,0.0,0.0,0.0,0.0,0.0,0.006839048849999999
4950.0,0.9423754492161139,0.0,0.22207143,0.0,0.5619590970412798,0.0,0.3804163521748341,0.0,0.0,0.0,0.0,0.0,0.0,0.0,0.0,0.0,0.0,0.006839048849999999
4951.0,1.0391771658020934,0.0,0.201844914,0.0,0.5107752294557422,0.0,0.5284019363463512,0.0,0.0,0.0,0.0,0.0,0.0,0.0,0.0,0.0,0.0,0.006839048849999999
4952.0,0.9172165712234382,0.0,0.18372265,0.0,0.4649162411393086,0.0,0.4523003300841296,0.0,0.0,0.0,0.0,0.0,0.0,0.0,0.0,0.0,0.0,0.006839048849999999
4953.0,0.8319318216186744,0.00027237,0.162856815,0.00013195221006889383,0.4121145556833617,0.0,0.41968531372524387,0.0,0.0,0.0,0.0,0.0,0.0,0.0,0.0,0.0,0.0,0.006839048849999999
4954.0,0.8767825791698783,0.005582458,0.143023578,0.0027044743206549064,0.3619258936122178,0.0,0.5121522112370056,0.0,0.0,0.0,0.0,0.0,0.0,0.0,0.0,0.0,0.0,0.006839048849999999
4955.0,0.9229439040591255,0.040545345,0.121627514,0.019642574001379646,0.30778244613823413,0.0,0.5955188839195117,0.0,0.0,0.0,0.0,0.0,0.0,0.0,0.0,0.0,0.0,0.006839048849999999
4956.0,0.8220947821693767,0.133477187,0.091176537,0.06466427954043773,0.23072524189118268,0.0,0.5267052607377563,0.0,0.0,0.0,0.0,0.0,0.0,0.0,0.0,0.0,0.0,0.006839048849999999
4957.0,0.9696637209040552,0.284958203,0.073338485,0.1380506834934482,0.18558546143903087,0.0,0.646027575971576,0.0,0.0,0.0,0.0,0.0,0.0,0.0,0.0,0.0,0.0,0.006839048849999999
4958.0,0.9404641131050662,0.455514262,0.074532281,0.22067817156368594,0.18860640169330625,0.0,0.531179539848074,0.0,0.0,0.0,0.0,0.0,0.0,0.0,0.0,0.0,0.0,0.006839048849999999
4959.0,1.1235229350950489,0.614035174,0.074917196,0.2974751193939779,0.18958044182912043,0.0,0.6364673738719504,0.0,0.0,0.0,0.0,0.0,0.0,0.0,0.0,0.0,0.0,0.006839048849999999
4960.0,1.0973917003032092,0.737652605,0.074097298,0.35736274733937934,0.18750566282785064,0.0,0.5525232901359792,0.0,0.0,0.0,0.0,0.0,0.0,0.0,0.0,0.0,0.0,0.006839048849999999
4961.0,1.2164619284740457,0.816544871,0.084562599,0.3955828481435907,0.21398845307342704,0.0,0.6068906272570279,0.0,0.0,0.0,0.0,0.0,0.0,0.0,0.0,0.0,0.0,0.006839048849999999
4962.0,1.3323814558355238,0.84070218,0.1025241,0.4072860838592245,0.2594406253022727,0.0,0.6656547466740267,0.0,0.0,0.0,0.0,0.0,0.0,0.0,0.0,0.0,0.0,0.006839048849999999
4963.0,1.2627678824753432,0.811083611,0.122427414,0.3929370893347614,0.3098066195392129,0.0,0.5600241736013689,0.0,0.0,0.0,0.0,0.0,0.0,0.0,0.0,0.0,0.0,0.006839048849999999
4964.0,1.4117386156803156,0.734627553,0.142045584,0.35589723242594057,0.3594510474550521,0.0,0.696390335799323,0.0,0.0,0.0,0.0,0.0,0.0,0.0,0.0,0.0,0.0,0.006839048849999999
4965.0,1.311265531481747,0.615707056,0.160774029,0.2982850783647691,0.4068439968370922,0.0,0.6061364562798858,0.0,0.0,0.0,0.0,0.0,0.0,0.0,0.0,0.0,0.0,0.006839048849999999
4966.0,1.385665232533296,0.471118115,0.17985306,0.22823760501428672,0.45512411568526007,0.0,0.7023035118337495,0.0,0.0,0.0,0.0,0.0,0.0,0.0,0.0,0.0,0.0,0.006839048849999999
4967.0,1.3816779057067066,0.311714704,0.202759531,0.15101312223729138,0.5130896980186662,0.0,0.7175750854507488,0.0,0.0,0.0,0.0,0.0,0.0,0.0,0.0,0.0,0.0,0.006839048849999999
4968.0,1.3608979670592987,0.166095137,0.233375602,0.08046635242077212,0.5905646780920225,0.0,0.6898669365465039,0.0,0.0,0.0,0.0,0.0,0.0,0.0,0.0,0.0,0.0,0.006839048849999999
4969.0,1.4066476529374994,0.062681834,0.272615715,0.030366804447889018,0.6898630816249658,0.0,0.6864177668646445,0.0,0.0,0.0,0.0,0.0,0.0,0.0,0.0,0.0,0.0,0.006839048849999999
4970.0,1.2341200921345052,0.012256591,0.313598984,0.005937820869994909,0.7935725990583425,0.0,0.43460967220616775,0.0,0.0,0.0,0.0,0.0,0.0,0.0,0.0,0.0,0.0,0.006839048849999999
4971.0,1.3260422290643548,0.000452076,0.332849625,0.00021901247317658053,0.8422869826862853,0.0,0.4835362339048929,0.0,0.0,0.0,0.0,0.0,0.0,0.0,0.0,0.0,0.0,0.006839048849999999
4972.0,1.1028676000672475,0.0,0.330967911,0.0,0.8375252431850359,0.0,0.2653423568822117,0.0,0.0,0.0,0.0,0.0,0.0,0.0,0.0,0.0,0.0,0.006839048849999999
4973.0,1.099476592348642,0.0,0.319112566,0.0,0.8075249006316834,0.0,0.29195169171695873,0.0,0.0,0.0,0.0,0.0,0.0,0.0,0.0,0.0,0.0,0.006839048849999999
4974.0,1.1071886887676199,0.0,0.301029766,0.0,0.7617657772722396,0.0,0.34542291149538024,0.0,0.0,0.0,0.0,0.0,0.0,0.0,0.0,0.0,0.0,0.006839048849999999
4975.0,0.9287669146920094,0.0,0.28013666,0.0,0.7088950816489992,0.0,0.21987183304301025,0.0,0.0,0.0,0.0,0.0,0.0,0.0,0.0,0.0,0.0,0.006839048849999999
4976.0,0.9560818873698503,0.0,0.261198265,0.0,0.6609708468493626,0.0,0.2951110405204878,0.0,0.0,0.0,0.0,0.0,0.0,0.0,0.0,0.0,0.0,0.006839048849999999
4977.0,0.9931871720147208,0.000301516,0.232775047,0.00014607226409344857,0.5890449538054557,0.0,0.40399614594517164,0.0,0.0,0.0,0.0,0.0,0.0,0.0,0.0,0.0,0.0,0.006839048849999999
4978.0,0.8945030451401037,0.005710341,0.207129702,0.0027664284436502446,0.5241485602463558,0.0,0.36758805645009773,0.0,0.0,0.0,0.0,0.0,0.0,0.0,0.0,0.0,0.0,0.006839048849999999
4979.0,0.9784883525693016,0.040525629,0.185598912,0.01963302239961103,0.469664184174272,0.0,0.4891911459954184,0.0,0.0,0.0,0.0,0.0,0.0,0.0,0.0,0.0,0.0,0.006839048849999999
4980.0,1.0193117313091045,0.131794281,0.155442084,0.06384897988908772,0.3933513336985977,0.0,0.5621114177214189,0.0,0.0,0.0,0.0,0.0,0.0,0.0,0.0,0.0,0.0,0.006839048849999999
4981.0,1.078449670294606,0.280284768,0.142182988,0.13578659392094272,0.3597987528207079,0.0,0.5828643235529555,0.0,0.0,0.0,0.0,0.0,0.0,0.0,0.0,0.0,0.0,0.006839048849999999
4982.0,1.2031671293313557,0.448691739,0.171317135,0.21737293608218702,0.43352367520801327,0.0,0.5522705180411556,0.0,0.0,0.0,0.0,0.0,0.0,0.0,0.0,0.0,0.0,0.006839048849999999
4983.0,1.1782441075829815,0.604130644,0.214169799,0.2926767766132251,0.5419637585057763,0.0,0.3436035724639801,0.0,0.0,0.0,0.0,0.0,0.0,0.0,0.0,0.0,0.0,0.006839048849999999
4984.0,1.3686812651180837,0.725562445,0.242524626,0.35150555553379675,0.6137165858626393,0.0,0.4034591237216477,0.0,0.0,0.0,0.0,0.0,0.0,0.0,0.0,0.0,0.0,0.006839048849999999
4985.0,1.317847291994523,0.802434563,0.27696368,0.3887469766256086,0.7008657508353504,0.0,0.22823456453356383,0.0,0.0,0.0,0.0,0.0,0.0,0.0,0.0,0.0,0.0,0.006839048849999999
4986.0,1.4321135918140582,0.827477015,0.315744195,0.4008790281986313,0.7990011264313729,0.0,0.23223343718405384,0.0,0.0,0.0,0.0,0.0,0.0,0.0,0.0,0.0,0.0,0.006839048849999999
4987.0,1.5414024073479067,0.801213806,0.353501713,0.38815556940709306,0.8945477742905769,0.0,0.2586990636502368,0.0,0.0,0.0,0.0,0.0,0.0,0.0,0.0,0.0,0.0,0.006839048849999999
4988.0,1.4317931809351874,0.724113365,0.387820747,0.35080353508893636,0.981393224684484,0.0,0.09959642116176697,0.0,0.0,0.0,0.0,0.0,0.0,0.0,0.0,0.0,0.0,0.006839048849999999
4989.0,1.5897888027296914,0.604756671,0.416250195,0.2929800612855928,1.0533348829494036,0.0,0.24347385849469508,0.0,0.0,0.0,0.0,0.0,0.0,0.0,0.0,0.0,0.0,0.006839048849999999
4990.0,1.4481964050698386,0.463418149,0.443284218,0.22450728401287195,1.121745372108109,0.0,0.10194374894885791,0.0,0.0,0.0,0.0,0.0,0.0,0.0,0.0,0.0,0.0,0.006839048849999999
4991.0,1.5874435772826432,0.310563337,0.463453052,0.1504553316573803,1.1727832734852264,0.0,0.26420497214003635,0.0,0.0,0.0,0.0,0.0,0.0,0.0,0.0,0.0,0.0,0.006839048849999999
4992.0,1.4004130042934937,0.167892699,0.47247792,0.08133719825047385,1.1956210003922705,0.0,0.12345480565074926,0.0,0.0,0.0,0.0,0.0,0.0,0.0,0.0,0.0,0.0,0.006839048849999999
4993.0,1.4444160096650651,0.066257524,0.487801193,0.03209908112307807,1.2343970494265701,0.0,0.17791987911541698,0.0,0.0,0.0,0.0,0.0,0.0,0.0,0.0,0.0,0.0,0.006839048849999999
4994.0,1.4937992370034783,0.013975357,0.496008428,0.006770493235862194,1.2551657289897429,0.0,0.23186301477787305,0.0,0.0,0.0,0.0,0.0,0.0,0.0,0.0,0.0,0.0,0.006839048849999999
4995.0,1.2579973306113974,0.000500219,0.495297874,0.00024233580265246537,1.2533676485962448,0.0,0.004387346212500244,0.0,0.0,0.0,0.0,0.0,0.0,0.0,0.0,0.0,0.0,0.006839048849999999
4996.0,1.3344463223885132,0.0,0.495901333,0.0,1.2548947215508408,0.0,0.07955160083767236,0.0,0.0,0.0,0.0,0.0,0.0,0.0,0.0,0.0,0.0,0.006839048849999999
4997.0,1.0866557325269148,0.0,0.488212078,0.0,1.0866557325269148,0.0,0.0,0.0,0.0,0.0,0.0,0.0,0.0,0.0,0.1487810749792417,0.0,0.0,3.675e-09
4998.0,1.0943945299357922,0.0,0.476855973,0.0,1.0943945299357922,0.0,0.0,0.0,0.0,0.0,0.0,0.0,0.0,0.0,0.1123052783458086,0.0,0.0,3.675e-09
4999.0,1.037917775611339,0.0,0.469813292,0.0,1.037917775611339,0.0,0.0,0.0,0.0,0.0,0.0,0.0,0.0,0.0,0.15096029551339404,0.0,0.0,3.675e-09
5000.0,0.9952053120853671,0.0,0.462000003,0.0,0.9952053120853671,0.0,0.0,0.0,0.0,0.0,0.0,0.0,0.0,0.0,0.17390097285614295,0.0,0.0,3.675e-09
5001.0,0.9725941392966855,0.000252939,0.438415353,0.00012253867923271995,0.9724716006174527,0.0,0.0,0.0,0.0,0.0,0.0,0.0,0.0,0.0,0.13695294760522472,0.0,0.0,3.675e-09
5002.0,1.033254026707067,0.006308002,0.412039311,0.0030559709403348476,1.030198055766732,0.0,0.0,0.0,0.0,0.0,0.0,0.0,0.0,0.0,0.01248104597576184,0.0,0.0,3.675e-09
5003.0,0.9535920328107518,0.040243606,0.389279379,0.019496393702837303,0.9340956391079146,0.0,0.0,0.0,0.0,0.0,0.0,0.0,0.0,0.0,0.05098870208640369,0.0,0.0,3.675e-09
5004.0,1.1056444890178612,0.130976202,0.365735864,0.06345265381771073,0.9255066979532321,0.0,0.11668513724691822,0.0,0.0,0.0,0.0,0.0,0.0,0.0,0.0,0.0,0.0,0.006839048849999999
5005.0,1.0586776887663036,0.282205926,0.396931366,0.13671731699614018,0.9219603717701634,0.0,0.0,0.0,0.0,0.0,0.0,0.0,0.0,0.0,0.0824875755624663,0.0,0.0,3.675e-09
5006.0,1.1827988286950695,0.452736523,0.46014008,0.2193324697608275,0.963466358934242,0.0,0.0,0.0,0.0,0.0,0.0,0.0,0.0,0.0,0.20093332935210023,0.0,0.0,3.675e-09
5007.0,1.3262758614760706,0.611918956,0.474908437,0.29644989766585966,1.029825963810211,0.0,0.0,0.0,0.0,0.0,0.0,0.0,0.0,0.0,0.1719455402225481,0.0,0.0,3.675e-09
5008.0,1.2918139608323151,0.736654525,0.460964877,0.3568792180893681,0.934934742742947,0.0,0.0,0.0,0.0,0.0,0.0,0.0,0.0,0.0,0.23155212162616456,0.0,0.0,3.675e-09
5009.0,1.4802841554440602,0.815117852,0.444138542,0.39489151535782024,1.08539264008624,0.0,0.0,0.0,0.0,0.0,0.0,0.0,0.0,0.0,0.038514627154532716,0.0,0.0,3.675e-09
5010.0,1.40869026816561,0.840747825,0.431141437,0.40730819700908905,1.0013820711565207,0.0,0.0,0.0,0.0,0.0,0.0,0.0,0.0,0.0,0.08963559209534314,0.0,0.0,3.675e-09
5011.0,1.584275076813276,0.813928084,0.423770947,0.39431512105202576,1.0723663945805548,0.0,0.11759356118069568,0.0,0.0,0.0,0.0,0.0,0.0,0.0,0.0,0.0,0.0,0.006839048849999999
5012.0,1.4699865256688625,0.739353737,0.414429017,0.35818687674797395,1.04872633179795,0.0,0.06307331712293872,0.0,0.0,0.0,0.0,0.0,0.0,0.0,0.0,0.0,0.0,0.006839048849999999
5013.0,1.5191672722504053,0.622829743,0.405276207,0.3017357311212364,1.0255648434291382,0.0,0.19186669770003076,0.0,0.0,0.0,0.0,0.0,0.0,0.0,0.0,0.0,0.0,0.006839048849999999
5014.0,1.7597263805114445,0.478358317,0.401200506,0.2317451890185648,1.0152511472739405,0.0,0.5127300442189393,0.0,0.0,0.0,0.0,0.0,0.0,0.0,0.0,0.0,0.0,0.006839048849999999
5015.0,1.5828287806931496,0.321400559,0.394614464,0.1557055258561071,0.9985849502066458,0.0,0.4285383046303966,0.0,0.0,0.0,0.0,0.0,0.0,0.0,0.0,0.0,0.0,0.006839048849999999
5016.0,1.7205807054709736,0.174856905,0.39547311,0.08471107339485483,1.000757782303229,0.0,0.6351118497728899,0.0,0.0,0.0,0.0,0.0,0.0,0.0,0.0,0.0,0.0,0.006839048849999999
5017.0,1.5100266803712337,0.069356098,0.410938631,0.033600214461412,1.039893794605365,0.0,0.43653267130445655,0.0,0.0,0.0,0.0,0.0,0.0,0.0,0.0,0.0,0.0,0.006839048849999999
5018.0,1.5605113177934387,0.014833255,0.428445511,0.007186109996568894,1.0841955333603686,0.0,0.46912967443650133,0.0,0.0,0.0,0.0,0.0,0.0,0.0,0.0,0.0,0.0,0.006839048849999999
5019.0,1.491046824210254,0.000481631,0.432843371,0.000233330671100677,1.0953244635181738,0.0,0.3954890300209795,0.0,0.0,0.0,0.0,0.0,0.0,0.0,0.0,0.0,0.0,0.006839048849999999
5020.0,1.4006533112027406,0.0,0.429199978,0.0,1.0861047370524752,0.0,0.3145485741502655,0.0,0.0,0.0,0.0,0.0,0.0,0.0,0.0,0.0,0.0,0.006839048849999999
5021.0,1.3978074454448302,0.0,0.420057485,0.0,1.0629693561933247,0.0,0.3348380892515054,0.0,0.0,0.0,0.0,0.0,0.0,0.0,0.0,0.0,0.0,0.006839048849999999
5022.0,1.1537705509980305,0.0,0.413103475,0.0,1.0453720039341168,0.0,0.10839854706391382,0.0,0.0,0.0,0.0,0.0,0.0,0.0,0.0,0.0,0.0,0.006839048849999999
5023.0,1.2530042704982882,0.0,0.403229229,0.0,1.0203848979109624,0.0,0.23261937258732582,0.0,0.0,0.0,0.0,0.0,0.0,0.0,0.0,0.0,0.0,0.006839048849999999
5024.0,1.1279152254352285,0.0,0.394765263,0.0,0.9989665520627455,0.0,0.12894867337248303,0.0,0.0,0.0,0.0,0.0,0.0,0.0,0.0,0.0,0.0,0.006839048849999999
5025.0,1.0439588438284406,0.000359506,0.370982203,0.0001741660654001092,0.9387827322779196,0.0,0.10500194548512085,0.0,0.0,0.0,0.0,0.0,0.0,0.0,0.0,0.0,0.0,0.006839048849999999
5026.0,1.1133966364217258,0.006241829,0.346203394,0.003023912807659116,0.8760791367213083,0.0,0.2342935868927583,0.0,0.0,0.0,0.0,0.0,0.0,0.0,0.0,0.0,0.0,0.006839048849999999
5027.0,1.2006728241073117,0.038374345,0.326837819,0.01859081261774867,0.8270739088057444,0.0,0.3550081026838186,0.0,0.0,0.0,0.0,0.0,0.0,0.0,0.0,0.0,0.0,0.006839048849999999
5028.0,1.1318424757844874,0.126115284,0.290638149,0.06109773634124978,0.7354694468252354,0.0,0.3352752926180022,0.0,0.0,0.0,0.0,0.0,0.0,0.0,0.0,0.0,0.0,0.006839048849999999
5029.0,1.2945663736255395,0.272673828,0.283436321,0.13209940240314802,0.7172449829222172,0.0,0.44522198830017445,0.0,0.0,0.0,0.0,0.0,0.0,0.0,0.0,0.0,0.0,0.006839048849999999
5030.0,1.2523411994155178,0.439634424,0.331625595,0.21298503458224158,0.8391895342952364,0.0,0.20016663053803993,0.0,0.0,0.0,0.0,0.0,0.0,0.0,0.0,0.0,0.0,0.006839048849999999
5031.0,1.388726931042914,0.594216077,0.376002479,0.2878735713133531,0.9514867067056884,0.0,0.14936665302387267,0.0,0.0,0.0,0.0,0.0,0.0,0.0,0.0,0.0,0.0,0.006839048849999999
5032.0,1.4654718565415863,0.717139648,0.387240398,0.347425052251087,0.9799246323490862,0.0,0.13812217194141307,0.0,0.0,0.0,0.0,0.0,0.0,0.0,0.0,0.0,0.0,0.006839048849999999
5033.0,1.5339506443305442,0.79621289,0.390267934,0.38573282858185937,0.9875859123112135,0.0,0.1606319034374713,0.0,0.0,0.0,0.0,0.0,0.0,0.0,0.0,0.0,0.0,0.006839048849999999
5034.0,1.6596871856488762,0.822633076,0.393257921,0.3985323363585281,0.995152173287176,0.0,0.2660026760031721,0.0,0.0,0.0,0.0,0.0,0.0,0.0,0.0,0.0,0.0,0.006839048849999999
5035.0,1.5616639040245945,0.796035989,0.392809497,0.38564712722740263,0.9940174215267552,0.0,0.18199935527043665,0.0,0.0,0.0,0.0,0.0,0.0,0.0,0.0,0.0,0.0,0.006839048849999999
5036.0,1.7380608635320272,0.721537184,0.385856759,0.34955547995625835,0.9764232881056096,0.0,0.41208209547015917,0.0,0.0,0.0,0.0,0.0,0.0,0.0,0.0,0.0,0.0,0.006839048849999999
5037.0,1.4740139044802636,0.607187498,0.37396357,0.2941576983048869,0.9463271800588373,0.0,0.23352902611653942,0.0,0.0,0.0,0.0,0.0,0.0,0.0,0.0,0.0,0.0,0.006839048849999999
5038.0,1.556797674363452,0.468709051,0.352669523,0.22707051128517777,0.892441889976837,0.0,0.4372852731014371,0.0,0.0,0.0,0.0,0.0,0.0,0.0,0.0,0.0,0.0,0.006839048849999999
5039.0,1.637790261090254,0.312852113,0.322539757,0.15156415073272866,0.816197520787045,0.0,0.6700285895704801,0.0,0.0,0.0,0.0,0.0,0.0,0.0,0.0,0.0,0.0,0.006839048849999999
5040.0,1.4277546769613092,0.168477538,0.295855942,0.08162052900857672,0.7486732445529678,0.0,0.5974609033997647,0.0,0.0,0.0,0.0,0.0,0.0,0.0,0.0,0.0,0.0,0.006839048849999999
5041.0,1.575083307786816,0.065591,0.29115528,0.03177617729789923,0.7367780639211493,0.0,0.8065290665677677,0.0,0.0,0.0,0.0,0.0,0.0,0.0,0.0,0.0,0.0,0.006839048849999999
5042.0,1.3466308111174448,0.014015056,0.298156451,0.006789725790062455,0.7544947586503702,0.0,0.585346326677012,0.0,0.0,0.0,0.0,0.0,0.0,0.0,0.0,0.0,0.0,0.006839048849999999
5043.0,1.4645974043719787,0.000439071,0.289527007,0.00021271207852244844,0.7326576652511505,0.0,0.7317270270423057,0.0,0.0,0.0,0.0,0.0,0.0,0.0,0.0,0.0,0.0,0.006839048849999999
5044.0,1.186650426739575,0.0,0.268758626,0.0,0.6801025903647986,0.0,0.5065478363747764,0.0,0.0,0.0,0.0,0.0,0.0,0.0,0.0,0.0,0.0,0.006839048849999999
5045.0,1.1884482833935683,0.0,0.249672901,0.0,0.6318055321282745,0.0,0.5566427512652938,0.0,0.0,0.0,0.0,0.0,0.0,0.0,0.0,0.0,0.0,0.006839048849999999
5046.0,1.1996715424856623,0.0,0.236887343,0.0,0.5994512548182714,0.0,0.6002202876673909,0.0,0.0,0.0,0.0,0.0,0.0,0.0,0.0,0.0,0.0,0.006839048849999999
5047.0,0.9820017400749284,0.0,0.228387429,0.0,0.5779419413673313,0.0,0.40405979870759706,0.0,0.0,0.0,0.0,0.0,0.0,0.0,0.0,0.0,0.0,0.006839048849999999
5048.0,1.0133218402392914,0.0,0.219557505,0.0,0.5555975266986675,0.0,0.45772431354062393,0.0,0.0,0.0,0.0,0.0,0.0,0.0,0.0,0.0,0.0,0.006839048849999999
5049.0,1.052178256055737,0.000299032,0.202310708,0.00014486886691383578,0.5119539365755515,0.0,0.5400794506132716,0.0,0.0,0.0,0.0,0.0,0.0,0.0,0.0,0.0,0.0,0.006839048849999999
5050.0,0.9303800912490654,0.005236572,0.185665401,0.00253690659244736,0.46983243678742076,0.0,0.45801074786919727,0.0,0.0,0.0,0.0,0.0,0.0,0.0,0.0,0.0,0.0,0.006839048849999999
5051.0,1.0243604182345234,0.037859169,0.16338521,0.018341230755669687,0.413451676703752,0.0,0.5925675107751018,0.0,0.0,0.0,0.0,0.0,0.0,0.0,0.0,0.0,0.0,0.006839048849999999
5052.0,1.1168432719525658,0.127600819,0.128725842,0.06181741775397767,0.325744999868729,0.0,0.7292808543298592,0.0,0.0,0.0,0.0,0.0,0.0,0.0,0.0,0.0,0.0,0.006839048849999999
5053.0,1.0579434160437255,0.274043366,0.114707384,0.13276288797745256,0.2902708283393652,0.0,0.6349096997269079,0.0,0.0,0.0,0.0,0.0,0.0,0.0,0.0,0.0,0.0,0.006839048849999999
5054.0,1.2389484966431958,0.440276094,0.133020696,0.2132958976531925,0.3366132699373467,0.0,0.6890393290526566,0.0,0.0,0.0,0.0,0.0,0.0,0.0,0.0,0.0,0.0,0.006839048849999999
5055.0,1.199037397225302,0.594876322,0.160857002,0.28819343321788343,0.40705396275733147,0.0,0.5037900012500871,0.0,0.0,0.0,0.0,0.0,0.0,0.0,0.0,0.0,0.0,0.006839048849999999
5056.0,1.3978563977596086,0.716754001,0.177393001,0.3472382219321956,0.44889885503688093,0.0,0.6017193207905323,0.0,0.0,0.0,0.0,0.0,0.0,0.0,0.0,0.0,0.0,0.006839048849999999
5057.0,1.3336096953713574,0.795086288,0.191653508,0.3851870356392885,0.48498553956478646,0.0,0.4634371201672824,0.0,0.0,0.0,0.0,0.0,0.0,0.0,0.0,0.0,0.0,0.006839048849999999
5058.0,1.454557883165886,0.821551548,0.206402268,0.3980083799394974,0.5223077644546723,0.0,0.5342417387717163,0.0,0.0,0.0,0.0,0.0,0.0,0.0,0.0,0.0,0.0,0.006839048849999999
5059.0,1.569300348138819,0.795038315,0.220756679,0.3851637946679127,0.5586320761597818,0.0,0.6255044773111247,0.0,0.0,0.0,0.0,0.0,0.0,0.0,0.0,0.0,0.0,0.006839048849999999
5060.0,1.4424089957568207,0.717323605,0.232125329,0.34751417195115547,0.5874008209216737,0.0,0.5074940028839916,0.0,0.0,0.0,0.0,0.0,0.0,0.0,0.0,0.0,0.0,0.006839048849999999
5061.0,1.6148720284176137,0.601204606,0.236863012,0.29125922996401415,0.5993896844181975,0.0,0.7242231140354021,0.0,0.0,0.0,0.0,0.0,0.0,0.0,0.0,0.0,0.0,0.006839048849999999
5062.0,1.4507129606188365,0.461899772,0.228734926,0.22377169198413244,0.5788212940168124,0.0,0.6481199746178917,0.0,0.0,0.0,0.0,0.0,0.0,0.0,0.0,0.0,0.0,0.006839048849999999
5063.0,1.5198414684956525,0.306482124,0.212044763,0.14847814960681707,0.5365862846373898,0.0,0.8347770342514456,0.0,0.0,0.0,0.0,0.0,0.0,0.0,0.0,0.0,0.0,0.006839048849999999
5064.0,1.4877025419740668,0.161085296,0.2016161,0.0780392877952856,0.5101962080623536,0.0,0.8994670461164277,0.0,0.0,0.0,0.0,0.0,0.0,0.0,0.0,0.0,0.0,0.006839048849999999
5065.0,1.4469792916964064,0.06065183,0.209862748,0.029383349903524012,0.5310646235253299,0.0,0.8865313182675527,0.0,0.0,0.0,0.0,0.0,0.0,0.0,0.0,0.0,0.0,0.006839048849999999
5066.0,1.5012198483659955,0.012399121,0.224699029,0.00600687086999902,0.5686083231998477,0.0,0.9266046542961489,0.0,0.0,0.0,0.0,0.0,0.0,0.0,0.0,0.0,0.0,0.006839048849999999
5067.0,1.247116732723128,0.000390751,0.22818832,0.00018930299973062497,0.5774380894587234,0.0,0.6694893402646741,0.0,0.0,0.0,0.0,0.0,0.0,0.0,0.0,0.0,0.0,0.006839048849999999
5068.0,1.334664378972806,0.0,0.220795775,0.0,0.5587310098806028,0.0,0.7759333690922033,0.0,0.0,0.0,0.0,0.0,0.0,0.0,0.0,0.0,0.0,0.006839048849999999
5069.0,1.0753634966275238,0.0,0.209605423,0.0,0.5304134541036437,0.0,0.5449500425238801,0.0,0.0,0.0,0.0,0.0,0.0,0.0,0.0,0.0,0.0,0.006839048849999999
5070.0,1.0902269716773616,0.0,0.199687139,0.0,0.5053149084652472,0.0,0.5849120632121144,0.0,0.0,0.0,0.0,0.0,0.0,0.0,0.0,0.0,0.0,0.006839048849999999
5071.0,1.1065879189946903,0.0,0.191610931,0.0,0.4848777970583563,0.0,0.6217101219363341,0.0,0.0,0.0,0.0,0.0,0.0,0.0,0.0,0.0,0.0,0.006839048849999999
5072.0,0.9800614781414704,0.0,0.183741565,0.0,0.4649641061722871,0.0,0.5150973719691833,0.0,0.0,0.0,0.0,0.0,0.0,0.0,0.0,0.0,0.0,0.006839048849999999
5073.0,0.8919597886012061,0.000293146,0.170779332,0.00014201733881431857,0.43216274693252055,0.0,0.45965502432987115,0.0,0.0,0.0,0.0,0.0,0.0,0.0,0.0,0.0,0.0,0.006839048849999999
5074.0,1.0155980878791178,0.006710504,0.156083924,0.0032509668226168528,0.39497553104287103,0.0,0.6173715900136298,0.0,0.0,0.0,0.0,0.0,0.0,0.0,0.0,0.0,0.0,0.006839048849999999
5075.0,0.925059946759479,0.045309011,0.130616229,0.021950376831096748,0.3305286866832759,0.0,0.5725808832451064,0.0,0.0,0.0,0.0,0.0,0.0,0.0,0.0,0.0,0.0,0.006839048849999999
5076.0,1.0788412828132843,0.142690823,0.097228071,0.06912791222013931,0.24603884878944332,0.0,0.7636745218037017,0.0,0.0,0.0,0.0,0.0,0.0,0.0,0.0,0.0,0.0,0.006839048849999999
5077.0,1.0206111734846706,0.295990534,0.095039636,0.1433954000836071,0.24050094165508779,0.0,0.6367148317459758,0.0,0.0,0.0,0.0,0.0,0.0,0.0,0.0,0.0,0.0,0.006839048849999999
5078.0,1.1405669799875164,0.466941934,0.121052906,0.2262144148222769,0.30632838159317893,0.0,0.6080241835720606,0.0,0.0,0.0,0.0,0.0,0.0,0.0,0.0,0.0,0.0,0.006839048849999999
5079.0,1.275564266139681,0.619516576,0.143755333,0.3001306361842854,0.3637776238372874,0.0,0.6116560061181084,0.0,0.0,0.0,0.0,0.0,0.0,0.0,0.0,0.0,0.0,0.006839048849999999
5080.0,1.2250662787224886,0.737830177,0.161654358,0.3574487737661016,0.4090716984821856,0.0,0.45854580647420135,0.0,0.0,0.0,0.0,0.0,0.0,0.0,0.0,0.0,0.0,0.006839048849999999
5081.0,1.4157504186642942,0.811201203,0.177912968,0.39299405788594693,0.45021464872457534,0.0,0.5725417120537718,0.0,0.0,0.0,0.0,0.0,0.0,0.0,0.0,0.0,0.0,0.006839048849999999
5082.0,1.330999686857673,0.832354633,0.192863697,0.403242036147274,0.4880479628476432,0.0,0.439709687862756,0.0,0.0,0.0,0.0,0.0,0.0,0.0,0.0,0.0,0.0,0.006839048849999999
5083.0,1.4440377471413743,0.800272897,0.205373617,0.38769973718613,0.5197047290838882,0.0,0.536633280871356,0.0,0.0,0.0,0.0,0.0,0.0,0.0,0.0,0.0,0.0,0.006839048849999999
5084.0,1.4753222469857963,0.720636529,0.212524236,0.34911914916446923,0.5377996069190344,0.0,0.5884034909022927,0.0,0.0,0.0,0.0,0.0,0.0,0.0,0.0,0.0,0.0,0.006839048849999999
5085.0,1.4945179348985587,0.601280699,0.212301598,0.2912960939340578,0.5372362140978728,0.0,0.6659856268666279,0.0,0.0,0.0,0.0,0.0,0.0,0.0,0.0,0.0,0.0,0.006839048849999999
5086.0,1.5809419197395662,0.457137633,0.201764939,0.2214646289239376,0.5105728500736403,0.0,0.8489044407419882,0.0,0.0,0.0,0.0,0.0,0.0,0.0,0.0,0.0,0.0,0.006839048849999999
5087.0,1.3875409683244024,0.298493893,0.184553441,0.14460817591297837,0.4670185852372866,0.0,0.7759142071741375,0.0,0.0,0.0,0.0,0.0,0.0,0.0,0.0,0.0,0.0,0.006839048849999999
5088.0,1.5132129815005335,0.153099477,0.178757564,0.07417048261754884,0.45235192683155506,0.0,0.9866905720514295,0.0,0.0,0.0,0.0,0.0,0.0,0.0,0.0,0.0,0.0,0.006839048849999999
5089.0,1.2802079895515095,0.055957369,0.197564715,0.02710907408742008,0.49994404434923395,0.0,0.7531548711148555,0.0,0.0,0.0,0.0,0.0,0.0,0.0,0.0,0.0,0.0,0.006839048849999999
5090.0,1.3248295643560188,0.011036394,0.221640754,0.005346684948750154,0.5608692571817474,0.0,0.7586136222255211,0.0,0.0,0.0,0.0,0.0,0.0,0.0,0.0,0.0,0.0,0.006839048849999999
5091.0,1.345852036745034,0.000333906,0.229641539,0.00016176390445079878,0.5811155081930613,0.0,0.7645747646475218,0.0,0.0,0.0,0.0,0.0,0.0,0.0,0.0,0.0,0.0,0.006839048849999999
5092.0,1.0884157640284562,0.0,0.221188121,0.0,0.5597238544076442,0.0,0.528691909620812,0.0,0.0,0.0,0.0,0.0,0.0,0.0,0.0,0.0,0.0,0.006839048849999999
5093.0,1.1760791135677746,0.0,0.207374157,0.0,0.5247671617074587,0.0,0.6513119518603159,0.0,0.0,0.0,0.0,0.0,0.0,0.0,0.0,0.0,0.0,0.006839048849999999
5094.0,0.945390420243464,0.0,0.19398279,0.0,0.4908798646901504,0.0,0.4545105555533136,0.0,0.0,0.0,0.0,0.0,0.0,0.0,0.0,0.0,0.0,0.006839048849999999
5095.0,1.0420096815650164,0.0,0.184365652,0.0,0.4665433789630068,0.0,0.5754663026020095,0.0,0.0,0.0,0.0,0.0,0.0,0.0,0.0,0.0,0.0,0.006839048849999999
5096.0,0.8564943815032909,0.0,0.177893114,0.0,0.4501644075210461,0.0,0.4063299739822448,0.0,0.0,0.0,0.0,0.0,0.0,0.0,0.0,0.0,0.0,0.006839048849999999
5097.0,0.8996184840403092,0.000266518,0.166836717,0.00012911715358938737,0.4221858293011917,0.0,0.4773035375855281,0.0,0.0,0.0,0.0,0.0,0.0,0.0,0.0,0.0,0.0,0.006839048849999999
5098.0,0.8857562906121209,0.005958131,0.153504683,0.0028864726413701525,0.38844867640239855,0.0,0.4944211415683523,0.0,0.0,0.0,0.0,0.0,0.0,0.0,0.0,0.0,0.0,0.006839048849999999
5099.0,0.9390778944621946,0.043189604,0.134813454,0.020923610161913343,0.3411499033390118,0.0,0.5770043809612695,0.0,0.0,0.0,0.0,0.0,0.0,0.0,0.0,0.0,0.0,0.006839048849999999
5100.0,0.8382487980648894,0.140121018,0.104687904,0.06788294600067281,0.2649162028766338,0.0,0.5054496491875827,0.0,0.0,0.0,0.0,0.0,0.0,0.0,0.0,0.0,0.0,0.006839048849999999
5101.0,0.993578784533399,0.291710611,0.084682796,0.14132195110326898,0.21429261555658422,0.0,0.6379642178735456,0.0,0.0,0.0,0.0,0.0,0.0,0.0,0.0,0.0,0.0,0.006839048849999999
5102.0,0.9559595085827539,0.460227244,0.098349135,0.22296142005256103,0.24887573831262733,0.0,0.48412235021756556,0.0,0.0,0.0,0.0,0.0,0.0,0.0,0.0,0.0,0.0,0.006839048849999999
5103.0,1.0850759324572148,0.615442739,0.116553467,0.29815702750634576,0.2949424024168737,0.0,0.49197650253399544,0.0,0.0,0.0,0.0,0.0,0.0,0.0,0.0,0.0,0.0,0.006839048849999999
5104.0,1.2128951399885446,0.736781676,0.127394903,0.3569408175880738,0.3223770147179285,0.0,0.5335773076825424,0.0,0.0,0.0,0.0,0.0,0.0,0.0,0.0,0.0,0.0,0.006839048849999999
5105.0,1.1619276619154855,0.810419478,0.134254466,0.3926153438520369,0.3397353657204765,0.0,0.429576952342972,0.0,0.0,0.0,0.0,0.0,0.0,0.0,0.0,0.0,0.0,0.006839048849999999
5106.0,1.3297425214994294,0.832681638,0.142968855,0.40340045679732195,0.36178741525114544,0.0,0.5645546494509619,0.0,0.0,0.0,0.0,0.0,0.0,0.0,0.0,0.0,0.0,0.006839048849999999
5107.0,1.241320422080219,0.801078307,0.15286372,0.3880899256412153,0.3868266983356258,0.0,0.46640379810337784,0.0,0.0,0.0,0.0,0.0,0.0,0.0,0.0,0.0,0.0,0.006839048849999999
5108.0,1.4049276734207699,0.71993053,0.162156984,0.34877712130399846,0.41034361019595034,0.0,0.6458069419208209,0.0,0.0,0.0,0.0,0.0,0.0,0.0,0.0,0.0,0.0,0.006839048849999999
5109.0,1.2921210197163489,0.598933383,0.167356617,0.2901589146047261,0.4235014534431706,0.0,0.5784606516684522,0.0,0.0,0.0,0.0,0.0,0.0,0.0,0.0,0.0,0.0,0.006839048849999999
5110.0,1.373202609742816,0.452621357,0.168411448,0.2192766765081756,0.42617073816967116,0.0,0.7277551950649694,0.0,0.0,0.0,0.0,0.0,0.0,0.0,0.0,0.0,0.0,0.006839048849999999
5111.0,1.4420218329031633,0.291455736,0.164073018,0.14119847451061446,0.4151921975920885,0.0,0.8856311608004603,0.0,0.0,0.0,0.0,0.0,0.0,0.0,0.0,0.0,0.0,0.006839048849999999
5112.0,1.261797751508614,0.145336181,0.165780254,0.07040948080156689,0.4195124147447243,0.0,0.7718758559623228,0.0,0.0,0.0,0.0,0.0,0.0,0.0,0.0,0.0,0.0,0.006839048849999999
5113.0,1.3781111162212807,0.051160604,0.188468695,0.02478523613562246,0.4769262649533458,0.0,0.8763996151323125,0.0,0.0,0.0,0.0,0.0,0.0,0.0,0.0,0.0,0.0,0.006839048849999999
5114.0,1.1822981873842824,0.009814411,0.223034979,0.004754683782995419,0.5643973896482803,0.0,0.6131461139530067,0.0,0.0,0.0,0.0,0.0,0.0,0.0,0.0,0.0,0.0,0.006839048849999999
5115.0,1.203207180316243,0.000259974,0.246038687,0.00012594685119671992,0.6226090334256058,0.0,0.5804722000394403,0.0,0.0,0.0,0.0,0.0,0.0,0.0,0.0,0.0,0.0,0.006839048849999999
5116.0,1.1259883134967583,0.0,0.256034603,0.0,0.6479040294071262,0.0,0.4780842840896321,0.0,0.0,0.0,0.0,0.0,0.0,0.0,0.0,0.0,0.0,0.006839048849999999
5117.0,1.0505739798286478,0.0,0.258890371,0.0,0.655130644765254,0.0,0.3954433350633938,0.0,0.0,0.0,0.0,0.0,0.0,0.0,0.0,0.0,0.0,0.006839048849999999
5118.0,1.0627028427451943,0.0,0.2553872,0.0,0.6462657547073963,0.0,0.416437088037798,0.0,0.0,0.0,0.0,0.0,0.0,0.0,0.0,0.0,0.0,0.006839048849999999
5119.0,0.8683673606832432,0.0,0.245228909,0.0,0.6205598634189828,0.0,0.24780749726426038,0.0,0.0,0.0,0.0,0.0,0.0,0.0,0.0,0.0,0.0,0.006839048849999999
5120.0,0.9006753924742684,0.0,0.232974421,0.0,0.5895494763053265,0.0,0.3111259161689419,0.0,0.0,0.0,0.0,0.0,0.0,0.0,0.0,0.0,0.0,0.006839048849999999
5121.0,0.930268837624446,0.000244339,0.213979173,0.00011837232828881098,0.541481373109183,0.0,0.38866909218697426,0.0,0.0,0.0,0.0,0.0,0.0,0.0,0.0,0.0,0.0,0.006839048849999999
5122.0,0.7952270498224485,0.005953893,0.196948929,0.002884419502381747,0.49838577751351054,0.0,0.2939568528065562,0.0,0.0,0.0,0.0,0.0,0.0,0.0,0.0,0.0,0.0,0.006839048849999999
5123.0,0.8471780088572238,0.040482417,0.172168823,0.01961208793949612,0.4356788998555101,0.0,0.3918870210622177,0.0,0.0,0.0,0.0,0.0,0.0,0.0,0.0,0.0,0.0,0.006839048849999999
5124.0,0.907535286048668,0.13266606,0.130110406,0.06427132143089354,0.32924868485529335,0.0,0.5140152797624811,0.0,0.0,0.0,0.0,0.0,0.0,0.0,0.0,0.0,0.0,0.006839048849999999
5125.0,0.8471668836947469,0.280601059,0.131237614,0.13593982407284966,0.33210112197364616,0.0,0.37912593764825103,0.0,0.0,0.0,0.0,0.0,0.0,0.0,0.0,0.0,0.0,0.006839048849999999
5126.0,1.017616227949764,0.445488695,0.160633519,0.21582119126907282,0.4064884316357276,0.0,0.39530660504496357,0.0,0.0,0.0,0.0,0.0,0.0,0.0,0.0,0.0,0.0,0.006839048849999999
5127.0,0.9951830607604883,0.594965386,0.186276494,0.2882365811109612,0.4713788278314567,0.0,0.23556765181807054,0.0,0.0,0.0,0.0,0.0,0.0,0.0,0.0,0.0,0.0,0.006839048849999999
5128.0,1.1759389341207453,0.711172814,0.203700056,0.3445343633594535,0.5154697276323125,0.0,0.3159348431289794,0.0,0.0,0.0,0.0,0.0,0.0,0.0,0.0,0.0,0.0,0.006839048849999999
5129.0,1.1430212332267486,0.781984555,0.220571402,0.3788397777728474,0.5581632265845685,0.0,0.20601822886933263,0.0,0.0,0.0,0.0,0.0,0.0,0.0,0.0,0.0,0.0,0.006839048849999999
5130.0,1.2575523161129198,0.800158517,0.238429166,0.38764432471857596,0.603352888904554,0.0,0.26655510248979003,0.0,0.0,0.0,0.0,0.0,0.0,0.0,0.0,0.0,0.0,0.006839048849999999
5131.0,1.3659577781472696,0.766817933,0.25670446,0.37149216499545085,0.6495991246963617,0.0,0.3448664884554569,0.0,0.0,0.0,0.0,0.0,0.0,0.0,0.0,0.0,0.0,0.006839048849999999
5132.0,1.2832452119037383,0.683446059,0.270568509,0.33110187593319973,0.6846825591452508,0.0,0.26746077682528785,0.0,0.0,0.0,0.0,0.0,0.0,0.0,0.0,0.0,0.0,0.006839048849999999
5133.0,1.4398546140554458,0.56230884,0.273200185,0.2724158100351581,0.6913421022871362,0.0,0.4760967017331514,0.0,0.0,0.0,0.0,0.0,0.0,0.0,0.0,0.0,0.0,0.006839048849999999
5134.0,1.3285187326285413,0.421671555,0.266942884,0.20428275362718767,0.6755077951911018,0.0,0.4487281838102517,0.0,0.0,0.0,0.0,0.0,0.0,0.0,0.0,0.0,0.0,0.006839048849999999
5135.0,1.393379554784709,0.269206672,0.262096912,0.1304197060457899,0.663244902799193,0.0,0.5997149459397262,0.0,0.0,0.0,0.0,0.0,0.0,0.0,0.0,0.0,0.0,0.006839048849999999
5136.0,1.4423578186095318,0.134209689,0.269756055,0.06501914702870694,0.682626617432138,0.0,0.6947120541486866,0.0,0.0,0.0,0.0,0.0,0.0,0.0,0.0,0.0,0.0,0.006839048849999999
5137.0,1.2601578739616586,0.045479126,0.294533904,0.02203279064398315,0.7453277836770044,0.0,0.49279729964067115,0.0,0.0,0.0,0.0,0.0,0.0,0.0,0.0,0.0,0.0,0.006839048849999999
5138.0,1.3822920254746236,0.007171081,0.324055558,0.0034740976852555465,0.8200333053418358,0.0,0.5587846224475321,0.0,0.0,0.0,0.0,0.0,0.0,0.0,0.0,0.0,0.0,0.006839048849999999
5139.0,1.161929886747996,0.000139722,0.330597347,6.76896379749825e-05,0.8365875187292786,0.0,0.3252746783807422,0.0,0.0,0.0,0.0,0.0,0.0,0.0,0.0,0.0,0.0,0.006839048849999999
5140.0,1.2339776878549653,0.0,0.314936277,0.0,0.7969566632162561,0.0,0.43702102463870923,0.0,0.0,0.0,0.0,0.0,0.0,0.0,0.0,0.0,0.0,0.006839048849999999
5141.0,1.001878299730394,0.0,0.290122449,0.0,0.7341644509221414,0.0,0.26771384880825266,0.0,0.0,0.0,0.0,0.0,0.0,0.0,0.0,0.0,0.0,0.006839048849999999
5142.0,1.0160364268801392,0.0,0.26170506,0.0,0.662253308355487,0.0,0.3537831185246521,0.0,0.0,0.0,0.0,0.0,0.0,0.0,0.0,0.0,0.0,0.006839048849999999
5143.0,1.033040419787795,0.0,0.242073404,0.0,0.6125747536706948,0.0,0.4204656661171001,0.0,0.0,0.0,0.0,0.0,0.0,0.0,0.0,0.0,0.0,0.006839048849999999
5144.0,0.9236470261267831,0.0,0.224749347,0.0,0.5687356545627561,0.0,0.35491137156402697,0.0,0.0,0.0,0.0,0.0,0.0,0.0,0.0,0.0,0.0,0.006839048849999999
5145.0,0.8512142879985916,0.000192733,0.197826457,9.337131586888465e-05,0.500606391135481,0.0,0.3505145255472417,0.0,0.0,0.0,0.0,0.0,0.0,0.0,0.0,0.0,0.0,0.006839048849999999
5146.0,0.9759317460354164,0.004673882,0.172533251,0.0022643061258626924,0.43660109696036314,0.0,0.5370663429491905,0.0,0.0,0.0,0.0,0.0,0.0,0.0,0.0,0.0,0.0,0.006839048849999999
5147.0,0.8997408628274057,0.035730979,0.14772804,0.017310209079469962,0.37383069026969423,0.0,0.5085999634782415,0.0,0.0,0.0,0.0,0.0,0.0,0.0,0.0,0.0,0.0,0.006839048849999999
5148.0,0.9953521660299278,0.123457118,0.117095572,0.059809962803672255,0.29631421704562433,0.0,0.6392279861806314,0.0,0.0,0.0,0.0,0.0,0.0,0.0,0.0,0.0,0.0,0.006839048849999999
5149.0,1.0489719294339934,0.265066512,0.110467127,0.12841396656626267,0.2795407177846533,0.0,0.6410172450830774,0.0,0.0,0.0,0.0,0.0,0.0,0.0,0.0,0.0,0.0,0.006839048849999999
5150.0,1.1122729760129801,0.425842002,0.140534881,0.20630316592892867,0.3556281635578414,0.0,0.5503416465262102,0.0,0.0,0.0,0.0,0.0,0.0,0.0,0.0,0.0,0.0,0.006839048849999999
5151.0,1.246077624949102,0.577160904,0.161815169,0.2796110322288088,0.4094786360353608,0.0,0.5569879566849322,0.0,0.0,0.0,0.0,0.0,0.0,0.0,0.0,0.0,0.0,0.006839048849999999
5152.0,1.2011779150831197,0.698382848,0.170015141,0.3383381439505391,0.4302289363368619,0.0,0.4326108347957187,0.0,0.0,0.0,0.0,0.0,0.0,0.0,0.0,0.0,0.0,0.006839048849999999
5153.0,1.3908296227483552,0.772869772,0.177456902,0.3744240353594084,0.4490605586304501,0.0,0.5673450287584967,0.0,0.0,0.0,0.0,0.0,0.0,0.0,0.0,0.0,0.0,0.006839048849999999
5154.0,1.3179207194667657,0.793368519,0.187033391,0.3843548462794551,0.4732941807189184,0.0,0.46027169246839217,0.0,0.0,0.0,0.0,0.0,0.0,0.0,0.0,0.0,0.0,0.006839048849999999
5155.0,1.4301154772358553,0.762337866,0.198117663,0.3693217543705409,0.5013432975480393,0.0,0.5594504253172751,0.0,0.0,0.0,0.0,0.0,0.0,0.0,0.0,0.0,0.0,0.006839048849999999
5156.0,1.535321288145918,0.680569742,0.208865753,0.3297084170904169,0.5285416947093419,0.0,0.6770711763461592,0.0,0.0,0.0,0.0,0.0,0.0,0.0,0.0,0.0,0.0,0.006839048849999999
5157.0,1.4091397323291084,0.559603467,0.218600425,0.27110516662211437,0.553175604110083,0.0,0.5848589615969111,0.0,0.0,0.0,0.0,0.0,0.0,0.0,0.0,0.0,0.0,0.006839048849999999
5158.0,1.56778284937896,0.423018533,0.223249382,0.20493530979715566,0.5649399435296281,0.0,0.7979075960521761,0.0,0.0,0.0,0.0,0.0,0.0,0.0,0.0,0.0,0.0,0.006839048849999999
5159.0,1.3959139099937157,0.273153412,0.223233925,0.13233174138583215,0.5649008290799982,0.0,0.6986813395278854,0.0,0.0,0.0,0.0,0.0,0.0,0.0,0.0,0.0,0.0,0.006839048849999999
5160.0,1.5276892936967141,0.137151839,0.225663277,0.06644449928796528,0.5710483846494626,0.0,0.8901964097592862,0.0,0.0,0.0,0.0,0.0,0.0,0.0,0.0,0.0,0.0,0.006839048849999999
5161.0,1.3270568606809916,0.047530787,0.232404519,0.023026737125835618,0.5881073204488888,0.0,0.7159228031062672,0.0,0.0,0.0,0.0,0.0,0.0,0.0,0.0,0.0,0.0,0.006839048849999999
5162.0,1.3697136983945786,0.007927655,0.245810996,0.0038406270804924054,0.6220328538208524,0.0,0.7438402174932338,0.0,0.0,0.0,0.0,0.0,0.0,0.0,0.0,0.0,0.0,0.006839048849999999
5163.0,1.381248467035652,0.000166234,0.24251749,8.05336259081121e-05,0.6136985279786671,0.0,0.7674694054310766,0.0,0.0,0.0,0.0,0.0,0.0,0.0,0.0,0.0,0.0,0.006839048849999999
5164.0,1.1226195561031067,0.0,0.227121442,0.0,0.5747383194003542,0.0,0.5478812367027525,0.0,0.0,0.0,0.0,0.0,0.0,0.0,0.0,0.0,0.0,0.006839048849999999
5165.0,1.200766277071998,0.0,0.210425554,0.0,0.5324888227191182,0.0,0.6682774543528799,0.0,0.0,0.0,0.0,0.0,0.0,0.0,0.0,0.0,0.0,0.006839048849999999
5166.0,0.9740159602593478,0.0,0.194824331,0.0,0.49300941201860776,0.0,0.48100654824074,0.0,0.0,0.0,0.0,0.0,0.0,0.0,0.0,0.0,0.0,0.006839048849999999
5167.0,1.000963795575975,0.0,0.179244216,0.0,0.45358341581009376,0.0,0.5473803797658813,0.0,0.0,0.0,0.0,0.0,0.0,0.0,0.0,0.0,0.0,0.006839048849999999
5168.0,0.9606254823195365,0.0,0.166536606,0.0,0.42142638849166414,0.0,0.5391990938278723,0.0,0.0,0.0,0.0,0.0,0.0,0.0,0.0,0.0,0.0,0.006839048849999999
5169.0,0.9969497677594858,0.000154389,0.148447342,7.479520417199563e-05,0.37565090776646987,0.0,0.621224064788844,0.0,0.0,0.0,0.0,0.0,0.0,0.0,0.0,0.0,0.0,0.006839048849999999
5170.0,0.8854425562306312,0.004199563,0.131582263,0.0020345178219831625,0.33297326766495,0.0,0.550434770743698,0.0,0.0,0.0,0.0,0.0,0.0,0.0,0.0,0.0,0.0,0.006839048849999999
5171.0,1.028441198025799,0.033508461,0.118318362,0.016233489315847328,0.2994085275756691,0.0,0.7127991811342828,0.0,0.0,0.0,0.0,0.0,0.0,0.0,0.0,0.0,0.0,0.006839048849999999
5172.0,0.9596820523427071,0.115283162,0.100865687,0.055850012885524526,0.2552439563656088,0.0,0.6485880830915737,0.0,0.0,0.0,0.0,0.0,0.0,0.0,0.0,0.0,0.0,0.006839048849999999
5173.0,1.1146582524449153,0.255962445,0.093385858,0.12400341561988353,0.23631600173919348,0.0,0.7543388350858382,0.0,0.0,0.0,0.0,0.0,0.0,0.0,0.0,0.0,0.0,0.006839048849999999
5174.0,1.0702881097121302,0.421235238,0.120335256,0.20407137574988615,0.3045123445370314,0.0,0.5617043894252126,0.0,0.0,0.0,0.0,0.0,0.0,0.0,0.0,0.0,0.0,0.006839048849999999
5175.0,1.2001054308217378,0.573046859,0.143153984,0.27761794440682813,0.36225589030746475,0.0,0.560231596107445,0.0,0.0,0.0,0.0,0.0,0.0,0.0,0.0,0.0,0.0,0.006839048849999999
5176.0,1.191997272219061,0.691538307,0.153007027,0.33502224164170497,0.3871893414379811,0.0,0.46978568913937496,0.0,0.0,0.0,0.0,0.0,0.0,0.0,0.0,0.0,0.0,0.006839048849999999
5177.0,1.4265219877604547,0.767232929,0.161111925,0.3716932137136274,0.40769905383858873,0.0,0.6471297202082384,0.0,0.0,0.0,0.0,0.0,0.0,0.0,0.0,0.0,0.0,0.006839048849999999
5178.0,1.4658478942327666,0.791256302,0.168629365,0.3833315628734445,0.4267221843442194,0.0,0.6557941470151026,0.0,0.0,0.0,0.0,0.0,0.0,0.0,0.0,0.0,0.0,0.006839048849999999
5179.0,1.3727242197569078,0.763550717,0.175868879,0.3699093314529445,0.44504201391643267,0.0,0.5577728743875308,0.0,0.0,0.0,0.0,0.0,0.0,0.0,0.0,0.0,0.0,0.006839048849999999
5180.0,1.468124141872593,0.689682368,0.182034549,0.3341231145249041,0.4606444457369262,0.0,0.6733565816107627,0.0,0.0,0.0,0.0,0.0,0.0,0.0,0.0,0.0,0.0,0.006839048849999999
5181.0,1.4845184656772774,0.57435217,0.181642578,0.2782503146064729,0.4596525501597853,0.0,0.7466156009110192,0.0,0.0,0.0,0.0,0.0,0.0,0.0,0.0,0.0,0.0,0.006839048849999999
5182.0,1.489747382034688,0.435510127,0.175626553,0.2109869800823682,0.44442879996023116,0.0,0.8343316019920887,0.0,0.0,0.0,0.0,0.0,0.0,0.0,0.0,0.0,0.0,0.006839048849999999
5183.0,1.5545637025410233,0.284309821,0.169629718,0.13773656873092338,0.42925361069024925,0.0,0.9875735231198506,0.0,0.0,0.0,0.0,0.0,0.0,0.0,0.0,0.0,0.0,0.006839048849999999
5184.0,1.3581144026112293,0.147187633,0.176395868,0.07130643414898574,0.4463755770073296,0.0,0.8404323914549138,0.0,0.0,0.0,0.0,0.0,0.0,0.0,0.0,0.0,0.0,0.006839048849999999
5185.0,1.4829920665874519,0.051680758,0.196037804,0.02503722963665479,0.4960801455720594,0.0,0.9618746913787377,0.0,0.0,0.0,0.0,0.0,0.0,0.0,0.0,0.0,0.0,0.006839048849999999
5186.0,1.2791154797976843,0.008393837,0.222837007,0.004066473338135821,0.5638964149557706,0.0,0.711152591503778,0.0,0.0,0.0,0.0,0.0,0.0,0.0,0.0,0.0,0.0,0.006839048849999999
5187.0,1.2904811431693182,0.000178082,0.235665763,8.627350102246484e-05,0.5963600062332388,0.0,0.6940348634350569,0.0,0.0,0.0,0.0,0.0,0.0,0.0,0.0,0.0,0.0,0.006839048849999999
5188.0,1.2798564280177185,0.0,0.236632279,0.0,0.5988058069318517,0.0,0.6810506210858668,0.0,0.0,0.0,0.0,0.0,0.0,0.0,0.0,0.0,0.0,0.006839048849999999
5189.0,1.0389858102076999,0.0,0.23003138,0.0,0.5821020137347678,0.0,0.456883796472932,0.0,0.0,0.0,0.0,0.0,0.0,0.0,0.0,0.0,0.0,0.006839048849999999
5190.0,1.1218274307357836,0.0,0.219335337,0.0,0.5550353232280478,0.0,0.5667921075077358,0.0,0.0,0.0,0.0,0.0,0.0,0.0,0.0,0.0,0.0,0.006839048849999999
5191.0,0.9214353056292329,0.0,0.208592513,0.0,0.5278502518538807,0.0,0.39358505377535224,0.0,0.0,0.0,0.0,0.0,0.0,0.0,0.0,0.0,0.0,0.006839048849999999
5192.0,0.9575170583275001,0.0,0.197196545,0.0,0.49901237798964104,0.0,0.45850468033785907,0.0,0.0,0.0,0.0,0.0,0.0,0.0,0.0,0.0,0.0,0.006839048849999999
5193.0,0.9973302541157623,0.000181178,0.179767167,8.777338736227207e-05,0.45490676060846263,0.0,0.5423357201199372,0.0,0.0,0.0,0.0,0.0,0.0,0.0,0.0,0.0,0.0,0.006839048849999999
5194.0,0.8832953618754324,0.004669274,0.164035648,0.0022620737368918165,0.4150976315713427,0.0,0.46593565656719793,0.0,0.0,0.0,0.0,0.0,0.0,0.0,0.0,0.0,0.0,0.006839048849999999
5195.0,0.9736510487305692,0.033075727,0.149900695,0.01602384725661924,0.37932866559223893,0.0,0.578298535881711,0.0,0.0,0.0,0.0,0.0,0.0,0.0,0.0,0.0,0.0,0.006839048849999999
5196.0,1.0629965516342406,0.113547652,0.130546555,0.055009228731261336,0.330352374322306,0.0,0.6776349485806732,0.0,0.0,0.0,0.0,0.0,0.0,0.0,0.0,0.0,0.0,0.006839048849999999
5197.0,1.0042747013248063,0.25437611,0.114012338,0.12323490069841773,0.28851199145268347,0.0,0.5925278091737052,0.0,0.0,0.0,0.0,0.0,0.0,0.0,0.0,0.0,0.0,0.006839048849999999
5198.0,1.1707967952305647,0.416841981,0.113973803,0.20194302104653905,0.28841447736091363,0.0,0.6804392968231121,0.0,0.0,0.0,0.0,0.0,0.0,0.0,0.0,0.0,0.0,0.006839048849999999
5199.0,1.212576954942109,0.568666716,0.127697887,0.27549594290421114,0.32314372574896016,0.0,0.6139372862889377,0.0,0.0,0.0,0.0,0.0,0.0,0.0,0.0,0.0,0.0,0.006839048849999999
5200.0,1.2596950598031729,0.68781778,0.131900343,0.33321979731864815,0.33377817962317397,0.0,0.5926970828613507,0.0,0.0,0.0,0.0,0.0,0.0,0.0,0.0,0.0,0.0,0.006839048849999999
5201.0,1.4571856923395035,0.763907722,0.138730241,0.37008228588535497,0.351061462362264,0.0,0.7360419440918845,0.0,0.0,0.0,0.0,0.0,0.0,0.0,0.0,0.0,0.0,0.006839048849999999
5202.0,1.348401967781463,0.789554402,0.152810953,0.38250706140002144,0.3866931696972341,0.0,0.5792017366842073,0.0,0.0,0.0,0.0,0.0,0.0,0.0,0.0,0.0,0.0,0.006839048849999999
5203.0,1.4929047583415025,0.762667385,0.169855019,0.3694813929515509,0.4298237423209705,0.0,0.6935996230689812,0.0,0.0,0.0,0.0,0.0,0.0,0.0,0.0,0.0,0.0,0.006839048849999999
5204.0,1.3756613136469942,0.688166989,0.184556448,0.33338897490548197,0.4670261945502216,0.0,0.5752461441912905,0.0,0.0,0.0,0.0,0.0,0.0,0.0,0.0,0.0,0.0,0.006839048849999999
5205.0,1.540267620776759,0.573495482,0.1911899,0.2778352840416548,0.4838123641902634,0.0,0.7786199725448408,0.0,0.0,0.0,0.0,0.0,0.0,0.0,0.0,0.0,0.0,0.006839048849999999
5206.0,1.3834646371982229,0.432887544,0.195477641,0.20971644506405082,0.49466263457716947,0.0,0.6790855575570027,0.0,0.0,0.0,0.0,0.0,0.0,0.0,0.0,0.0,0.0,0.006839048849999999
5207.0,1.4430097645298254,0.281286976,0.202982347,0.13627212301940705,0.513653541274714,0.0,0.7930841002357046,0.0,0.0,0.0,0.0,0.0,0.0,0.0,0.0,0.0,0.0,0.006839048849999999
5208.0,1.494072920400081,0.14455067,0.221373946,0.07002893260432261,0.5601940907149786,0.0,0.8638498970807799,0.0,0.0,0.0,0.0,0.0,0.0,0.0,0.0,0.0,0.0,0.006839048849999999
5209.0,1.2885164050784712,0.050620222,0.26407192,0.024523442989602528,0.668242725852475,0.0,0.5957502362363937,0.0,0.0,0.0,0.0,0.0,0.0,0.0,0.0,0.0,0.0,0.006839048849999999
5210.0,1.4305315659119229,0.008730389,0.318456557,0.004229519122190989,0.8058648481643714,0.0,0.6204371986253605,0.0,0.0,0.0,0.0,0.0,0.0,0.0,0.0,0.0,0.0,0.006839048849999999
5211.0,1.1843096519574725,0.00013444,0.34357408,6.513072336036304e-05,0.8694255706985291,0.0,0.314818950535583,0.0,0.0,0.0,0.0,0.0,0.0,0.0,0.0,0.0,0.0,0.006839048849999999
5212.0,1.2725448444473855,0.0,0.338676222,0.0,0.8570313790678614,0.0,0.41551346537952405,0.0,0.0,0.0,0.0,0.0,0.0,0.0,0.0,0.0,0.0,0.006839048849999999
5213.0,1.022589261570505,0.0,0.31996971,0.0,0.8096939318675985,0.0,0.2128953297029065,0.0,0.0,0.0,0.0,0.0,0.0,0.0,0.0,0.0,0.0,0.006839048849999999
5214.0,1.0462528921282002,0.0,0.299166753,0.0,0.7570513612698924,0.0,0.28920153085830785,0.0,0.0,0.0,0.0,0.0,0.0,0.0,0.0,0.0,0.0,0.006839048849999999
5215.0,1.0683901245959944,0.0,0.27796214,0.0,0.703392386882283,0.0,0.3649977377137114,0.0,0.0,0.0,0.0,0.0,0.0,0.0,0.0,0.0,0.0,0.006839048849999999
5216.0,0.9508307196875609,0.0,0.257925602,0.0,0.6526892649079106,0.0,0.29814145477965037,0.0,0.0,0.0,0.0,0.0,0.0,0.0,0.0,0.0,0.0,0.006839048849999999
5217.0,0.8726528470638244,0.00016712,0.234487242,8.096285694721715e-05,0.5933777198715751,0.0,0.279194164335302,0.0,0.0,0.0,0.0,0.0,0.0,0.0,0.0,0.0,0.0,0.006839048849999999
5218.0,1.003062037616395,0.004627549,0.213369961,0.002241859667922677,0.5399397419978477,0.0,0.46088043595062456,0.0,0.0,0.0,0.0,0.0,0.0,0.0,0.0,0.0,0.0,0.006839048849999999
5219.0,0.920458499165048,0.029787428,0.198429145,0.014430799856327973,0.5021315130490815,0.0,0.4038961862596384,0.0,0.0,0.0,0.0,0.0,0.0,0.0,0.0,0.0,0.0,0.006839048849999999
5220.0,1.014496677795326,0.104818668,0.18051283,0.050780390274544326,0.45679368548744004,0.0,0.5069226020333416,0.0,0.0,0.0,0.0,0.0,0.0,0.0,0.0,0.0,0.0,0.006839048849999999
5221.0,1.1088641666345165,0.240920606,0.186358709,0.11671625514130486,0.4715868756076306,0.0,0.520561035885581,0.0,0.0,0.0,0.0,0.0,0.0,0.0,0.0,0.0,0.0,0.006839048849999999
5222.0,1.0510679456419787,0.402580195,0.217165156,0.1950337645857335,0.549543608444313,0.0,0.3064905726119321,0.0,0.0,0.0,0.0,0.0,0.0,0.0,0.0,0.0,0.0,0.006839048849999999
5223.0,1.2281368765621483,0.552679142,0.245859677,0.2677506122035466,0.6221560427011288,0.0,0.338230221657473,0.0,0.0,0.0,0.0,0.0,0.0,0.0,0.0,0.0,0.0,0.006839048849999999
5224.0,1.1667516157592306,0.66947073,0.249571341,0.32433139626220103,0.631548531189903,0.0,0.21087168830712646,0.0,0.0,0.0,0.0,0.0,0.0,0.0,0.0,0.0,0.0,0.006839048849999999
5225.0,1.344414639954949,0.74481703,0.250397687,0.3608336204627881,0.6336396270683942,0.0,0.3499413924237667,0.0,0.0,0.0,0.0,0.0,0.0,0.0,0.0,0.0,0.0,0.006839048849999999
5226.0,1.258282139170477,0.771336848,0.254493396,0.37368139589960137,0.6440039541292135,0.0,0.24059678914166224,0.0,0.0,0.0,0.0,0.0,0.0,0.0,0.0,0.0,0.0,0.006839048849999999
5227.0,1.360170368834252,0.744459531,0.259198641,0.360660426707428,0.6559107321940821,0.0,0.34359920993274184,0.0,0.0,0.0,0.0,0.0,0.0,0.0,0.0,0.0,0.0,0.006839048849999999
5228.0,1.4593440108572544,0.671965041,0.261620624,0.32553978870281175,0.6620396402653697,0.0,0.471764581889073,0.0,0.0,0.0,0.0,0.0,0.0,0.0,0.0,0.0,0.0,0.006839048849999999
5229.0,1.3211003460985342,0.560828784,0.255063686,0.271698782975549,0.6454470918324817,0.0,0.40395447129050355,0.0,0.0,0.0,0.0,0.0,0.0,0.0,0.0,0.0,0.0,0.006839048849999999
5230.0,1.47830161669328,0.427403603,0.242362223,0.20705969823129602,0.6133056197008202,0.0,0.6579362987611637,0.0,0.0,0.0,0.0,0.0,0.0,0.0,0.0,0.0,0.0,0.006839048849999999
5231.0,1.2999332445974692,0.278013648,0.22981216,0.13468632846097406,0.5815472702756322,0.0,0.5836996458608629,0.0,0.0,0.0,0.0,0.0,0.0,0.0,0.0,0.0,0.0,0.006839048849999999
5232.0,1.3543851833538199,0.139889605,0.226572892,0.06777083579474456,0.5733501954859813,0.0,0.7132641520730939,0.0,0.0,0.0,0.0,0.0,0.0,0.0,0.0,0.0,0.0,0.006839048849999999
5233.0,1.3297514218293958,0.047843872,0.245860401,0.02317841410086745,0.6221578748070699,0.0,0.6844151329214585,0.0,0.0,0.0,0.0,0.0,0.0,0.0,0.0,0.0,0.0,0.006839048849999999
5234.0,1.295262820195741,0.008355745,0.273710085,0.004048019310210776,0.6926324210984364,0.0,0.5985823797870938,0.0,0.0,0.0,0.0,0.0,0.0,0.0,0.0,0.0,0.0,0.006839048849999999
5235.0,1.3137286850509462,0.000153077,0.280533455,7.415959342334347e-05,0.7098991845176595,0.0,0.6037553409398634,0.0,0.0,0.0,0.0,0.0,0.0,0.0,0.0,0.0,0.0,0.006839048849999999
5236.0,1.078387368984765,0.0,0.275714256,0.0,0.6977040420875764,0.0,0.3806833268971885,0.0,0.0,0.0,0.0,0.0,0.0,0.0,0.0,0.0,0.0,0.006839048849999999
5237.0,1.1619454625754184,0.0,0.269732301,0.0,0.6825665071496442,0.0,0.4793789554257743,0.0,0.0,0.0,0.0,0.0,0.0,0.0,0.0,0.0,0.0,0.006839048849999999
5238.0,0.9468767683484026,0.0,0.262008952,0.0,0.6630223171105443,0.0,0.2838544512378583,0.0,0.0,0.0,0.0,0.0,0.0,0.0,0.0,0.0,0.0,0.006839048849999999
5239.0,0.976957503814455,0.0,0.252617566,0.0,0.6392571042845355,0.0,0.3377003995299194,0.0,0.0,0.0,0.0,0.0,0.0,0.0,0.0,0.0,0.0,0.006839048849999999
5240.0,0.9402527320182291,0.0,0.243213552,0.0,0.6154599358869458,0.0,0.3247927961312833,0.0,0.0,0.0,0.0,0.0,0.0,0.0,0.0,0.0,0.0,0.006839048849999999
5241.0,0.9814343467893545,0.000169254,0.224497703,8.199669333260107e-05,0.5680988610994283,0.0,0.41325348899659353,0.0,0.0,0.0,0.0,0.0,0.0,0.0,0.0,0.0,0.0,0.006839048849999999
5242.0,0.8716204147872545,0.004236611,0.203856035,0.0020524660742819926,0.5158644376497037,0.0,0.35370351106326886,0.0,0.0,0.0,0.0,0.0,0.0,0.0,0.0,0.0,0.0,0.006839048849999999
5243.0,1.0167373241152862,0.030528821,0.180533265,0.014789974673230007,0.4568453969306817,0.0,0.5451019525113745,0.0,0.0,0.0,0.0,0.0,0.0,0.0,0.0,0.0,0.0,0.006839048849999999
5244.0,0.9444469902666346,0.109721532,0.151173671,0.05315562888550448,0.3825499734548272,0.0,0.508741387926303,0.0,0.0,0.0,0.0,0.0,0.0,0.0,0.0,0.0,0.0,0.006839048849999999
5245.0,1.0387032264811307,0.247006383,0.142467959,0.11966456708878967,0.3605198813595881,0.0,0.5585187780327528,0.0,0.0,0.0,0.0,0.0,0.0,0.0,0.0,0.0,0.0,0.006839048849999999
5246.0,1.0954825900245966,0.408705306,0.152458806,0.19800113225973318,0.38580205006898755,0.0,0.5116794076958758,0.0,0.0,0.0,0.0,0.0,0.0,0.0,0.0,0.0,0.0,0.006839048849999999
5247.0,1.1583096962826955,0.559294479,0.153083039,0.27095547447729385,0.3873816923175351,0.0,0.49997252948786663,0.0,0.0,0.0,0.0,0.0,0.0,0.0,0.0,0.0,0.0,0.006839048849999999
5248.0,1.2817855647886993,0.678446514,0.151448109,0.32867979930182,0.38324444788890366,0.0,0.5698613175979754,0.0,0.0,0.0,0.0,0.0,0.0,0.0,0.0,0.0,0.0,0.006839048849999999
5249.0,1.2041995616079257,0.752976928,0.158553498,0.3647867598505207,0.40122486971339066,0.0,0.43818793204401435,0.0,0.0,0.0,0.0,0.0,0.0,0.0,0.0,0.0,0.0,0.006839048849999999
5250.0,1.3784871539124612,0.77459192,0.171583457,0.3752583461670073,0.434197611835711,0.0,0.5690311959097429,0.0,0.0,0.0,0.0,0.0,0.0,0.0,0.0,0.0,0.0,0.006839048849999999
5251.0,1.2816943366565237,0.742579225,0.187311522,0.35974949476813295,0.47399800041161455,0.0,0.44794684147677616,0.0,0.0,0.0,0.0,0.0,0.0,0.0,0.0,0.0,0.0,0.006839048849999999
5252.0,1.3790189458781688,0.660915581,0.202640527,0.32018677380738336,0.5127885544614591,0.0,0.5460436176093264,0.0,0.0,0.0,0.0,0.0,0.0,0.0,0.0,0.0,0.0,0.006839048849999999
5253.0,1.4684601275789615,0.542440779,0.212651232,0.26279054088388004,0.53812097449652,0.0,0.6675486121985613,0.0,0.0,0.0,0.0,0.0,0.0,0.0,0.0,0.0,0.0,0.006839048849999999
5254.0,1.3294643874378809,0.407148561,0.219379721,0.19724695249227092,0.5551476384077317,0.0,0.5770697965378782,0.0,0.0,0.0,0.0,0.0,0.0,0.0,0.0,0.0,0.0,0.006839048849999999
5255.0,1.4636294982377605,0.261188468,0.22390916,0.12653521164999285,0.5666095335760726,0.0,0.770484753011695,0.0,0.0,0.0,0.0,0.0,0.0,0.0,0.0,0.0,0.0,0.006839048849999999
5256.0,1.2748500189095464,0.131554443,0.23646227,0.06373278811261268,0.5983755935355183,0.0,0.6127416372614153,0.0,0.0,0.0,0.0,0.0,0.0,0.0,0.0,0.0,0.0,0.006839048849999999
5257.0,1.3967104860259838,0.046362491,0.265711552,0.022460745132537353,0.6723918688475914,0.0,0.7018578720458551,0.0,0.0,0.0,0.0,0.0,0.0,0.0,0.0,0.0,0.0,0.006839048849999999
5258.0,1.2027243396653888,0.008187439,0.290283509,0.0039664818844008295,0.7345720185780504,0.0,0.4641858392029376,0.0,0.0,0.0,0.0,0.0,0.0,0.0,0.0,0.0,0.0,0.006839048849999999
5259.0,1.2230948651341857,0.000122887,0.289787765,5.953376377257463e-05,0.7333175219928587,0.0,0.48971780937755455,0.0,0.0,0.0,0.0,0.0,0.0,0.0,0.0,0.0,0.0,0.006839048849999999
5260.0,1.22039362948825,0.0,0.270090984,0.0,0.6834741663420222,0.0,0.5369194631462277,0.0,0.0,0.0,0.0,0.0,0.0,0.0,0.0,0.0,0.0,0.006839048849999999
5261.0,0.9959885371227234,0.0,0.251665974,0.0,0.6368490692614274,0.0,0.359139467861296,0.0,0.0,0.0,0.0,0.0,0.0,0.0,0.0,0.0,0.0,0.006839048849999999
5262.0,1.0801429498213608,0.0,0.234621181,0.0,0.5937166569401507,0.0,0.4864262928812101,0.0,0.0,0.0,0.0,0.0,0.0,0.0,0.0,0.0,0.0,0.006839048849999999
5263.0,0.8900640283175809,0.0,0.218877869,0.0,0.5538776853265616,0.0,0.3361863429910194,0.0,0.0,0.0,0.0,0.0,0.0,0.0,0.0,0.0,0.0,0.006839048849999999
5264.0,0.9227258464749077,0.0,0.206423577,0.0,0.5223616875838153,0.0,0.40036415889109245,0.0,0.0,0.0,0.0,0.0,0.0,0.0,0.0,0.0,0.0,0.006839048849999999
5265.0,0.8968349195922398,0.000123437,0.188949471,5.980021644921998e-05,0.47814288451957776,0.0,0.41863223485621287,0.0,0.0,0.0,0.0,0.0,0.0,0.0,0.0,0.0,0.0,0.006839048849999999
5266.0,0.8869044271782558,0.004248731,0.170431613,0.002058337722356432,0.4312828325046984,0.0,0.45356325695120087,0.0,0.0,0.0,0.0,0.0,0.0,0.0,0.0,0.0,0.0,0.006839048849999999
5267.0,0.8900974048049366,0.031114524,0.152602334,0.015073724004264929,0.38616525241915095,0.0,0.4888584283815208,0.0,0.0,0.0,0.0,0.0,0.0,0.0,0.0,0.0,0.0,0.006839048849999999
5268.0,0.9525262230469014,0.106019323,0.13085861,0.051362058889958165,0.3311420398187961,0.0,0.5700221243381473,0.0,0.0,0.0,0.0,0.0,0.0,0.0,0.0,0.0,0.0,0.006839048849999999
5269.0,0.8897146926162249,0.238662607,0.123680386,0.1156223462732821,0.31297730661831175,0.0,0.4611150397246311,0.0,0.0,0.0,0.0,0.0,0.0,0.0,0.0,0.0,0.0,0.006839048849999999
5270.0,1.0493435154603035,0.398566634,0.128765614,0.1930893571833165,0.3258456442299038,0.0,0.5304085140470831,0.0,0.0,0.0,0.0,0.0,0.0,0.0,0.0,0.0,0.0,0.006839048849999999
5271.0,1.0152153756904063,0.546505249,0.12936349,0.26475961163050676,0.32735858921838185,0.0,0.4230971748415178,0.0,0.0,0.0,0.0,0.0,0.0,0.0,0.0,0.0,0.0,0.006839048849999999
5272.0,1.132185136988312,0.664950455,0.12953796,0.32214150649325013,0.32780009132273086,0.0,0.48224353917233104,0.0,0.0,0.0,0.0,0.0,0.0,0.0,0.0,0.0,0.0,0.006839048849999999
5273.0,1.243256234348656,0.741508719,0.136134303,0.3592308780607423,0.3444923554111576,0.0,0.5395330008767563,0.0,0.0,0.0,0.0,0.0,0.0,0.0,0.0,0.0,0.0,0.006839048849999999
5274.0,1.1759834357705778,0.767046567,0.147872122,0.37160292888867286,0.37419529453517714,0.0,0.4301852123467279,0.0,0.0,0.0,0.0,0.0,0.0,0.0,0.0,0.0,0.0,0.006839048849999999
5275.0,1.329960579083647,0.739820202,0.160214952,0.35841286010763096,0.40542923400111397,0.0,0.5661184849749021,0.0,0.0,0.0,0.0,0.0,0.0,0.0,0.0,0.0,0.0,0.006839048849999999
5276.0,1.2332100386450318,0.66433854,0.170550048,0.32184505851210565,0.43158253618859005,0.0,0.479782443944336,0.0,0.0,0.0,0.0,0.0,0.0,0.0,0.0,0.0,0.0,0.006839048849999999
5277.0,1.37957076333632,0.552046035,0.176779079,0.26744389755854137,0.4473453051147961,0.0,0.6647815606629822,0.0,0.0,0.0,0.0,0.0,0.0,0.0,0.0,0.0,0.0,0.006839048849999999
5278.0,1.2594770022189552,0.417574484,0.180377635,0.2022978890192677,0.4564515700693311,0.0,0.6007275431303563,0.0,0.0,0.0,0.0,0.0,0.0,0.0,0.0,0.0,0.0,0.006839048849999999
5279.0,1.3167748077331414,0.269817937,0.183960129,0.13071583912831647,0.4655171896017302,0.0,0.7205417790030947,0.0,0.0,0.0,0.0,0.0,0.0,0.0,0.0,0.0,0.0,0.006839048849999999
5280.0,1.3585660926071625,0.135959614,0.199443066,0.0658669146653953,0.5046972736677762,0.0,0.7880019042739912,0.0,0.0,0.0,0.0,0.0,0.0,0.0,0.0,0.0,0.0,0.006839048849999999
5281.0,1.1882613774641957,0.047791058,0.227790529,0.023152827861477727,0.5764314661791274,0.0,0.5886770834235906,0.0,0.0,0.0,0.0,0.0,0.0,0.0,0.0,0.0,0.0,0.006839048849999999
5282.0,1.305264515249457,0.007767526,0.249209016,0.0037630510792950565,0.6306316557960917,0.0,0.6708698083740702,0.0,0.0,0.0,0.0,0.0,0.0,0.0,0.0,0.0,0.0,0.006839048849999999
5283.0,1.1081387942419052,8.68e-05,0.254925223,4.205107696875567e-05,0.645096706632307,0.0,0.4630000365326295,0.0,0.0,0.0,0.0,0.0,0.0,0.0,0.0,0.0,0.0,0.006839048849999999
5284.0,1.111790135362126,0.0,0.246316095,0.0,0.6233110235428939,0.0,0.48847911181923204,0.0,0.0,0.0,0.0,0.0,0.0,0.0,0.0,0.0,0.0,0.006839048849999999
5285.0,1.0427728811099293,0.0,0.227481219,0.0,0.5756487469959087,0.0,0.46712413411402065,0.0,0.0,0.0,0.0,0.0,0.0,0.0,0.0,0.0,0.0,0.006839048849999999
5286.0,0.9864474323949073,0.0,0.205515277,0.0,0.5200632043982808,0.0,0.4663842279966264,0.0,0.0,0.0,0.0,0.0,0.0,0.0,0.0,0.0,0.0,0.006839048849999999
5287.0,1.0029574594892319,0.0,0.183253668,0.0,0.46372946668007897,0.0,0.5392279928091529,0.0,0.0,0.0,0.0,0.0,0.0,0.0,0.0,0.0,0.0,0.006839048849999999
5288.0,0.8988953354802836,0.0,0.165444156,0.0,0.41866190764168376,0.0,0.4802334278385998,0.0,0.0,0.0,0.0,0.0,0.0,0.0,0.0,0.0,0.0,0.006839048849999999
5289.0,0.8191065121319263,0.000118088,0.149417097,5.720884305399101e-05,0.37810490486168946,0.0,0.44094439842718286,0.0,0.0,0.0,0.0,0.0,0.0,0.0,0.0,0.0,0.0,0.006839048849999999
5290.0,0.9356067827739655,0.004003174,0.137385892,0.0019393753225037042,0.3476595427630236,0.0,0.5860078646884382,0.0,0.0,0.0,0.0,0.0,0.0,0.0,0.0,0.0,0.0,0.006839048849999999
5291.0,0.8055847550750521,0.031699064,0.128782707,0.015356909909003595,0.3258888986316327,0.0,0.4643389465344159,0.0,0.0,0.0,0.0,0.0,0.0,0.0,0.0,0.0,0.0,0.006839048849999999
5292.0,0.8619102037900741,0.110506735,0.110398496,0.053536027869249846,0.2793670447696732,0.0,0.529007131151151,0.0,0.0,0.0,0.0,0.0,0.0,0.0,0.0,0.0,0.0,0.006839048849999999
5293.0,0.9507061150680295,0.251243439,0.096103179,0.12171724874751004,0.24319227238567556,0.0,0.585796593934844,0.0,0.0,0.0,0.0,0.0,0.0,0.0,0.0,0.0,0.0,0.006839048849999999
5294.0,0.9141370720538873,0.418895411,0.09987456,0.2029378245370915,0.252735876717663,0.0,0.4584633707991329,0.0,0.0,0.0,0.0,0.0,0.0,0.0,0.0,0.0,0.0,0.006839048849999999
5295.0,1.0855676724381105,0.575679256,0.099818537,0.27889323390981574,0.25259410866360243,0.0,0.5540803298646922,0.0,0.0,0.0,0.0,0.0,0.0,0.0,0.0,0.0,0.0,0.006839048849999999
5296.0,1.0571090138590804,0.69808224,0.090133081,0.33819251157559177,0.22808474197832895,0.0,0.4908317603051597,0.0,0.0,0.0,0.0,0.0,0.0,0.0,0.0,0.0,0.0,0.006839048849999999
5297.0,1.1714687666433017,0.775397102,0.081067216,0.3756484241653467,0.20514327080710199,0.0,0.590677071670853,0.0,0.0,0.0,0.0,0.0,0.0,0.0,0.0,0.0,0.0,0.006839048849999999
5298.0,1.2290892068689443,0.801103813,0.074842045,0.3881022822629799,0.18939026973853787,0.0,0.6515966548674267,0.0,0.0,0.0,0.0,0.0,0.0,0.0,0.0,0.0,0.0,0.006839048849999999
5299.0,1.2751059016462163,0.773832829,0.071874611,0.3748905973874303,0.18188107987485488,0.0,0.7183342243839311,0.0,0.0,0.0,0.0,0.0,0.0,0.0,0.0,0.0,0.0,0.006839048849999999
5300.0,1.3691151544540843,0.698554653,0.071159446,0.3384213764998319,0.18007133119338095,0.0,0.8506224467608713,0.0,0.0,0.0,0.0,0.0,0.0,0.0,0.0,0.0,0.0,0.006839048849999999
5301.0,1.2800144081246811,0.581932393,0.072116372,0.28192262498450665,0.18249286407987303,0.0,0.8155989190603015,0.0,0.0,0.0,0.0,0.0,0.0,0.0,0.0,0.0,0.0,0.006839048849999999
5302.0,1.4195374895665236,0.44082551,0.075377865,0.21356206740554118,0.190746179966957,0.0,1.0152292421940254,0.0,0.0,0.0,0.0,0.0,0.0,0.0,0.0,0.0,0.0,81.46362294320546
5303.0,1.2933492592521827,0.284711079,0.083523044,0.13793096194569673,0.211357824770071,0.0,0.9440604725364148,0.0,0.0,0.0,0.0,0.0,0.0,0.0,0.0,0.0,0.0,0.006839048849999999
5304.0,1.336760396180716,0.145052081,0.104232885,0.07027184588259427,0.2637647622506306,0.0,1.0027237880474913,0.0,0.0,0.0,0.0,0.0,0.0,0.0,0.0,0.0,0.0,0.006839048849999999
5305.0,1.3868734465766863,0.050109538,0.137270748,0.024276037319202623,0.34736816706345824,0.0,1.0152292421940254,0.0,0.0,0.0,0.0,0.0,0.0,0.0,0.0,0.0,0.0,179.03254959702153
5306.0,1.2184244417323822,0.00724748,0.167811747,0.0035111098998792324,0.4246531749583443,0.0,0.7902601568741587,0.0,0.0,0.0,0.0,0.0,0.0,0.0,0.0,0.0,0.0,0.006839048849999999
5307.0,1.3016176237942572,8.12e-05,0.181513894,3.9338104261094016e-05,0.4593269110424812,0.0,0.8422513746475149,0.0,0.0,0.0,0.0,0.0,0.0,0.0,0.0,0.0,0.0,0.006839048849999999
5308.0,1.081538068794199,0.0,0.183707285,0.0,0.464877359498721,0.0,0.6166607092954778,0.0,0.0,0.0,0.0,0.0,0.0,0.0,0.0,0.0,0.0,0.006839048849999999
5309.0,1.1463655144630112,0.0,0.178767912,0.0,0.4523781127877412,0.0,0.6939874016752701,0.0,0.0,0.0,0.0,0.0,0.0,0.0,0.0,0.0,0.0,0.006839048849999999
5310.0,0.9460000903463599,0.0,0.171473983,0.0,0.43392058425864044,0.0,0.5120795060877195,0.0,0.0,0.0,0.0,0.0,0.0,0.0,0.0,0.0,0.0,0.006839048849999999
5311.0,0.9684955588454767,0.0,0.163014734,0.0,0.4125141749349046,0.0,0.5559813839105721,0.0,0.0,0.0,0.0,0.0,0.0,0.0,0.0,0.0,0.0,0.006839048849999999
5312.0,0.9343674180756547,0.0,0.156547881,0.0,0.3961495895734347,0.0,0.53821782850222,0.0,0.0,0.0,0.0,0.0,0.0,0.0,0.0,0.0,0.0,0.006839048849999999
5313.0,0.9719132675539819,0.000125343,0.141004542,6.072359608864912e-05,0.35681665624902414,0.0,0.6150358877088692,0.0,0.0,0.0,0.0,0.0,0.0,0.0,0.0,0.0,0.0,0.006839048849999999
5314.0,0.8784580580367001,0.003875335,0.126611723,0.0018774425157224975,0.32039515182984435,0.0,0.5561854636911332,0.0,0.0,0.0,0.0,0.0,0.0,0.0,0.0,0.0,0.0,0.006839048849999999
5315.0,1.0187421131910204,0.02906179,0.114772182,0.014079257697463295,0.2904348018210962,0.0,0.7142280536724609,0.0,0.0,0.0,0.0,0.0,0.0,0.0,0.0,0.0,0.0,0.006839048849999999
5316.0,0.9634023712701498,0.108160716,0.094736375,0.05239947688377562,0.2397335296663964,0.0,0.6712693647199778,0.0,0.0,0.0,0.0,0.0,0.0,0.0,0.0,0.0,0.0,0.006839048849999999
5317.0,1.0598681021497607,0.249585966,0.08256494,0.12091427035238753,0.208933310915625,0.0,0.7300205208817482,0.0,0.0,0.0,0.0,0.0,0.0,0.0,0.0,0.0,0.0,0.006839048849999999
5318.0,1.1712640600539963,0.416147792,0.086455598,0.20160671465172497,0.21877874964034713,0.0,0.7508785957619242,0.0,0.0,0.0,0.0,0.0,0.0,0.0,0.0,0.0,0.0,0.006839048849999999
5319.0,1.1330017375130992,0.571028561,0.098599794,0.27664016094434096,0.24951003920088327,0.0,0.6068515373678749,0.0,0.0,0.0,0.0,0.0,0.0,0.0,0.0,0.0,0.0,0.006839048849999999
5320.0,1.312119959158836,0.689982968,0.104589576,0.3342687430241761,0.2646673806211376,0.0,0.7131838355135224,0.0,0.0,0.0,0.0,0.0,0.0,0.0,0.0,0.0,0.0,0.006839048849999999
5321.0,1.252100891506346,0.761937127,0.113767981,0.3691276125902024,0.28789363798382117,0.0,0.5950796409323227,0.0,0.0,0.0,0.0,0.0,0.0,0.0,0.0,0.0,0.0,0.006839048849999999
5322.0,1.4282241676171759,0.781574208,0.12706858,0.3786409813064776,0.3215512435756262,0.0,0.728031942735072,0.0,0.0,0.0,0.0,0.0,0.0,0.0,0.0,0.0,0.0,0.006839048849999999
5323.0,1.3337342989909642,0.751886707,0.141377915,0.36425859202582084,0.3577614889721691,0.0,0.6117142179929742,0.0,0.0,0.0,0.0,0.0,0.0,0.0,0.0,0.0,0.0,0.006839048849999999
5324.0,1.4237584498047533,0.674659869,0.155591832,0.32684532349135503,0.39373027596444315,0.0,0.7031828503489553,0.0,0.0,0.0,0.0,0.0,0.0,0.0,0.0,0.0,0.0,0.006839048849999999
5325.0,1.5066779484700257,0.559880204,0.168430813,0.27123923446643583,0.4262197419425302,0.0,0.8092189720610595,0.0,0.0,0.0,0.0,0.0,0.0,0.0,0.0,0.0,0.0,0.006839048849999999
5326.0,1.3678246126084848,0.421247098,0.177935438,0.20407712143851342,0.45027150980261005,0.0,0.7134759813673613,0.0,0.0,0.0,0.0,0.0,0.0,0.0,0.0,0.0,0.0,0.006839048849999999
5327.0,1.5001451392721032,0.271221243,0.185260653,0.13139568392804823,0.4688082085892718,0.0,0.8999412467547832,0.0,0.0,0.0,0.0,0.0,0.0,0.0,0.0,0.0,0.0,0.006839048849999999
5328.0,1.3221327783751045,0.135078504,0.197316422,0.06544005263281533,0.49931573070221646,0.0,0.7573769950400725,0.0,0.0,0.0,0.0,0.0,0.0,0.0,0.0,0.0,0.0,0.006839048849999999
5329.0,1.3712823733018018,0.043796743,0.224694458,0.021217744364905658,0.5685967561331946,0.0,0.7814678728037014,0.0,0.0,0.0,0.0,0.0,0.0,0.0,0.0,0.0,0.0,0.006839048849999999
5330.0,1.3339234307527719,0.005879773,0.261945161,0.0028485113707581965,0.6628608918756126,0.0,0.6682140275064011,0.0,0.0,0.0,0.0,0.0,0.0,0.0,0.0,0.0,0.0,0.006839048849999999
5331.0,1.2650597059425919,5.38e-05,0.279419496,2.60639163700352e-05,0.7070802744319226,0.0,0.557953367594299,0.0,0.0,0.0,0.0,0.0,0.0,0.0,0.0,0.0,0.0,0.006839048849999999
5332.0,1.2535182618040628,0.0,0.273681499,0.0,0.6925600832801587,0.0,0.5609581785239041,0.0,0.0,0.0,0.0,0.0,0.0,0.0,0.0,0.0,0.0,0.006839048849999999
5333.0,1.023363586277895,0.0,0.260340164,0.0,0.6587993938933014,0.0,0.36456419238459353,0.0,0.0,0.0,0.0,0.0,0.0,0.0,0.0,0.0,0.0,0.006839048849999999
5334.0,1.1069172302035275,0.0,0.245732444,0.0,0.6218340753873061,0.0,0.48508315481622155,0.0,0.0,0.0,0.0,0.0,0.0,0.0,0.0,0.0,0.0,0.006839048849999999
5335.0,0.9161018101447344,0.0,0.234940626,0.0,0.5945250230760123,0.0,0.32157678706872206,0.0,0.0,0.0,0.0,0.0,0.0,0.0,0.0,0.0,0.0,0.006839048849999999
5336.0,0.9507617418803391,0.0,0.226866642,0.0,0.5740935395746644,0.0,0.3766682023056748,0.0,0.0,0.0,0.0,0.0,0.0,0.0,0.0,0.0,0.0,0.006839048849999999
5337.0,0.933294933814273,7.04e-05,0.210859639,3.410594261060368e-05,0.5335872891658789,0.0,0.3996735387057834,0.0,0.0,0.0,0.0,0.0,0.0,0.0,0.0,0.0,0.0,0.006839048849999999
5338.0,0.9977062918069426,0.002160707,0.196718144,0.0010467748429024099,0.49780176843944524,0.0,0.4988577485245949,0.0,0.0,0.0,0.0,0.0,0.0,0.0,0.0,0.0,0.0,0.006839048849999999
5339.0,0.9302933137818351,0.025766652,0.179904266,0.012482897079252792,0.4552536941615328,0.0,0.4625567225410495,0.0,0.0,0.0,0.0,0.0,0.0,0.0,0.0,0.0,0.0,0.006839048849999999
5340.0,1.0726578103166426,0.104796867,0.152579453,0.05076982857490152,0.3861073512920253,0.0,0.6357806304497159,0.0,0.0,0.0,0.0,0.0,0.0,0.0,0.0,0.0,0.0,0.006839048849999999
5341.0,1.0118243679718006,0.243097408,0.135608716,0.11777082735844471,0.3431623401276218,0.0,0.5508912004857341,0.0,0.0,0.0,0.0,0.0,0.0,0.0,0.0,0.0,0.0,0.006839048849999999
5342.0,1.1696620086594172,0.408449024,0.148045157,0.1978769740326859,0.3746331653245738,0.0,0.5971518693021575,0.0,0.0,0.0,0.0,0.0,0.0,0.0,0.0,0.0,0.0,0.006839048849999999
5343.0,1.1266780855694283,0.563783524,0.184306998,0.2731302345788055,0.4663949530764447,0.0,0.3871528979141781,0.0,0.0,0.0,0.0,0.0,0.0,0.0,0.0,0.0,0.0,0.006839048849999999
5344.0,1.24462910299654,0.686445329,0.198641668,0.33255490051407616,0.5026693095282616,0.0,0.4094048929542022,0.0,0.0,0.0,0.0,0.0,0.0,0.0,0.0,0.0,0.0,0.006839048849999999
5345.0,1.36515452761747,0.765907696,0.204726771,0.3710511921135751,0.5180678638910772,0.0,0.47603547161281756,0.0,0.0,0.0,0.0,0.0,0.0,0.0,0.0,0.0,0.0,0.006839048849999999
5346.0,1.290329837559887,0.79420004,0.209220801,0.3847576844542493,0.5294401554140183,0.0,0.3761319976916193,0.0,0.0,0.0,0.0,0.0,0.0,0.0,0.0,0.0,0.0,0.006839048849999999
5347.0,1.4593618115171876,0.766588181,0.212376539,0.3713808594766061,0.5374258547765111,0.0,0.5505550972640703,0.0,0.0,0.0,0.0,0.0,0.0,0.0,0.0,0.0,0.0,0.006839048849999999
5348.0,1.4948917467573035,0.686605627,0.215371434,0.3326325583889142,0.5450045356087706,0.0,0.6172546527596187,0.0,0.0,0.0,0.0,0.0,0.0,0.0,0.0,0.0,0.0,0.006839048849999999
5349.0,1.4411562800635977,0.565533568,0.220494703,0.27397805986616386,0.557969137228797,0.0,0.6092090829686369,0.0,0.0,0.0,0.0,0.0,0.0,0.0,0.0,0.0,0.0,0.006839048849999999
5350.0,1.438510671229972,0.424098824,0.224465676,0.20545866693989362,0.5680178157168642,0.0,0.6650341885732143,0.0,0.0,0.0,0.0,0.0,0.0,0.0,0.0,0.0,0.0,0.006839048849999999
5351.0,1.4215111279873371,0.268488661,0.227065395,0.1300718588588612,0.5745964906135002,0.0,0.7168427785149759,0.0,0.0,0.0,0.0,0.0,0.0,0.0,0.0,0.0,0.0,0.006839048849999999
5352.0,1.4651981731449835,0.130680885,0.238882415,0.06330958471751277,0.6044998504870269,0.0,0.7973887379404437,0.0,0.0,0.0,0.0,0.0,0.0,0.0,0.0,0.0,0.0,0.006839048849999999
5353.0,1.2736596055260894,0.043363956,0.261494468,0.02100807662932874,0.6617203983356609,0.0,0.5909311305610996,0.0,0.0,0.0,0.0,0.0,0.0,0.0,0.0,0.0,0.0,0.006839048849999999
5354.0,1.393942497405337,0.006647006,0.283912723,0.003220204618868442,0.7184505339368104,0.0,0.6722717588496582,0.0,0.0,0.0,0.0,0.0,0.0,0.0,0.0,0.0,0.0,0.006839048849999999
5355.0,1.1661041205038827,4.74e-05,0.287950035,2.296337613270759e-05,0.728667085458066,0.0,0.4374140716696837,0.0,0.0,0.0,0.0,0.0,0.0,0.0,0.0,0.0,0.0,0.006839048849999999
5356.0,1.1602188075612327,0.0,0.278975895,0.0,0.7059577274324882,0.0,0.4542610801287445,0.0,0.0,0.0,0.0,0.0,0.0,0.0,0.0,0.0,0.0,0.006839048849999999
5357.0,1.1538684546276623,0.0,0.265475066,0.0,0.6717934332045061,0.0,0.4820750214231562,0.0,0.0,0.0,0.0,0.0,0.0,0.0,0.0,0.0,0.0,0.006839048849999999
5358.0,0.9389087881928304,0.0,0.252305613,0.0,0.6384676969024182,0.0,0.30044109129041224,0.0,0.0,0.0,0.0,0.0,0.0,0.0,0.0,0.0,0.0,0.006839048849999999
5359.0,1.0378287733115985,0.0,0.239293016,0.0,0.6055388898952222,0.0,0.43228988341637636,0.0,0.0,0.0,0.0,0.0,0.0,0.0,0.0,0.0,0.0,0.006839048849999999
5360.0,0.9226568696676105,0.0,0.226864552,0.0,0.5740882507605525,0.0,0.348568618907058,0.0,0.0,0.0,0.0,0.0,0.0,0.0,0.0,0.0,0.0,0.006839048849999999
5361.0,0.9045981931585063,4.68e-05,0.207025139,2.2672700485458127e-05,0.5238839601171814,0.0,0.3806915603408394,0.0,0.0,0.0,0.0,0.0,0.0,0.0,0.0,0.0,0.0,0.006839048849999999
5362.0,0.9119876538661029,0.002960915,0.185307524,0.0014344431401260738,0.4689268172046953,0.0,0.44162639352128147,0.0,0.0,0.0,0.0,0.0,0.0,0.0,0.0,0.0,0.0,0.006839048849999999
5363.0,0.9476310675633488,0.03145388,0.163062645,0.015238128212511574,0.4126354153047187,0.0,0.5197575240461185,0.0,0.0,0.0,0.0,0.0,0.0,0.0,0.0,0.0,0.0,0.006839048849999999
5364.0,0.9884054949882981,0.118520447,0.135623474,0.05741834607336783,0.34319968573463727,0.0,0.587787463180293,0.0,0.0,0.0,0.0,0.0,0.0,0.0,0.0,0.0,0.0,0.006839048849999999
5365.0,1.0364002778514045,0.261273799,0.115823517,0.12657655105608523,0.2930952398039916,0.0,0.6167284869913278,0.0,0.0,0.0,0.0,0.0,0.0,0.0,0.0,0.0,0.0,0.006839048849999999
5366.0,1.09438117894088,0.426705861,0.135083103,0.2067216705521908,0.3418322590502264,0.0,0.5458272493384627,0.0,0.0,0.0,0.0,0.0,0.0,0.0,0.0,0.0,0.0,0.006839048849999999
5367.0,1.158690183638897,0.581201472,0.15206035,0.2815685234265679,0.38479374398490157,0.0,0.49232791622742755,0.0,0.0,0.0,0.0,0.0,0.0,0.0,0.0,0.0,0.0,0.006839048849999999
5368.0,1.2258450530948994,0.704579371,0.154139218,0.34134010784007446,0.3900543882026111,0.0,0.4944505570522138,0.0,0.0,0.0,0.0,0.0,0.0,0.0,0.0,0.0,0.0,0.006839048849999999
5369.0,1.2838949319915967,0.78363317,0.154389853,0.37963846482649766,0.3906886283580735,0.0,0.5135678388070255,0.0,0.0,0.0,0.0,0.0,0.0,0.0,0.0,0.0,0.0,0.006839048849999999
5370.0,1.3361774270677196,0.812862858,0.155727158,0.3937990622903308,0.39407272288238393,0.0,0.5483056418950047,0.0,0.0,0.0,0.0,0.0,0.0,0.0,0.0,0.0,0.0,0.006839048849999999
5371.0,1.3807255753999108,0.783542391,0.158565011,0.37959448608552826,0.401254003740601,0.0,0.5998770855737815,0.0,0.0,0.0,0.0,0.0,0.0,0.0,0.0,0.0,0.0,0.006839048849999999
5372.0,1.414217345076937,0.702181341,0.16290541,0.34017835963611837,0.4122375269377942,0.0,0.6618014585030244,0.0,0.0,0.0,0.0,0.0,0.0,0.0,0.0,0.0,0.0,0.006839048849999999
5373.0,1.4381057077163815,0.578709045,0.167196719,0.2803610437074895,0.4230968262666863,0.0,0.7346478377422055,0.0,0.0,0.0,0.0,0.0,0.0,0.0,0.0,0.0,0.0,0.006839048849999999
5374.0,1.4479138213432692,0.428772198,0.168841141,0.20772272696037497,0.4272580905151978,0.0,0.8129330038676965,0.0,0.0,0.0,0.0,0.0,0.0,0.0,0.0,0.0,0.0,0.006839048849999999
5375.0,1.4336689157263691,0.267828402,0.169092705,0.12975199017189903,0.4278946815358802,0.0,0.8760222440185901,0.0,0.0,0.0,0.0,0.0,0.0,0.0,0.0,0.0,0.0,0.006839048849999999
5376.0,1.3999880152874598,0.128473602,0.181611677,0.062240245693033214,0.45957435415745546,0.0,0.878173415436971,0.0,0.0,0.0,0.0,0.0,0.0,0.0,0.0,0.0,0.0,0.006839048849999999
5377.0,1.3616277901168556,0.042454463,0.214610922,0.020567464185255645,0.5430800348442686,0.0,0.7979802910873316,0.0,0.0,0.0,0.0,0.0,0.0,0.0,0.0,0.0,0.0,0.006839048849999999
5378.0,1.3231385106616993,0.006238368,0.233148721,0.0030222360936338986,0.5899905482190541,0.0,0.7301257263490114,0.0,0.0,0.0,0.0,0.0,0.0,0.0,0.0,0.0,0.0,0.006839048849999999
5379.0,1.2510773595597426,3.8e-05,0.229099927,1.840945765913267e-05,0.5797449411171133,0.0,0.6713140089849702,0.0,0.0,0.0,0.0,0.0,0.0,0.0,0.0,0.0,0.0,0.006839048849999999
5380.0,1.1609731067761793,0.0,0.219908452,0.0,0.5564856096872328,0.0,0.6044874970889464,0.0,0.0,0.0,0.0,0.0,0.0,0.0,0.0,0.0,0.0,0.006839048849999999
5381.0,1.0783918186497858,0.0,0.211481179,0.0,0.5351601166888746,0.0,0.5432317019609112,0.0,0.0,0.0,0.0,0.0,0.0,0.0,0.0,0.0,0.0,0.006839048849999999
5382.0,1.0106717807407202,0.0,0.203684469,0.0,0.5154302842133838,0.0,0.4952414965273364,0.0,0.0,0.0,0.0,0.0,0.0,0.0,0.0,0.0,0.0,0.006839048849999999
5383.0,0.9568851378996502,0.0,0.196896908,0.0,0.4982541366527876,0.0,0.4586310012468627,0.0,0.0,0.0,0.0,0.0,0.0,0.0,0.0,0.0,0.0,0.006839048849999999
5384.0,0.9174680032951623,0.0,0.195858032,0.0,0.4956252265813846,0.0,0.4218427767137778,0.0,0.0,0.0,0.0,0.0,0.0,0.0,0.0,0.0,0.0,0.006839048849999999
5385.0,0.8987240053783336,7.84e-05,0.18730232,3.798161790726319e-05,0.4739747144463241,0.0,0.4247113093141023,0.0,0.0,0.0,0.0,0.0,0.0,0.0,0.0,0.0,0.0,0.006839048849999999
5386.0,0.9073839814391615,0.003699124,0.176895787,0.001792075438260039,0.4476406385680795,0.0,0.45795126743282194,0.0,0.0,0.0,0.0,0.0,0.0,0.0,0.0,0.0,0.0,0.006839048849999999
5387.0,0.9429917938165413,0.031411547,0.162190755,0.01521761959221989,0.41042906882818486,0.0,0.5173451053961365,0.0,0.0,0.0,0.0,0.0,0.0,0.0,0.0,0.0,0.0,0.006839048849999999
5388.0,0.9820996427046355,0.112090705,0.131501233,0.05430339704420607,0.33276821857046157,0.0,0.5950280270899679,0.0,0.0,0.0,0.0,0.0,0.0,0.0,0.0,0.0,0.0,0.006839048849999999
5389.0,1.027809277597949,0.253648351,0.106596458,0.12288233100114004,0.2697458618854245,0.0,0.6351810847113846,0.0,0.0,0.0,0.0,0.0,0.0,0.0,0.0,0.0,0.0,0.006839048849999999
5390.0,1.0842548812674817,0.423076387,0.105896493,0.2049633377119823,0.267974577306582,0.0,0.6113169662489175,0.0,0.0,0.0,0.0,0.0,0.0,0.0,0.0,0.0,0.0,0.006839048849999999
5391.0,1.1512717961089654,0.582346381,0.111122555,0.28212318536759584,0.28119930001225263,0.0,0.5879493107291169,0.0,0.0,0.0,0.0,0.0,0.0,0.0,0.0,0.0,0.0,0.006839048849999999
5392.0,1.2204069794832375,0.706471574,0.111029557,0.3422568033929951,0.28096396549800806,0.0,0.5971862105922344,0.0,0.0,0.0,0.0,0.0,0.0,0.0,0.0,0.0,0.0,0.006839048849999999
5393.0,1.2817477386363227,0.784289417,0.114043232,0.37995638986229857,0.2885901697412819,0.0,0.6132011790327423,0.0,0.0,0.0,0.0,0.0,0.0,0.0,0.0,0.0,0.0,0.006839048849999999
5394.0,1.3362753306973516,0.812128845,0.121003525,0.39344346278389,0.30620342133975514,0.0,0.6366284465737065,0.0,0.0,0.0,0.0,0.0,0.0,0.0,0.0,0.0,0.0,0.006839048849999999
5395.0,1.3840565066411858,0.781242278,0.128073465,0.3784801746938251,0.32409413829751965,0.0,0.681482193649841,0.0,0.0,0.0,0.0,0.0,0.0,0.0,0.0,0.0,0.0,0.006839048849999999
5396.0,1.4179109630144804,0.699669559,0.132107603,0.33896150320511914,0.33430265790681796,0.0,0.7446468019025435,0.0,0.0,0.0,0.0,0.0,0.0,0.0,0.0,0.0,0.0,0.006839048849999999
5397.0,1.4450968814077687,0.579327358,0.134275059,0.28066059125995246,0.3397874769879429,0.0,0.8246488131598735,0.0,0.0,0.0,0.0,0.0,0.0,0.0,0.0,0.0,0.0,0.006839048849999999
5398.0,1.4525553189226625,0.430532839,0.134949883,0.20857568606412322,0.3414951414349264,0.0,0.9024844914236129,0.0,0.0,0.0,0.0,0.0,0.0,0.0,0.0,0.0,0.0,0.006839048849999999
5399.0,1.4356114034922622,0.271362566,0.139318219,0.13146414918554197,0.35254936013443633,0.0,0.9515978941722839,0.0,0.0,0.0,0.0,0.0,0.0,0.0,0.0,0.0,0.0,0.006839048849999999
5400.0,1.4016657189867918,0.13168348,0.161272091,0.06379530130176957,0.4081043591979352,0.0,0.929766058487087,0.0,0.0,0.0,0.0,0.0,0.0,0.0,0.0,0.0,0.0,0.006839048849999999
5401.0,1.366017855624525,0.041846524,0.202414752,0.020272942414733663,0.5122172233580636,0.0,0.8335276898517278,0.0,0.0,0.0,0.0,0.0,0.0,0.0,0.0,0.0,0.0,0.006839048849999999
5402.0,1.4675322724296302,0.005699121,0.233320108,0.00276099280904668,0.5904242486899548,0.0,0.8743470309306287,0.0,0.0,0.0,0.0,0.0,0.0,0.0,0.0,0.0,0.0,0.006839048849999999
5403.0,1.2606429394450231,3.26e-05,0.244855381,1.5793376833887502e-05,0.6196146384632123,0.0,0.641012507604977,0.0,0.0,0.0,0.0,0.0,0.0,0.0,0.0,0.0,0.0,0.006839048849999999
5404.0,1.168914384941927,0.0,0.245475059,0.0,0.6211827541336358,0.0,0.5477316308082912,0.0,0.0,0.0,0.0,0.0,0.0,0.0,0.0,0.0,0.0,0.006839048849999999
5405.0,1.0888541030294776,0.0,0.238323845,0.0,0.6030863706313142,0.0,0.48576773239816345,0.0,0.0,0.0,0.0,0.0,0.0,0.0,0.0,0.0,0.0,0.006839048849999999
5406.0,1.0190825495623343,0.0,0.22669478,0.0,0.5736586371005563,0.0,0.4454239124617781,0.0,0.0,0.0,0.0,0.0,0.0,0.0,0.0,0.0,0.0,0.006839048849999999
5407.0,0.9649977471672727,0.0,0.213529271,0.0,0.540342881220888,0.0,0.4246548659463847,0.0,0.0,0.0,0.0,0.0,0.0,0.0,0.0,0.0,0.0,0.006839048849999999
5408.0,0.9263059859553211,0.0,0.198234675,0.0,0.5016394002833754,0.0,0.42466658567194565,0.0,0.0,0.0,0.0,0.0,0.0,0.0,0.0,0.0,0.0,0.006839048849999999
5409.0,0.9070791473876383,7.64e-05,0.179278029,3.701269908309831e-05,0.45366898072471723,0.0,0.4533731539638379,0.0,0.0,0.0,0.0,0.0,0.0,0.0,0.0,0.0,0.0,0.006839048849999999
5410.0,0.9138945393122052,0.003606939,0.162887713,0.0017474155473572192,0.41219274409409234,0.0,0.4999543796707557,0.0,0.0,0.0,0.0,0.0,0.0,0.0,0.0,0.0,0.0,0.006839048849999999
5411.0,0.9498049619085224,0.028878082,0.145265499,0.013990258627788453,0.3675991488382407,0.0,0.5682155544424932,0.0,0.0,0.0,0.0,0.0,0.0,0.0,0.0,0.0,0.0,0.006839048849999999
5412.0,0.9903057049369441,0.106722383,0.120163433,0.05170266292421685,0.304077540753713,0.0,0.6345255012590143,0.0,0.0,0.0,0.0,0.0,0.0,0.0,0.0,0.0,0.0,0.006839048849999999
5413.0,1.0324574516747231,0.245178442,0.09629416,0.1187790038666083,0.24367555612150799,0.0,0.670002891686607,0.0,0.0,0.0,0.0,0.0,0.0,0.0,0.0,0.0,0.0,0.006839048849999999
5414.0,1.0922206355906188,0.411157004,0.087067872,0.19918888043141686,0.22032812924393622,0.0,0.6727036259152657,0.0,0.0,0.0,0.0,0.0,0.0,0.0,0.0,0.0,0.0,0.006839048849999999
5415.0,1.1619921890577616,0.566631472,0.100860535,0.2745099497925268,0.2552309190592433,0.0,0.6322513202059913,0.0,0.0,0.0,0.0,0.0,0.0,0.0,0.0,0.0,0.0,0.006839048849999999
5416.0,1.2326270695320354,0.692504745,0.112477616,0.33549044162699915,0.28462832668171595,0.0,0.6125083012233203,0.0,0.0,0.0,0.0,0.0,0.0,0.0,0.0,0.0,0.0,0.006839048849999999
5417.0,1.2999020939425485,0.774448986,0.126795115,0.37518910044540077,0.3208592313502248,0.0,0.6038537621469231,0.0,0.0,0.0,0.0,0.0,0.0,0.0,0.0,0.0,0.0,0.006839048849999999
5418.0,1.361071521993759,0.802788311,0.140890106,0.3889183531737139,0.3565270721668708,0.0,0.6156260966531744,0.0,0.0,0.0,0.0,0.0,0.0,0.0,0.0,0.0,0.0,0.006839048849999999
5419.0,1.4135364733342335,0.772065027,0.153949062,0.37403416906983217,0.3895731921565598,0.0,0.6499291121078415,0.0,0.0,0.0,0.0,0.0,0.0,0.0,0.0,0.0,0.0,0.006839048849999999
5420.0,1.452192633226319,0.68792777,0.166013639,0.33327308300938313,0.4201030032047661,0.0,0.6988165470121699,0.0,0.0,0.0,0.0,0.0,0.0,0.0,0.0,0.0,0.0,0.006839048849999999
5421.0,1.473493237677033,0.560276128,0.179041429,0.27143104357470516,0.45307025660086225,0.0,0.7489919375014659,0.0,0.0,0.0,0.0,0.0,0.0,0.0,0.0,0.0,0.0,0.006839048849999999
5422.0,1.4746881017254359,0.412755412,0.192437794,0.19996324423136475,0.4869702012224437,0.0,0.7877546562716273,0.0,0.0,0.0,0.0,0.0,0.0,0.0,0.0,0.0,0.0,0.006839048849999999
5423.0,1.4490463820819814,0.256996871,0.207881363,0.12450455303168634,0.5260506632626742,0.0,0.7984911657876208,0.0,0.0,0.0,0.0,0.0,0.0,0.0,0.0,0.0,0.0,0.006839048849999999
5424.0,1.4023799672168509,0.122079659,0.236422636,0.059142639826364585,0.5982752983879068,0.0,0.7449620290025795,0.0,0.0,0.0,0.0,0.0,0.0,0.0,0.0,0.0,0.0,0.006839048849999999
5425.0,1.3599901374024108,0.037943246,0.282214575,0.018381962649659345,0.7141533142686953,0.0,0.6274548604840562,0.0,0.0,0.0,0.0,0.0,0.0,0.0,0.0,0.0,0.0,0.006839048849999999
5426.0,1.3168682606978275,0.004741419,0.320293129,0.0022970250611765042,0.8105123543418719,0.0,0.504058881294779,0.0,0.0,0.0,0.0,0.0,0.0,0.0,0.0,0.0,0.0,0.006839048849999999
5427.0,1.2430092519419529,1.59e-05,0.314915636,7.702904652110776e-06,0.7969044304832025,0.0,0.4460971185540983,0.0,0.0,0.0,0.0,0.0,0.0,0.0,0.0,0.0,0.0,0.006839048849999999
5428.0,1.1598449957024877,0.0,0.286436913,0.0,0.7248380802013643,0.0,0.4350069155011233,0.0,0.0,0.0,0.0,0.0,0.0,0.0,0.0,0.0,0.0,0.006839048849999999
5429.0,1.084613117298804,0.0,0.259677652,0.0,0.6571228853694493,0.0,0.42749023192935476,0.0,0.0,0.0,0.0,0.0,0.0,0.0,0.0,0.0,0.0,0.006839048849999999
5430.0,1.0180612414483168,0.0,0.236791355,0.0,0.599208354010154,0.0,0.41885288743816274,0.0,0.0,0.0,0.0,0.0,0.0,0.0,0.0,0.0,0.0,0.006839048849999999
5431.0,0.9694167384973519,0.0,0.220599052,0.0,0.5582331958238947,0.0,0.41118354267345714,0.0,0.0,0.0,0.0,0.0,0.0,0.0,0.0,0.0,0.0,0.006839048849999999
5432.0,0.919281436776503,0.0,0.206531873,0.0,0.522635734192932,0.0,0.39664570258357096,0.0,0.0,0.0,0.0,0.0,0.0,0.0,0.0,0.0,0.0,0.006839048849999999
5433.0,0.8934817380260108,5.02e-05,0.192742635,2.4319862486538422e-05,0.48774161145338224,0.0,0.405715806710142,0.0,0.0,0.0,0.0,0.0,0.0,0.0,0.0,0.0,0.0,0.006839048849999999
5434.0,0.8798687528369608,0.00272216,0.184853861,0.0013187760331943312,0.46777880798153215,0.0,0.4107711688222343,0.0,0.0,0.0,0.0,0.0,0.0,0.0,0.0,0.0,0.0,0.006839048849999999
5435.0,0.882432034868302,0.025951654,0.178553165,0.012572523039406869,0.4518346884030182,0.0,0.41802482342587693,0.0,0.0,0.0,0.0,0.0,0.0,0.0,0.0,0.0,0.0,0.006839048849999999
5436.0,0.896532310373227,0.101982645,0.152179097,0.04940645223931205,0.3850942371951104,0.0,0.4620316209388047,0.0,0.0,0.0,0.0,0.0,0.0,0.0,0.0,0.0,0.0,0.006839048849999999
5437.0,0.9412918397922553,0.239576342,0.135736752,0.11606501379418126,0.3434863394594979,0.0,0.48174048653857604,0.0,0.0,0.0,0.0,0.0,0.0,0.0,0.0,0.0,0.0,0.006839048849999999
5438.0,1.0097417007588783,0.407604424,0.186502458,0.19746779961324107,0.47195063720560193,0.0,0.34032326394003526,0.0,0.0,0.0,0.0,0.0,0.0,0.0,0.0,0.0,0.0,0.006839048849999999
5439.0,1.0877793939355853,0.566455336,0.237010393,0.27442461904952026,0.5997626369122714,0.0,0.2135921379737937,0.0,0.0,0.0,0.0,0.0,0.0,0.0,0.0,0.0,0.0,0.006839048849999999
5440.0,1.167755123213315,0.694701192,0.264016651,0.33655453104928934,0.6681028658203475,0.0,0.1630977263436781,0.0,0.0,0.0,0.0,0.0,0.0,0.0,0.0,0.0,0.0,0.006839048849999999
5441.0,1.2422438275645296,0.778158466,0.277382973,0.3769861929453323,0.7019267856369714,0.0,0.16333084898222583,0.0,0.0,0.0,0.0,0.0,0.0,0.0,0.0,0.0,0.0,0.006839048849999999
5442.0,1.302541028278643,0.809760961,0.28646921,0.39229631909337054,0.7249198088278567,0.0,0.18532490035741553,0.0,0.0,0.0,0.0,0.0,0.0,0.0,0.0,0.0,0.0,0.006839048849999999
5443.0,1.3493565229207694,0.783999775,0.295458104,0.37981607006926416,0.7476665023383178,0.0,0.22187395051318737,0.0,0.0,0.0,0.0,0.0,0.0,0.0,0.0,0.0,0.0,0.006839048849999999
5444.0,1.3836626692899971,0.704873331,0.301245454,0.3414825195288502,0.7623115828885797,0.0,0.2798685668725671,0.0,0.0,0.0,0.0,0.0,0.0,0.0,0.0,0.0,0.0,0.006839048849999999
5445.0,1.40556181868113,0.583323891,0.305486924,0.28259674928750056,0.7730447629799029,0.0,0.3499203064137268,0.0,0.0,0.0,0.0,0.0,0.0,0.0,0.0,0.0,0.0,0.006839048849999999
5446.0,1.413204937292886,0.43475448,0.30365808,0.21062089978100634,0.7684168127619511,0.0,0.4341672247499286,0.0,0.0,0.0,0.0,0.0,0.0,0.0,0.0,0.0,0.0,0.006839048849999999
5447.0,1.3997566077082544,0.273162926,0.296558064,0.13233635053267867,0.7504499874916377,0.0,0.516970269683938,0.0,0.0,0.0,0.0,0.0,0.0,0.0,0.0,0.0,0.0,0.006839048849999999
5448.0,1.3650276991653525,0.130207414,0.296026002,0.0630802072352147,0.7491035870064876,0.0,0.5528439049236504,0.0,0.0,0.0,0.0,0.0,0.0,0.0,0.0,0.0,0.0,0.006839048849999999
5449.0,1.3294643874378809,0.040680058,0.320004452,0.019707836982159502,0.809781847647442,0.0,0.49997470280827944,0.0,0.0,0.0,0.0,0.0,0.0,0.0,0.0,0.0,0.0,0.006839048849999999
5450.0,1.2903209372299205,0.005128663,0.341257695,0.002484629061748956,0.8635638818581414,0.0,0.42427242631003004,0.0,0.0,0.0,0.0,0.0,0.0,0.0,0.0,0.0,0.0,0.006839048849999999
5451.0,1.2265481761624817,1.86e-05,0.340786801,9.01094506473336e-06,0.8623722690196858,0.0,0.3641668961977312,0.0,0.0,0.0,0.0,0.0,0.0,0.0,0.0,0.0,0.0,0.006839048849999999
5452.0,1.147836286740527,0.0,0.325899408,0.0,0.8246992287390038,0.0,0.3231370580015231,0.0,0.0,0.0,0.0,0.0,0.0,0.0,0.0,0.0,0.0,0.006839048849999999
5453.0,1.070510616961369,0.0,0.303551159,0.0,0.7681462456358027,0.0,0.30236437132556615,0.0,0.0,0.0,0.0,0.0,0.0,0.0,0.0,0.0,0.0,0.006839048849999999
5454.0,1.0049355475750663,0.0,0.277569679,0.0,0.7023992513439389,0.0,0.30253629623112743,0.0,0.0,0.0,0.0,0.0,0.0,0.0,0.0,0.0,0.0,0.006839048849999999
5455.0,0.9530001633677888,0.0,0.252308509,0.0,0.6384750253261828,0.0,0.314525138041606,0.0,0.0,0.0,0.0,0.0,0.0,0.0,0.0,0.0,0.0,0.006839048849999999
5456.0,0.9107905659851144,0.0,0.232973386,0.0,0.5895468572036013,0.0,0.32124370878151304,0.0,0.0,0.0,0.0,0.0,0.0,0.0,0.0,0.0,0.0,0.006839048849999999
5457.0,0.8816554853284018,4.62e-05,0.209227929,2.2382024838208666e-05,0.5294581930537261,0.0,0.3521749102498374,0.0,0.0,0.0,0.0,0.0,0.0,0.0,0.0,0.0,0.0,0.006839048849999999
5458.0,0.8669455397205807,0.002961292,0.190993533,0.001434625781324429,0.48331545100332757,0.0,0.38219546293592865,0.0,0.0,0.0,0.0,0.0,0.0,0.0,0.0,0.0,0.0,0.006839048849999999
5459.0,0.8624308705933047,0.026271699,0.174370135,0.012727571851946791,0.4412493926641805,0.0,0.4084539060771774,0.0,0.0,0.0,0.0,0.0,0.0,0.0,0.0,0.0,0.0,0.006839048849999999
5460.0,0.8690816079133777,0.097692655,0.152393916,0.04732812620607251,0.3856378437782143,0.0,0.43611563792909086,0.0,0.0,0.0,0.0,0.0,0.0,0.0,0.0,0.0,0.0,0.006839048849999999
5461.0,0.9109440954271313,0.22650648,0.156710944,0.10973319613366266,0.3965622258870786,0.0,0.4046486734063899,0.0,0.0,0.0,0.0,0.0,0.0,0.0,0.0,0.0,0.0,0.006839048849999999
5462.0,0.9836171414644946,0.384505679,0.173483871,0.18627739519069889,0.43900667230532936,0.0,0.3583330739684664,0.0,0.0,0.0,0.0,0.0,0.0,0.0,0.0,0.0,0.0,0.006839048849999999
5463.0,1.0635817455797474,0.533950151,0.173555536,0.25867717623478936,0.4391880229576373,0.0,0.3657165463873208,0.0,0.0,0.0,0.0,0.0,0.0,0.0,0.0,0.0,0.0,0.006839048849999999
5464.0,1.1478563122329706,0.653645392,0.163694785,0.31666466231871515,0.4142350664782338,0.0,0.41695658343602154,0.0,0.0,0.0,0.0,0.0,0.0,0.0,0.0,0.0,0.0,0.006839048849999999
5465.0,1.227002089991001,0.72862746,0.156956585,0.35299043089872056,0.39718382856040013,0.0,0.47682783053188027,0.0,0.0,0.0,0.0,0.0,0.0,0.0,0.0,0.0,0.0,0.006839048849999999
5466.0,1.291509125780867,0.751396049,0.157205747,0.3640208881396073,0.3978143412406535,0.0,0.5296738964006064,0.0,0.0,0.0,0.0,0.0,0.0,0.0,0.0,0.0,0.0,0.006839048849999999
5467.0,1.343222002738906,0.722697587,0.163388526,0.35011764811141705,0.41346006795140505,0.0,0.579644286676084,0.0,0.0,0.0,0.0,0.0,0.0,0.0,0.0,0.0,0.0,0.006839048849999999
5468.0,1.381956039768255,0.643849208,0.168828237,0.3119188087774238,0.4272254365164902,0.0,0.6428117944743411,0.0,0.0,0.0,0.0,0.0,0.0,0.0,0.0,0.0,0.0,0.006839048849999999
5469.0,1.409902931874021,0.52824087,0.171247741,0.2559112613181159,0.4333480713963024,0.0,0.7206435991596026,0.0,0.0,0.0,0.0,0.0,0.0,0.0,0.0,0.0,0.0,0.006839048849999999
5470.0,1.4245928509894739,0.391794203,0.1718849,0.18980838924268761,0.43496042331528506,0.0,0.7998240384315011,0.0,0.0,0.0,0.0,0.0,0.0,0.0,0.0,0.0,0.0,0.006839048849999999
5471.0,1.4182959000357025,0.245113499,0.172946005,0.11874754161900943,0.4376455846062534,0.0,0.8619027738104394,0.0,0.0,0.0,0.0,0.0,0.0,0.0,0.0,0.0,0.0,0.006839048849999999
5472.0,1.3882240648996163,0.119739766,0.186497516,0.05800905663924878,0.47193813131118056,0.0,0.8582768769491869,0.0,0.0,0.0,0.0,0.0,0.0,0.0,0.0,0.0,0.0,0.006839048849999999
5473.0,1.3629539322823967,0.039931498,0.210272937,0.019345190044651076,0.5321026203539011,0.0,0.8115061218838445,0.0,0.0,0.0,0.0,0.0,0.0,0.0,0.0,0.0,0.0,0.006839048849999999
5474.0,1.3292908325034205,0.0051286,0.23140042,0.0024845985408059944,0.5855664147259867,0.0,0.7412398192366279,0.0,0.0,0.0,0.0,0.0,0.0,0.0,0.0,0.0,0.0,0.006839048849999999
5475.0,1.2623918457840877,1.62e-05,0.241707515,7.848242475735506e-06,0.6116488594570296,0.0,0.6507351380845822,0.0,0.0,0.0,0.0,0.0,0.0,0.0,0.0,0.0,0.0,0.006839048849999999
5476.0,1.1792298143771331,0.0,0.237374351,0.0,0.6006836446665824,0.0,0.5785461697105506,0.0,0.0,0.0,0.0,0.0,0.0,0.0,0.0,0.0,0.0,0.006839048849999999
5477.0,1.1007493325343838,0.0,0.221930126,0.0,0.5616015225966594,0.0,0.5391478099377244,0.0,0.0,0.0,0.0,0.0,0.0,0.0,0.0,0.0,0.0,0.006839048849999999
5478.0,1.0338147444951848,0.0,0.202038768,0.0,0.5112657834130786,0.0,0.5225489610821062,0.0,0.0,0.0,0.0,0.0,0.0,0.0,0.0,0.0,0.0,0.006839048849999999
5479.0,0.987887053017578,0.0,0.183016779,0.0,0.46313001123216735,0.0,0.5247570417854106,0.0,0.0,0.0,0.0,0.0,0.0,0.0,0.0,0.0,0.0,0.006839048849999999
5480.0,0.9453614944210539,0.0,0.167188051,0.0,0.4230748916060542,0.0,0.5222866028149996,0.0,0.0,0.0,0.0,0.0,0.0,0.0,0.0,0.0,0.0,0.006839048849999999
5481.0,0.9287735901894656,3.84e-05,0.148169365,1.8603241423965646e-05,0.3749474777758661,0.0,0.5538075091721756,0.0,0.0,0.0,0.0,0.0,0.0,0.0,0.0,0.0,0.0,0.006839048849999999
5482.0,0.9425556796480304,0.00263586,0.128784686,0.0012769671859316168,0.32589390655657396,0.0,0.6153848059055248,0.0,0.0,0.0,0.0,0.0,0.0,0.0,0.0,0.0,0.0,0.006839048849999999
5483.0,0.9854394752758018,0.022626782,0.109704952,0.010961757505037506,0.27761200874365943,0.0,0.6968657090271049,0.0,0.0,0.0,0.0,0.0,0.0,0.0,0.0,0.0,0.0,0.006839048849999999
5484.0,1.0306551443557845,0.082949445,0.085829748,0.04018563935726458,0.2171950155198289,0.0,0.7732744894786912,0.0,0.0,0.0,0.0,0.0,0.0,0.0,0.0,0.0,0.0,0.006839048849999999
5485.0,1.0801251491614277,0.198478447,0.068568173,0.09615475174465546,0.17351402917903608,0.0,0.810456368237736,0.0,0.0,0.0,0.0,0.0,0.0,0.0,0.0,0.0,0.0,0.006839048849999999
5486.0,1.1470419365406936,0.347077682,0.066958541,0.1681450497686556,0.16944080217595536,0.0,0.8094560845960826,0.0,0.0,0.0,0.0,0.0,0.0,0.0,0.0,0.0,0.0,0.006839048849999999
5487.0,1.2247881446609403,0.489251541,0.070367016,0.23702251391328713,0.17806606087441906,0.0,0.8096995698732342,0.0,0.0,0.0,0.0,0.0,0.0,0.0,0.0,0.0,0.0,0.006839048849999999
5488.0,1.3013884410475625,0.603693483,0.070435422,0.29246498985217967,0.1782391645194589,0.0,0.830684286675924,0.0,0.0,0.0,0.0,0.0,0.0,0.0,0.0,0.0,0.0,0.006839048849999999
5489.0,1.370410145964705,0.676407384,0.075043632,0.32769192358086036,0.18990039230808795,0.0,0.8528178300757566,0.0,0.0,0.0,0.0,0.0,0.0,0.0,0.0,0.0,0.0,0.006839048849999999
5490.0,1.427541070042037,0.699860167,0.084982797,0.3390538450447373,0.21505177800747435,0.0,0.8734354469898254,0.0,0.0,0.0,0.0,0.0,0.0,0.0,0.0,0.0,0.0,0.006839048849999999
5491.0,1.467866033303488,0.674607128,0.099344422,0.32681977261750245,0.25139434497813545,0.0,0.8896519157078501,0.0,0.0,0.0,0.0,0.0,0.0,0.0,0.0,0.0,0.0,0.006839048849999999
5492.0,1.4876024135119246,0.6040369,0.11644118,0.2926313614500988,0.2946582564502833,0.0,0.9003127956115423,0.0,0.0,0.0,0.0,0.0,0.0,0.0,0.0,0.0,0.0,0.006839048849999999
5493.0,1.498667692497056,0.49846969,0.136100746,0.24148833295831545,0.34440743831299947,0.0,0.9127719212257409,0.0,0.0,0.0,0.0,0.0,0.0,0.0,0.0,0.0,0.0,0.006839048849999999
5494.0,1.4988100967765958,0.373222594,0.158968212,0.18081119846512272,0.40227431720409396,0.0,0.9157245811073789,0.0,0.0,0.0,0.0,0.0,0.0,0.0,0.0,0.0,0.0,0.006839048849999999
5495.0,1.480115049174696,0.238981527,0.184351416,0.11577685006898344,0.4665073542942528,0.0,0.8978308448114599,0.0,0.0,0.0,0.0,0.0,0.0,0.0,0.0,0.0,0.0,0.006839048849999999
5496.0,1.4478314935410599,0.120881303,0.212164059,0.05856208498313913,0.5368881671102529,0.0,0.8523812414476677,0.0,0.0,0.0,0.0,0.0,0.0,0.0,0.0,0.0,0.0,0.006839048849999999
5497.0,1.4223989311518568,0.040211992,0.233442526,0.019481078002983727,0.5907340314870558,0.0,0.8121838216618172,0.0,0.0,0.0,0.0,0.0,0.0,0.0,0.0,0.0,0.0,0.006839048849999999
5498.0,1.3783781251203522,0.004902954,0.263200954,0.002375282212307241,0.6660387175884959,0.0,0.7099641253195493,0.0,0.0,0.0,0.0,0.0,0.0,0.0,0.0,0.0,0.0,0.006839048849999999
5499.0,1.298342318365367,1.22e-05,0.280121377,5.910404827405752e-06,0.7088564075121232,0.0,0.5894800004484164,0.0,0.0,0.0,0.0,0.0,0.0,0.0,0.0,0.0,0.0,0.006839048849999999
5500.0,1.2080311341599879,0.0,0.28142582,0.0,0.7121573436587577,0.0,0.4958737905012301,0.0,0.0,0.0,0.0,0.0,0.0,0.0,0.0,0.0,0.0,0.006839048849999999
5501.0,1.1248045756107572,0.0,0.272937143,0.0,0.690676465807901,0.0,0.4341281098028561,0.0,0.0,0.0,0.0,0.0,0.0,0.0,0.0,0.0,0.0,0.006839048849999999
5502.0,1.0559542017954895,0.0,0.26000354,0.0,0.6579475557298671,0.0,0.3980066460656224,0.0,0.0,0.0,0.0,0.0,0.0,0.0,0.0,0.0,0.0,0.006839048849999999
5503.0,1.002151983126997,0.0,0.246067459,0.0,0.6226818419230342,0.0,0.3794701412039628,0.0,0.0,0.0,0.0,0.0,0.0,0.0,0.0,0.0,0.0,0.006839048849999999
5504.0,0.9626747730451031,0.0,0.235360432,0.0,0.595587356041097,0.0,0.367087417004006,0.0,0.0,0.0,0.0,0.0,0.0,0.0,0.0,0.0,0.0,0.006839048849999999
5505.0,0.946511856819624,2.66e-05,0.220506667,1.288662036139287e-05,0.5579994125264208,0.0,0.3884995576728418,0.0,0.0,0.0,0.0,0.0,0.0,0.0,0.0,0.0,0.0,0.006839048849999999
5506.0,0.9578508182014335,0.002105568,0.211001264,0.0010200622353795962,0.5339456759116141,0.0,0.4228850800544397,0.0,0.0,0.0,0.0,0.0,0.0,0.0,0.0,0.0,0.0,0.006839048849999999
5507.0,0.9997978583499069,0.018626712,0.204967908,0.009023885944548905,0.518678069043461,0.0,0.47209590336189683,0.0,0.0,0.0,0.0,0.0,0.0,0.0,0.0,0.0,0.0,0.006839048849999999
5508.0,1.0456298720303168,0.074167436,0.19215378,0.0359311124402219,0.48625149440370935,0.0,0.5234472651863855,0.0,0.0,0.0,0.0,0.0,0.0,0.0,0.0,0.0,0.0,0.006839048849999999
5509.0,1.08771931645833,0.188010778,0.206658329,0.09108359097504189,0.5229557352825609,0.0,0.4736799902007274,0.0,0.0,0.0,0.0,0.0,0.0,0.0,0.0,0.0,0.0,0.006839048849999999
5510.0,1.1391963361721427,0.33629081,0.241548008,0.16291924810132707,0.6112452217189751,0.0,0.3650318663518403,0.0,0.0,0.0,0.0,0.0,0.0,0.0,0.0,0.0,0.0,0.006839048849999999
5511.0,1.2043263910599677,0.482378283,0.267331501,0.23369269938351622,0.6764912033603333,0.0,0.2941424883161183,0.0,0.0,0.0,0.0,0.0,0.0,0.0,0.0,0.0,0.0,0.006839048849999999
5512.0,1.2687310735551813,0.598916689,0.268658402,0.29015082703930073,0.6798489702186057,0.0,0.2987312762972749,0.0,0.0,0.0,0.0,0.0,0.0,0.0,0.0,0.0,0.0,0.006839048849999999
5513.0,1.3263737641057776,0.672153353,0.273715356,0.3256310182236199,0.6926457595382371,0.0,0.3080969863439205,0.0,0.0,0.0,0.0,0.0,0.0,0.0,0.0,0.0,0.0,0.006839048849999999
5514.0,1.3742973453290765,0.700089662,0.287213708,0.3391650260575132,0.7268037856358102,0.0,0.3083285336357533,0.0,0.0,0.0,0.0,0.0,0.0,0.0,0.0,0.0,0.0,0.006839048849999999
5515.0,1.4115695104108763,0.680166791,0.303949839,0.32951320368585896,0.7691551185592959,0.0,0.31290118816572143,0.0,0.0,0.0,0.0,0.0,0.0,0.0,0.0,0.0,0.0,0.006839048849999999
5516.0,1.4353221442682367,0.614925297,0.322816249,0.297906347859239,0.816897192936043,0.0,0.3205186034729546,0.0,0.0,0.0,0.0,0.0,0.0,0.0,0.0,0.0,0.0,0.006839048849999999
5517.0,1.4514071823565275,0.512369527,0.340799346,0.2482222398193772,0.8624040145570221,0.0,0.3407809279801283,0.0,0.0,0.0,0.0,0.0,0.0,0.0,0.0,0.0,0.0,0.006839048849999999
5518.0,1.4542730746068064,0.384043207,0.357756166,0.1860533462774743,0.9053138082927201,0.0,0.36290592003661193,0.0,0.0,0.0,0.0,0.0,0.0,0.0,0.0,0.0,0.0,0.006839048849999999
5519.0,1.4326965599271297,0.245961382,0.377563093,0.11915830651870411,0.9554358920388488,0.0,0.3581023613695767,0.0,0.0,0.0,0.0,0.0,0.0,0.0,0.0,0.0,0.0,0.006839048849999999
5520.0,1.4032833452088687,0.12342456,0.396018499,0.05979418977413367,1.0021379072025745,0.0,0.3413512482321604,0.0,0.0,0.0,0.0,0.0,0.0,0.0,0.0,0.0,0.0,0.006839048849999999
5521.0,1.3829840223798042,0.039839471,0.403897309,0.019300606698335367,1.0220754964429364,0.0,0.34160791923853245,0.0,0.0,0.0,0.0,0.0,0.0,0.0,0.0,0.0,0.0,0.006839048849999999
5522.0,1.3461880224514022,0.004490331,0.418257563,0.0021753831163155487,1.0584145940527614,0.0,0.28559804528232546,0.0,0.0,0.0,0.0,0.0,0.0,0.0,0.0,0.0,0.0,0.006839048849999999
5523.0,1.271198676789401,8.96e-06,0.430355701,4.340756332258651e-06,1.089029332321258,0.0,0.1821650037118108,0.0,0.0,0.0,0.0,0.0,0.0,0.0,0.0,0.0,0.0,0.006839048849999999
5524.0,1.1834351987879403,0.0,0.438704346,0.0,1.110155854565557,0.0,0.07327934422238354,0.0,0.0,0.0,0.0,0.0,0.0,0.0,0.0,0.0,0.0,0.006839048849999999
5525.0,1.103875557186353,0.0,0.43314733,0.0,1.0960936418189466,0.0,0.0077819153674064945,0.0,0.0,0.0,0.0,0.0,0.0,0.0,0.0,0.0,0.0,0.006839048849999999
5526.0,1.0430554648364985,0.0,0.423948573,0.0,1.0430554648364985,0.0,0.0,0.0,0.0,0.0,0.0,0.0,0.0,0.0,0.029760418210767577,0.0,0.0,3.675e-09
5527.0,0.9919255569914561,0.0,0.420695014,0.0,0.9919255569914561,0.0,0.0,0.0,0.0,0.0,0.0,0.0,0.0,0.0,0.07265708741808619,0.0,0.0,3.675e-09
5528.0,0.9590746080722463,0.0,0.41900926,0.0,0.9590746080722463,0.0,0.0,0.0,0.0,0.0,0.0,0.0,0.0,0.0,0.10124218009602393,0.0,0.0,3.675e-09
5529.0,0.9441688562050863,2.78e-05,0.398330877,1.3467971655891795e-05,0.9441553882334304,0.0,0.0,0.0,0.0,0.0,0.0,0.0,0.0,0.0,0.06383406796352893,0.0,0.0,3.675e-09
5530.0,0.9577818413941364,0.002199551,0.372207355,0.00106559318430534,0.9418830199270708,0.0,0.014833228282760253,0.0,0.0,0.0,0.0,0.0,0.0,0.0,0.0,0.0,0.0,0.006839048849999999
5531.0,1.0023700407112146,0.019989393,0.345999117,0.009684049580664817,0.8755622070178057,0.0,0.11712378411274402,0.0,0.0,0.0,0.0,0.0,0.0,0.0,0.0,0.0,0.0,0.006839048849999999
5532.0,1.0481486524118255,0.077043315,0.32063647,0.03732435908978213,0.8113811900959228,0.0,0.1994431032261206,0.0,0.0,0.0,0.0,0.0,0.0,0.0,0.0,0.0,0.0,0.006839048849999999
5533.0,1.0925833222868868,0.193461694,0.336567734,0.09372433853571265,0.8516957804606817,0.0,0.14716320329049243,0.0,0.0,0.0,0.0,0.0,0.0,0.0,0.0,0.0,0.0,0.006839048849999999
5534.0,1.1408629137090731,0.3454905,0.369970985,0.16737612451006775,0.9362238116901074,0.0,0.03726297750889783,0.0,0.0,0.0,0.0,0.0,0.0,0.0,0.0,0.0,0.0,0.006839048849999999
5535.0,1.2009020068540064,0.49225851,0.384894661,0.23847926834717725,0.9624227385068291,0.0,0.0,0.0,0.0,0.0,0.0,0.0,0.0,0.0,0.011565928795261598,0.0,0.0,3.675e-09
5536.0,1.2577859485246357,0.608585134,0.381026899,0.2948347962197521,0.9629511523048836,0.0,0.0,0.0,0.0,0.0,0.0,0.0,0.0,0.0,0.0012500153576065673,0.0,0.0,3.675e-09
5537.0,1.3087111497803723,0.683132519,0.370078882,0.3309499785291354,0.93649684861653,0.0,0.04126432263470691,0.0,0.0,0.0,0.0,0.0,0.0,0.0,0.0,0.0,0.0,0.006839048849999999
5538.0,1.3517484748501607,0.714214734,0.363775214,0.3460080501342553,0.9205452082937384,0.0,0.08519521642216688,0.0,0.0,0.0,0.0,0.0,0.0,0.0,0.0,0.0,0.0,0.006839048849999999
5539.0,1.3792236524674744,0.694473332,0.359992059,0.3364441421276523,0.91097180946541,0.0,0.131807700874412,0.0,0.0,0.0,0.0,0.0,0.0,0.0,0.0,0.0,0.0,0.006839048849999999
5540.0,1.391895431512281,0.630509431,0.357565904,0.30545622825469293,0.9048323440101635,0.0,0.18160685924742456,0.0,0.0,0.0,0.0,0.0,0.0,0.0,0.0,0.0,0.0,0.006839048849999999
5541.0,1.3962365457050965,0.526980909,0.345934773,0.25530086135280916,0.8753993823980875,0.0,0.26553630195419997,0.0,0.0,0.0,0.0,0.0,0.0,0.0,0.0,0.0,0.0,0.006839048849999999
5542.0,1.399554126951384,0.39982348,0.317876528,0.1936982480575547,0.8043970655995556,0.0,0.4014588132942738,0.0,0.0,0.0,0.0,0.0,0.0,0.0,0.0,0.0,0.0,0.006839048849999999
5543.0,1.3710976922049398,0.258870671,0.282643627,0.1254123330780464,0.7152390445425254,0.0,0.5304463145843682,0.0,0.0,0.0,0.0,0.0,0.0,0.0,0.0,0.0,0.0,0.006839048849999999
5544.0,1.3426590591183531,0.129142023,0.259810868,0.06256406853771676,0.6574599928626169,0.0,0.6226349977180193,0.0,0.0,0.0,0.0,0.0,0.0,0.0,0.0,0.0,0.0,0.006839048849999999
5545.0,1.3256839920331076,0.038611073,0.248373405,0.01870549772545212,0.6285171145287267,0.0,0.6784613797789288,0.0,0.0,0.0,0.0,0.0,0.0,0.0,0.0,0.0,0.0,0.006839048849999999
5546.0,1.291760558852516,0.004191018,0.249009144,0.0020303781163069183,0.630125873090753,0.0,0.6596043076454563,0.0,0.0,0.0,0.0,0.0,0.0,0.0,0.0,0.0,0.0,0.006839048849999999
5547.0,1.220827517824326,5.98e-06,0.248551035,2.8970672842529834e-06,0.6289666131175701,0.0,0.5918580076394717,0.0,0.0,0.0,0.0,0.0,0.0,0.0,0.0,0.0,0.0,0.006839048849999999
5548.0,1.138150551900736,0.0,0.246806082,0.0,0.6245509518492138,0.0,0.5135996000515222,0.0,0.0,0.0,0.0,0.0,0.0,0.0,0.0,0.0,0.0,0.006839048849999999
5549.0,1.0653506774112553,0.0,0.24971031,0.0,0.6319001968398099,0.0,0.4334504805714454,0.0,0.0,0.0,0.0,0.0,0.0,0.0,0.0,0.0,0.0,0.006839048849999999
5550.0,1.0034002481552742,0.0,0.254678973,0.0,0.6444735628643472,0.0,0.35892668529092703,0.0,0.0,0.0,0.0,0.0,0.0,0.0,0.0,0.0,0.0,0.006839048849999999
5551.0,0.9546022147623677,0.0,0.254602036,0.0,0.6442788712417055,0.0,0.3103233435206622,0.0,0.0,0.0,0.0,0.0,0.0,0.0,0.0,0.0,0.0,0.006839048849999999
5552.0,0.9239474105132854,0.0,0.250656035,0.0,0.6342933852254089,0.0,0.2896540252878765,0.0,0.0,0.0,0.0,0.0,0.0,0.0,0.0,0.0,0.0,0.006839048849999999
5553.0,0.9127931292284133,2.44e-05,0.240898763,1.1820809654811503e-05,0.6096022857773342,0.0,0.3031790226414243,0.0,0.0,0.0,0.0,0.0,0.0,0.0,0.0,0.0,0.0,0.006839048849999999
5554.0,0.9287313133721433,0.002272267,0.231318051,0.0011008211349143268,0.5853579772477203,0.0,0.34227251498950867,0.0,0.0,0.0,0.0,0.0,0.0,0.0,0.0,0.0,0.0,0.006839048849999999
5555.0,0.9733528891765774,0.021072389,0.220164496,0.010208717186112447,0.5571335374960591,0.0,0.4060106344944059,0.0,0.0,0.0,0.0,0.0,0.0,0.0,0.0,0.0,0.0,0.006839048849999999
5556.0,1.015822819960867,0.086726312,0.204665316,0.042015378123598145,0.5179123499813921,0.0,0.45589509185587673,0.0,0.0,0.0,0.0,0.0,0.0,0.0,0.0,0.0,0.0,0.006839048849999999
5557.0,1.0539405123897887,0.211690836,0.188509719,0.10255561795179995,0.4770300775419215,0.0,0.4743548168960673,0.0,0.0,0.0,0.0,0.0,0.0,0.0,0.0,0.0,0.0,0.006839048849999999
5558.0,1.1020309740500167,0.371032345,0.199047274,0.17975011172226857,0.5036957089237828,0.0,0.4185851534039652,0.0,0.0,0.0,0.0,0.0,0.0,0.0,0.0,0.0,0.0,0.006839048849999999
5559.0,1.1521017476286648,0.525851128,0.227022261,0.2547535283137672,0.5744873386001511,0.0,0.32286088071474645,0.0,0.0,0.0,0.0,0.0,0.0,0.0,0.0,0.0,0.0,0.006839048849999999
5560.0,1.1998673487450013,0.65229126,0.235872572,0.31600864032611314,0.5968833432464692,0.0,0.28697536517241884,0.0,0.0,0.0,0.0,0.0,0.0,0.0,0.0,0.0,0.0,0.006839048849999999
5561.0,1.238915121155765,0.736750407,0.242092879,0.3569256690267174,0.6126240358021913,0.0,0.2693654163268562,0.0,0.0,0.0,0.0,0.0,0.0,0.0,0.0,0.0,0.0,0.006839048849999999
5562.0,1.272836329503846,0.770819687,0.249119729,0.37343085238558943,0.630405712090062,0.0,0.26899976502819456,0.0,0.0,0.0,0.0,0.0,0.0,0.0,0.0,0.0,0.0,0.006839048849999999
5563.0,1.3012059857831355,0.749999423,0.256486145,0.3633442795287482,0.6490466713696524,0.0,0.28881503488473476,0.0,0.0,0.0,0.0,0.0,0.0,0.0,0.0,0.0,0.0,0.006839048849999999
5564.0,1.3188619246110846,0.680371356,0.266357924,0.32961230712549155,0.6740275345677282,0.0,0.31522208291786485,0.0,0.0,0.0,0.0,0.0,0.0,0.0,0.0,0.0,0.0,0.006839048849999999
5565.0,1.3320254446367117,0.571524629,0.260378071,0.2768804857559739,0.6588953188103047,0.0,0.3962496400704331,0.0,0.0,0.0,0.0,0.0,0.0,0.0,0.0,0.0,0.0,0.006839048849999999
5566.0,1.334279441951584,0.42613967,0.246320916,0.20644737399320442,0.623323223242814,0.0,0.5045088447155657,0.0,0.0,0.0,0.0,0.0,0.0,0.0,0.0,0.0,0.0,0.006839048849999999
5567.0,1.317364451343669,0.267440904,0.230116116,0.12956426311863592,0.5823164409848058,0.0,0.6054837472402275,0.0,0.0,0.0,0.0,0.0,0.0,0.0,0.0,0.0,0.0,0.006839048849999999
5568.0,1.2911486639171095,0.126622588,0.232357015,0.06134350453883685,0.5879871100060333,0.0,0.6418180493722392,0.0,0.0,0.0,0.0,0.0,0.0,0.0,0.0,0.0,0.0,0.006839048849999999
5569.0,1.2725915709297286,0.037312567,0.268047424,0.018076424272106602,0.6783028701858725,0.0,0.5762122764717492,0.0,0.0,0.0,0.0,0.0,0.0,0.0,0.0,0.0,0.0,0.006839048849999999
5570.0,1.244188539163008,0.004069732,0.308766154,0.0019716199720530873,0.7813429629320114,0.0,0.4608739562589436,0.0,0.0,0.0,0.0,0.0,0.0,0.0,0.0,0.0,0.0,0.006839048849999999
5571.0,1.1802555721561718,3.44e-06,0.321208371,1.666540377563589e-06,0.8128284044879632,0.0,0.36742550112783096,0.0,0.0,0.0,0.0,0.0,0.0,0.0,0.0,0.0,0.0,0.006839048849999999
5572.0,1.1035239966524868,0.0,0.313862038,0.0,0.7942382659039746,0.0,0.30928573074851223,0.0,0.0,0.0,0.0,0.0,0.0,0.0,0.0,0.0,0.0,0.006839048849999999
5573.0,1.0319768358563797,0.0,0.303387934,0.0,0.7677331993758019,0.0,0.26424363648057775,0.0,0.0,0.0,0.0,0.0,0.0,0.0,0.0,0.0,0.0,0.006839048849999999
5574.0,0.9725385124843757,0.0,0.291307774,0.0,0.7371639550307991,0.0,0.23537455745357666,0.0,0.0,0.0,0.0,0.0,0.0,0.0,0.0,0.0,0.0,0.006839048849999999
5575.0,0.9272382907696733,0.0,0.279305988,0.0,0.7067930386844564,0.0,0.22044525208521693,0.0,0.0,0.0,0.0,0.0,0.0,0.0,0.0,0.0,0.0,0.006839048849999999
5576.0,0.8958314131380799,0.0,0.267705115,0.0,0.6774366459419475,0.0,0.21839476719613243,0.0,0.0,0.0,0.0,0.0,0.0,0.0,0.0,0.0,0.0,0.006839048849999999
5577.0,0.8825855643103189,1.64e-05,0.250516734,7.945134358151994e-06,0.6339408794385234,0.0,0.24863673973743725,0.0,0.0,0.0,0.0,0.0,0.0,0.0,0.0,0.0,0.0,0.006839048849999999
5578.0,0.8955599535740628,0.001778993,0.236261687,0.0008618499028787738,0.5978680116211684,0.0,0.29683009205001565,0.0,0.0,0.0,0.0,0.0,0.0,0.0,0.0,0.0,0.0,0.006839048849999999
5579.0,0.9364011339737235,0.022144271,0.224871693,0.010728000509654195,0.5690452551614762,0.0,0.3566278783025931,0.0,0.0,0.0,0.0,0.0,0.0,0.0,0.0,0.0,0.0,0.006839048849999999
5580.0,0.9751663216579931,0.089509517,0.203470484,0.043363727981603054,0.5148887880948584,0.0,0.41691380558153174,0.0,0.0,0.0,0.0,0.0,0.0,0.0,0.0,0.0,0.0,0.006839048849999999
5581.0,1.017667404097128,0.215359796,0.178104361,0.10433308015635392,0.4506989750400316,0.0,0.46263534890074254,0.0,0.0,0.0,0.0,0.0,0.0,0.0,0.0,0.0,0.0,0.006839048849999999
5582.0,1.0684479762408146,0.377723442,0.189576957,0.18299167664107513,0.479730758592195,0.0,0.4057255410075445,0.0,0.0,0.0,0.0,0.0,0.0,0.0,0.0,0.0,0.0,0.006839048849999999
5583.0,1.1263866015128925,0.532929124,0.230462578,0.2581825300946491,0.5831931745325615,0.0,0.285010896885682,0.0,0.0,0.0,0.0,0.0,0.0,0.0,0.0,0.0,0.0,0.006839048849999999
5584.0,1.1801465433640628,0.657291893,0.251705536,0.3184312440493332,0.636949182210658,0.0,0.22476611710407154,0.0,0.0,0.0,0.0,0.0,0.0,0.0,0.0,0.0,0.0,0.006839048849999999
5585.0,1.2266282781322557,0.737583314,0.277554302,0.3573291786622567,0.7023603393369542,0.0,0.16693876013304468,0.0,0.0,0.0,0.0,0.0,0.0,0.0,0.0,0.0,0.0,0.006839048849999999
5586.0,1.4028005055579393,0.766612693,0.307199068,0.37139273454571503,0.7773773999888358,0.0,0.25403037102338855,0.0,0.0,0.0,0.0,0.0,0.0,0.0,0.0,0.0,0.0,0.006839048849999999
5587.0,1.3200189615071862,0.742989869,0.337817651,0.35994843511894814,0.8548587367612583,0.0,0.10521178962697986,0.0,0.0,0.0,0.0,0.0,0.0,0.0,0.0,0.0,0.0,0.006839048849999999
5588.0,1.3349247123744215,0.668743068,0.365462103,0.32397887355748634,0.9248139366900425,0.0,0.08613190212689258,0.0,0.0,0.0,0.0,0.0,0.0,0.0,0.0,0.0,0.0,0.006839048849999999
5589.0,1.3533950268946475,0.550771156,0.385258681,0.2668262704277251,0.9749098319494519,0.0,0.11165892451747046,0.0,0.0,0.0,0.0,0.0,0.0,0.0,0.0,0.0,0.0,0.006839048849999999
5590.0,1.3540091466625643,0.407703602,0.396096949,0.19751584732881255,1.0023364275217477,0.0,0.15415687181200427,0.0,0.0,0.0,0.0,0.0,0.0,0.0,0.0,0.0,0.0,0.006839048849999999
5591.0,1.3337543244834078,0.253230189,0.40035322,0.12267974848446483,1.0131070620330083,0.0,0.19796751396593457,0.0,0.0,0.0,0.0,0.0,0.0,0.0,0.0,0.0,0.0,0.006839048849999999
5592.0,1.2989809142906732,0.120081313,0.415635662,0.0581745222980673,1.0517797868716143,0.0,0.18902660512099145,0.0,0.0,0.0,0.0,0.0,0.0,0.0,0.0,0.0,0.0,0.006839048849999999
5593.0,1.26633912162579,0.036587533,0.455966312,0.01772517472672682,1.1538378303447792,0.0,0.09477611655428418,0.0,0.0,0.0,0.0,0.0,0.0,0.0,0.0,0.0,0.0,0.006839048849999999
5594.0,1.229863531576334,0.003988375,0.479171165,0.0019322058076642961,1.2125584781960386,0.0,0.015372847572631104,0.0,0.0,0.0,0.0,0.0,0.0,0.0,0.0,0.0,0.0,0.006839048849999999
5595.0,1.1692748468056846,2.58e-06,0.482465286,1.2499052831726917e-06,1.1692735969004013,0.0,0.0,0.0,0.0,0.0,0.0,0.0,0.0,0.0,0.05162076341565918,0.0,0.0,3.675e-09
5596.0,1.0955715923243372,0.0,0.477591703,0.0,1.0955715923243372,0.0,0.0,0.0,0.0,0.0,0.0,0.0,0.0,0.0,0.11299000505127807,0.0,0.0,3.675e-09
5597.0,1.0260047454464998,0.0,0.474335611,0.0,1.0260047454464998,0.0,0.0,0.0,0.0,0.0,0.0,0.0,0.0,0.0,0.17431720345113086,0.0,0.0,3.675e-09
5598.0,0.9659144761542023,0.0,0.463701139,0.0,0.9659144761542023,0.0,0.0,0.0,0.0,0.0,0.0,0.0,0.0,0.0,0.20749658968822948,0.0,0.0,3.675e-09
5599.0,0.9178662913112966,0.0,0.449621767,0.0,0.9178662913112966,0.0,0.0,0.0,0.0,0.0,0.0,0.0,0.0,0.0,0.21991645811047608,0.0,0.0,3.675e-09
5600.0,0.8825210371680426,0.0,0.439609833,0.0,0.8825210371680426,0.0,0.0,0.0,0.0,0.0,0.0,0.0,0.0,0.0,0.2299261821935287,0.0,0.0,3.675e-09
5601.0,0.861209306554927,8.54e-06,0.423090109,4.137283379184026e-06,0.8612051692715479,0.0,0.0,0.0,0.0,0.0,0.0,0.0,0.0,0.0,0.20943834223615332,0.0,0.0,3.675e-09
5602.0,0.8550213843932645,0.001550595,0.409109076,0.0007512003420779691,0.8542701840511865,0.0,0.0,0.0,0.0,0.0,0.0,0.0,0.0,0.0,0.18099386112721547,0.0,0.0,3.675e-09
5603.0,0.8594559505508418,0.020411051,0.403157141,0.009888325767444672,0.8495676247833971,0.0,0.0,0.0,0.0,0.0,0.0,0.0,0.0,0.0,0.17063485205976978,0.0,0.0,3.675e-09
5604.0,0.8729910586026282,0.082723925,0.38599086,0.04007638407065175,0.8329146745319764,0.0,0.0,0.0,0.0,0.0,0.0,0.0,0.0,0.0,0.14384796058856592,0.0,0.0,3.675e-09
5605.0,0.9129666851627984,0.203503458,0.4204119,0.09858916561942326,0.8143775195433752,0.0,0.0,0.0,0.0,0.0,0.0,0.0,0.0,0.0,0.24948869552719397,0.0,0.0,3.675e-09
5606.0,0.9711144676891276,0.362742251,0.493814022,0.1757338976569204,0.7953805700322072,0.0,0.0,0.0,0.0,0.0,0.0,0.0,0.0,0.0,0.45423214201023204,0.0,0.0,3.675e-09
5607.0,1.0378398984740755,0.515330977,0.54146136,0.2496569421452887,0.7881829563287869,0.0,0.0,0.0,0.0,0.0,0.0,0.0,0.0,0.0,0.5820029201180095,0.0,0.0,3.675e-09
5608.0,1.1021066263547699,0.638783276,0.564382842,0.3094645703390541,0.7926420560157156,0.0,0.0,0.0,0.0,0.0,0.0,0.0,0.0,0.0,0.6355473885963686,0.0,0.0,3.675e-09
5609.0,1.1584587760596916,0.719973939,0.588735582,0.34879815120261753,0.8096606248570741,0.0,0.0,0.0,0.0,0.0,0.0,0.0,0.0,0.0,0.6801542336179327,0.0,0.0,3.675e-09
5610.0,1.201284719042718,0.747951053,0.603138054,0.3623519274028209,0.8389327916398971,0.0,0.0,0.0,0.0,0.0,0.0,0.0,0.0,0.0,0.6873279984899935,0.0,0.0,3.675e-09
5611.0,1.2352215032182217,0.725057373,0.608707188,0.3512608686496174,0.8839606345686043,0.0,0.0,0.0,0.0,0.0,0.0,0.0,0.0,0.0,0.6563930333076128,0.0,0.0,3.675e-09
5612.0,1.262674429510657,0.654622648,0.605054795,0.3171381031859292,0.9455363263247278,0.0,0.0,0.0,0.0,0.0,0.0,0.0,0.0,0.0,0.5855748402881802,0.0,0.0,3.675e-09
5613.0,1.2835522717876968,0.544664864,0.590251723,0.2638680197954014,1.0196842519922955,0.0,0.0,0.0,0.0,0.0,0.0,0.0,0.0,0.0,0.47396725141874485,0.0,0.0,3.675e-09
5614.0,1.2917160572026833,0.406045233,0.5708063,0.1967124348580568,1.0950036223446264,0.0,0.0,0.0,0.0,0.0,0.0,0.0,0.0,0.0,0.349440595146448,0.0,0.0,3.675e-09
5615.0,1.2788974232133914,0.254957055,0.545626219,0.12351634497156998,1.1553810782418212,0.0,0.0,0.0,0.0,0.0,0.0,0.0,0.0,0.0,0.22534411162743653,0.0,0.0,3.675e-09
5616.0,1.246794097011747,0.123033474,0.529868863,0.059604724480500006,1.187189372531247,0.0,0.0,0.0,0.0,0.0,0.0,0.0,0.0,0.0,0.15366130691801685,0.0,0.0,3.675e-09
5617.0,1.2214416375922426,0.037171299,0.524751568,0.01800798565988054,1.203433651932362,0.0,0.0,0.0,0.0,0.0,0.0,0.0,0.0,0.0,0.12446754330142261,0.0,0.0,3.675e-09
5618.0,1.1905821267538548,0.003402433,0.53120718,0.001648340690829888,1.188933786063025,0.0,0.0,0.0,0.0,0.0,0.0,0.0,0.0,0.0,0.1553035488100139,0.0,0.0,3.675e-09
5619.0,1.1319225787541862,1.4e-06,0.530937476,6.782431769154141e-07,1.1319219005110093,0.0,0.0,0.0,0.0,0.0,0.0,0.0,0.0,0.0,0.21163293947149633,0.0,0.0,3.675e-09
5620.0,1.0652638989441003,0.0,0.515174582,0.0,1.0652638989441003,0.0,0.0,0.0,0.0,0.0,0.0,0.0,0.0,0.0,0.23840241652628125,0.0,0.0,3.675e-09
5621.0,0.9992282402318227,0.0,0.497592634,0.0,0.9992282402318227,0.0,0.0,0.0,0.0,0.0,0.0,0.0,0.0,0.0,0.25994637442721763,0.0,0.0,3.675e-09
5622.0,0.9417079284683225,0.0,0.47826518,0.0,0.9417079284683225,0.0,0.0,0.0,0.0,0.0,0.0,0.0,0.0,0.0,0.2685579247262339,0.0,0.0,3.675e-09
5623.0,0.8991512192168779,0.0,0.462953796,0.0,0.8991512192168779,0.0,0.0,0.0,0.0,0.0,0.0,0.0,0.0,0.0,0.2723686704510225,0.0,0.0,3.675e-09
5624.0,0.8684719388104064,0.0,0.451556327,0.0,0.8684719388104064,0.0,0.0,0.0,0.0,0.0,0.0,0.0,0.0,0.0,0.27420627866311953,0.0,0.0,3.675e-09
5625.0,0.8460632477785198,1.15e-05,0.437914284,5.571283238948044e-06,0.8460576764952809,0.0,0.0,0.0,0.0,0.0,0.0,0.0,0.0,0.0,0.2620989000536185,0.0,0.0,3.675e-09
5626.0,0.8360192769074062,0.001849407,0.426202317,0.0008959626279211466,0.8351233142794849,0.0,0.0,0.0,0.0,0.0,0.0,0.0,0.0,0.0,0.24339574248626514,0.0,0.0,3.675e-09
5627.0,0.8352916786823595,0.019651664,0.413803432,0.009520433587881624,0.8257712450944779,0.0,0.0,0.0,0.0,0.0,0.0,0.0,0.0,0.0,0.2213720231742168,0.0,0.0,3.675e-09
5628.0,0.8439939315605096,0.082219217,0.381439831,0.03983187352969845,0.8041620580308112,0.0,0.0,0.0,0.0,0.0,0.0,0.0,0.0,0.0,0.16108404771245532,0.0,0.0,3.675e-09
5629.0,0.8761996110568068,0.204954592,0.412929135,0.09929218114391608,0.7769074299128906,0.0,0.0,0.0,0.0,0.0,0.0,0.0,0.0,0.0,0.2680234008861759,0.0,0.0,3.675e-09
5630.0,0.9301820601572158,0.362438668,0.475323187,0.1755868240152222,0.7545952361419936,0.0,0.0,0.0,0.0,0.0,0.0,0.0,0.0,0.0,0.44822580648065896,0.0,0.0,3.675e-09
5631.0,0.9911134061316897,0.515467776,0.462636999,0.2497232157084022,0.7413901904232875,0.0,0.0,0.0,0.0,0.0,0.0,0.0,0.0,0.0,0.42932803396031505,0.0,0.0,3.675e-09
5632.0,1.0519690998014104,0.641228229,0.430922829,0.31064905083200334,0.741320048969407,0.0,0.0,0.0,0.0,0.0,0.0,0.0,0.0,0.0,0.3491444195095587,0.0,0.0,3.675e-09
5633.0,1.1104884683540495,0.726235777,0.406037339,0.35183175755865304,0.7586567107953965,0.0,0.0,0.0,0.0,0.0,0.0,0.0,0.0,0.0,0.26883420232874583,0.0,0.0,3.675e-09
5634.0,1.1616784536763471,0.760008705,0.396222977,0.36819337040183553,0.7934850832745117,0.0,0.0,0.0,0.0,0.0,0.0,0.0,0.0,0.0,0.2091702622687118,0.0,0.0,3.675e-09
5635.0,1.2042507387552146,0.736775769,0.397728296,0.3569379558863266,0.8473127828688879,0.0,0.0,0.0,0.0,0.0,0.0,0.0,0.0,0.0,0.15915182218150903,0.0,0.0,3.675e-09
5636.0,1.2370972380094034,0.65997096,0.399640414,0.31972914327308266,0.9173680947363206,0.0,0.0,0.0,0.0,0.0,0.0,0.0,0.0,0.0,0.09393518814272082,0.0,0.0,3.675e-09
5637.0,1.2662834948134802,0.538591947,0.395145333,0.260925937995956,0.999928331765846,0.0,0.005429225051678345,0.0,0.0,0.0,0.0,0.0,0.0,0.0,0.0,0.0,0.0,0.006839048849999999
5638.0,1.2837035763972031,0.394997905,0.373109223,0.19136045283009495,0.9441652267239127,0.0,0.14817789684319543,0.0,0.0,0.0,0.0,0.0,0.0,0.0,0.0,0.0,0.0,0.006839048849999999
5639.0,1.2878733594881442,0.242270882,0.3319026,0.11737040905841387,0.839890504607698,0.0,0.3306124458220325,0.0,0.0,0.0,0.0,0.0,0.0,0.0,0.0,0.0,0.0,0.006839048849999999
5640.0,1.2685530669558505,0.111136618,0.296834599,0.05384118061711057,0.7511497684535574,0.0,0.46356211788518237,0.0,0.0,0.0,0.0,0.0,0.0,0.0,0.0,0.0,0.0,0.006839048849999999
5641.0,1.2536339660936278,0.030745684,0.293528755,0.01489503599471244,0.7427842208943809,0.0,0.49595470920453444,0.0,0.0,0.0,0.0,0.0,0.0,0.0,0.0,0.0,0.0,0.006839048849999999
5642.0,1.222402868229005,0.002417612,0.296086996,0.0011712348881634485,0.7492579343404283,0.0,0.4719736990004132,0.0,0.0,0.0,0.0,0.0,0.0,0.0,0.0,0.0,0.0,0.006839048849999999
5643.0,1.1617029298337365,5.12e-07,0.296485178,2.4804321898620863e-07,0.7502655470584538,0.0,0.4114371347320637,0.0,0.0,0.0,0.0,0.0,0.0,0.0,0.0,0.0,0.0,0.006839048849999999
5644.0,1.0854586446459262,0.0,0.29203546,0.0,0.7390053885168155,0.0,0.3464532561291107,0.0,0.0,0.0,0.0,0.0,0.0,0.0,0.0,0.0,0.0,0.006839048849999999
5645.0,1.0145278284502466,0.0,0.281268755,0.0,0.7117598854824547,0.0,0.30276794296779186,0.0,0.0,0.0,0.0,0.0,0.0,0.0,0.0,0.0,0.0,0.006839048849999999
5646.0,0.9562109416544027,0.0,0.270799882,0.0,0.68526805617276,0.0,0.2709428854816427,0.0,0.0,0.0,0.0,0.0,0.0,0.0,0.0,0.0,0.0,0.006839048849999999
5647.0,0.9124571435220448,0.0,0.261268938,0.0,0.6611496872128672,0.0,0.2513074563091776,0.0,0.0,0.0,0.0,0.0,0.0,0.0,0.0,0.0,0.0,0.006839048849999999
5648.0,0.8832286099006458,0.0,0.253102629,0.0,0.6404845722460294,0.0,0.24274403765461633,0.0,0.0,0.0,0.0,0.0,0.0,0.0,0.0,0.0,0.0,0.006839048849999999
5649.0,0.8705167788710275,5.74e-06,0.239029152,2.7807970253531977e-06,0.6048711733178052,0.0,0.2656428247561969,0.0,0.0,0.0,0.0,0.0,0.0,0.0,0.0,0.0,0.0,0.006839048849999999
5650.0,0.8843745216342703,0.001588421,0.230552561,0.0007695255037993993,0.5834208794896065,0.0,0.30018411664086436,0.0,0.0,0.0,0.0,0.0,0.0,0.0,0.0,0.0,0.0,0.006839048849999999
5651.0,0.9291919036980434,0.020012049,0.221552498,0.009695025493104956,0.5606459224553106,0.0,0.35885095574962766,0.0,0.0,0.0,0.0,0.0,0.0,0.0,0.0,0.0,0.0,0.006839048849999999
5652.0,0.9744342737679256,0.087981351,0.202761475,0.042623393579678676,0.5130946173749502,0.0,0.41871626281329666,0.0,0.0,0.0,0.0,0.0,0.0,0.0,0.0,0.0,0.0,0.006839048849999999
5653.0,1.017551700807488,0.216590064,0.21670634,0.10492909506833777,0.5483825593842512,0.0,0.3642400463548989,0.0,0.0,0.0,0.0,0.0,0.0,0.0,0.0,0.0,0.0,0.006839048849999999
5654.0,1.0757306339887376,0.380656102,0.236527246,0.18441243138051278,0.5985400174521354,0.0,0.29277818515608933,0.0,0.0,0.0,0.0,0.0,0.0,0.0,0.0,0.0,0.0,0.006839048849999999
5655.0,1.1397058768129715,0.536783214,0.250989237,0.26004968027016184,0.635136563904685,0.0,0.24451963263812462,0.0,0.0,0.0,0.0,0.0,0.0,0.0,0.0,0.0,0.0,0.006839048849999999
5656.0,1.2028600694473972,0.661783621,0.258071477,0.3206073039554474,0.6530584064191842,0.0,0.2291943590727656,0.0,0.0,0.0,0.0,0.0,0.0,0.0,0.0,0.0,0.0,0.006839048849999999
5657.0,1.257105076781932,0.739985692,0.264418417,0.3584930332957365,0.6691195479688883,0.0,0.22949249551730724,0.0,0.0,0.0,0.0,0.0,0.0,0.0,0.0,0.0,0.0,0.006839048849999999
5658.0,1.3064438024705125,0.767829481,0.273056514,0.37198221894482403,0.690978538070744,0.0,0.24348304545494445,0.0,0.0,0.0,0.0,0.0,0.0,0.0,0.0,0.0,0.0,0.006839048849999999
5659.0,1.3463905032082728,0.743683853,0.280207073,0.3602846421995827,0.7090732640739063,0.0,0.2770325969347837,0.0,0.0,0.0,0.0,0.0,0.0,0.0,0.0,0.0,0.0,0.006839048849999999
5660.0,1.3774369199760335,0.668195277,0.281791722,0.32371349105168223,0.7130832707693527,0.0,0.34064015815499843,0.0,0.0,0.0,0.0,0.0,0.0,0.0,0.0,0.0,0.0,0.006839048849999999
5661.0,1.3971577253569718,0.550567849,0.2747048,0.26672777643803286,0.69514958029903,0.0,0.43528036861990904,0.0,0.0,0.0,0.0,0.0,0.0,0.0,0.0,0.0,0.0,0.006839048849999999
5662.0,1.4068056330444618,0.401533244,0.256102507,0.1945265593197944,0.648075862724566,0.0,0.5642032110001015,0.0,0.0,0.0,0.0,0.0,0.0,0.0,0.0,0.0,0.0,0.006839048849999999
5663.0,1.392816611164156,0.243303929,0.229857452,0.1178708784006874,0.5816618831793415,0.0,0.6932838495841269,0.0,0.0,0.0,0.0,0.0,0.0,0.0,0.0,0.0,0.0,0.006839048849999999
5664.0,1.3645381830170424,0.109550364,0.231458758,0.05307270493685715,0.5857140409640993,0.0,0.725751437116086,0.0,0.0,0.0,0.0,0.0,0.0,0.0,0.0,0.0,0.0,0.006839048849999999
5665.0,1.3419492615532396,0.030262453,0.270028746,0.014660930188552433,0.683316671024945,0.0,0.6439716603397421,0.0,0.0,0.0,0.0,0.0,0.0,0.0,0.0,0.0,0.0,0.006839048849999999
5666.0,1.3002959312937372,0.002654211,0.289992339,0.0012858575006027416,0.7338352032646825,0.0,0.5651748705284521,0.0,0.0,0.0,0.0,0.0,0.0,0.0,0.0,0.0,0.0,0.006839048849999999
5667.0,1.223753486551935,4.16e-07,0.280790377,2.015351154262945e-07,0.7105493341345194,0.0,0.5132039508823002,0.0,0.0,0.0,0.0,0.0,0.0,0.0,0.0,0.0,0.0,0.006839048849999999
5668.0,1.135896555585788,0.0,0.262472193,0.0,0.6641945637794314,0.0,0.4717019918063567,0.0,0.0,0.0,0.0,0.0,0.0,0.0,0.0,0.0,0.0,0.006839048849999999
5669.0,1.0526766725340138,0.0,0.244529903,0.0,0.6187910056213523,0.0,0.4338856669126615,0.0,0.0,0.0,0.0,0.0,0.0,0.0,0.0,0.0,0.0,0.006839048849999999
5670.0,0.9896938110014625,0.0,0.228097421,0.0,0.5772080665333882,0.0,0.41248574446807434,0.0,0.0,0.0,0.0,0.0,0.0,0.0,0.0,0.0,0.0,0.006839048849999999
5671.0,0.93876415908078,0.0,0.21350782,0.0,0.5402885987560494,0.0,0.39847556032473064,0.0,0.0,0.0,0.0,0.0,0.0,0.0,0.0,0.0,0.0,0.006839048849999999
5672.0,0.9039996482180872,0.0,0.201708837,0.0,0.5104308821074675,0.0,0.39356876611061975,0.0,0.0,0.0,0.0,0.0,0.0,0.0,0.0,0.0,0.0,0.006839048849999999
5673.0,0.8900351024951708,6.84e-06,0.188623409,3.3137023786438802e-06,0.4773177738464061,0.0,0.412714014946386,0.0,0.0,0.0,0.0,0.0,0.0,0.0,0.0,0.0,0.0,0.006839048849999999
5674.0,0.9035145827347228,0.00149847,0.175635147,0.0007259478952231719,0.4444505473614163,0.0,0.4583380874780834,0.0,0.0,0.0,0.0,0.0,0.0,0.0,0.0,0.0,0.0,0.006839048849999999
5675.0,0.9447896514704592,0.020161613,0.159787437,0.009767483180613651,0.40434739315660906,0.0,0.5306747751332365,0.0,0.0,0.0,0.0,0.0,0.0,0.0,0.0,0.0,0.0,0.006839048849999999
5676.0,0.9827404634624519,0.091027018,0.13481091,0.04409889562389756,0.34114346566288717,0.0,0.5974981021756672,0.0,0.0,0.0,0.0,0.0,0.0,0.0,0.0,0.0,0.0,0.006839048849999999
5677.0,1.0189935462626691,0.223120598,0.118034332,0.10809287373056213,0.29868978026840576,0.0,0.6122108922637013,0.0,0.0,0.0,0.0,0.0,0.0,0.0,0.0,0.0,0.0,0.006839048849999999
5678.0,1.0687261103023629,0.385026879,0.111135811,0.18652989543627624,0.28123284475860016,0.0,0.6009633701074866,0.0,0.0,0.0,0.0,0.0,0.0,0.0,0.0,0.0,0.0,0.006839048849999999
5679.0,1.1254364960386072,0.539074045,0.111458756,0.2611594949096021,0.2820500677601992,0.0,0.5822269333688059,0.0,0.0,0.0,0.0,0.0,0.0,0.0,0.0,0.0,0.0,0.006839048849999999
5680.0,1.1758143305011384,0.659250819,0.117122389,0.3193802641876062,0.296382078350905,0.0,0.5600519879626272,0.0,0.0,0.0,0.0,0.0,0.0,0.0,0.0,0.0,0.0,0.006839048849999999
5681.0,1.2211034270533638,0.733033379,0.123956716,0.35512491982714345,0.31367656882095263,0.0,0.5523019384052676,0.0,0.0,0.0,0.0,0.0,0.0,0.0,0.0,0.0,0.0,0.006839048849999999
5682.0,1.2654246174713706,0.755014337,0.131773576,0.3657738018168322,0.33345739153776094,0.0,0.5661934241167773,0.0,0.0,0.0,0.0,0.0,0.0,0.0,0.0,0.0,0.0,0.006839048849999999
5683.0,1.298446897492455,0.721308079,0.139523777,0.34944448788265325,0.3530695314507989,0.0,0.595932878159003,0.0,0.0,0.0,0.0,0.0,0.0,0.0,0.0,0.0,0.0,0.006839048849999999
5684.0,1.321385154657614,0.640285269,0.144537174,0.31019222498478616,0.3657560983415937,0.0,0.6454368313312341,0.0,0.0,0.0,0.0,0.0,0.0,0.0,0.0,0.0,0.0,0.006839048849999999
5685.0,1.3398866208326854,0.521051231,0.147233099,0.2524281730350909,0.37257822570255605,0.0,0.7148802220950383,0.0,0.0,0.0,0.0,0.0,0.0,0.0,0.0,0.0,0.0,0.006839048849999999
5686.0,1.3448730054483384,0.376572363,0.146980579,0.1824340255854747,0.3719392154922607,0.0,0.790499764370603,0.0,0.0,0.0,0.0,0.0,0.0,0.0,0.0,0.0,0.0,0.006839048849999999
5687.0,1.3298804761139482,0.222431387,0.147626176,0.1077589789747014,0.37357292004927,0.0,0.8485485770899768,0.0,0.0,0.0,0.0,0.0,0.0,0.0,0.0,0.0,0.0,0.006839048849999999
5688.0,1.2985269994622293,0.094789125,0.180414811,0.04592148376930879,0.4565456451666618,0.0,0.7960598705262586,0.0,0.0,0.0,0.0,0.0,0.0,0.0,0.0,0.0,0.0,0.006839048849999999
5689.0,1.2792133824273915,0.025358018,0.238392997,0.012284930491855896,0.6032613620540226,0.0,0.6636670898815128,0.0,0.0,0.0,0.0,0.0,0.0,0.0,0.0,0.0,0.0,0.006839048849999999
5690.0,1.2372796932738304,0.002408564,0.265021663,0.001166851499402927,0.6706460819199407,0.0,0.5654667598544868,0.0,0.0,0.0,0.0,0.0,0.0,0.0,0.0,0.0,0.0,0.006839048849999999
5691.0,1.1644197413070945,1.04e-07,0.251977666,5.038377885657363e-08,0.6376378161744138,0.0,0.5267818747489018,0.0,0.0,0.0,0.0,0.0,0.0,0.0,0.0,0.0,0.0,0.006839048849999999
5692.0,1.081998659120099,0.0,0.230035347,0.0,0.582112052359448,0.0,0.499886606760651,0.0,0.0,0.0,0.0,0.0,0.0,0.0,0.0,0.0,0.0,0.006839048849999999
5693.0,1.0078926669575963,0.0,0.209105104,0.0,0.5291473803296666,0.0,0.47874528662792976,0.0,0.0,0.0,0.0,0.0,0.0,0.0,0.0,0.0,0.0,0.006839048849999999
5694.0,0.9486034233625883,0.0,0.192028861,0.0,0.48593538274340575,0.0,0.4626680406191825,0.0,0.0,0.0,0.0,0.0,0.0,0.0,0.0,0.0,0.0,0.006839048849999999
5695.0,0.9021595147467719,0.0,0.178408218,0.0,0.4514678952264315,0.0,0.4506916195203405,0.0,0.0,0.0,0.0,0.0,0.0,0.0,0.0,0.0,0.0,0.006839048849999999
5696.0,0.8710463460042247,0.0,0.165871446,0.0,0.4197431791162484,0.0,0.45130316688797634,0.0,0.0,0.0,0.0,0.0,0.0,0.0,0.0,0.0,0.0,0.006839048849999999
5697.0,0.8575112389523629,3.14e-06,0.15157526,1.5212025539388572e-06,0.3835662076990148,0.0,0.4739435100507942,0.0,0.0,0.0,0.0,0.0,0.0,0.0,0.0,0.0,0.0,0.006839048849999999
5698.0,0.8715158356601665,0.001370117,0.142460152,0.0006637660763041545,0.36050012548792737,0.0,0.510351944095935,0.0,0.0,0.0,0.0,0.0,0.0,0.0,0.0,0.0,0.0,0.006839048849999999
5699.0,0.9166714282628186,0.019802005,0.134891548,0.009593267700353512,0.34134752278841296,0.0,0.5657306377740521,0.0,0.0,0.0,0.0,0.0,0.0,0.0,0.0,0.0,0.0,0.006839048849999999
5700.0,0.9550294286009121,0.089674039,0.120180553,0.04344343221299767,0.3041208634798347,0.0,0.6074651329080797,0.0,0.0,0.0,0.0,0.0,0.0,0.0,0.0,0.0,0.0,0.006839048849999999
5701.0,0.9853126458237598,0.214512957,0.092463101,0.10392282103228545,0.23398093463709702,0.0,0.6474088901543773,0.0,0.0,0.0,0.0,0.0,0.0,0.0,0.0,0.0,0.0,0.006839048849999999
5702.0,1.0297250643739424,0.367381548,0.078530058,0.1779814487540162,0.1987229085897242,0.0,0.6530207070302019,0.0,0.0,0.0,0.0,0.0,0.0,0.0,0.0,0.0,0.0,0.006839048849999999
5703.0,1.081500242641822,0.513160248,0.089244082,0.24860531205015846,0.2258351006115372,0.0,0.6070598299801264,0.0,0.0,0.0,0.0,0.0,0.0,0.0,0.0,0.0,0.0,0.006839048849999999
5704.0,1.130220398897465,0.626337059,0.096707459,0.30343488336858376,0.24472142290792018,0.0,0.5820640926209611,0.0,0.0,0.0,0.0,0.0,0.0,0.0,0.0,0.0,0.0,0.006839048849999999
5705.0,1.176248218837214,0.699534447,0.099563113,0.3388960469250339,0.2519477497852781,0.0,0.5854044221269021,0.0,0.0,0.0,0.0,0.0,0.0,0.0,0.0,0.0,0.0,0.006839048849999999
5706.0,1.2192543932520816,0.724124793,0.101904943,0.3508090714910976,0.2578738280395776,0.0,0.6105714937214063,0.0,0.0,0.0,0.0,0.0,0.0,0.0,0.0,0.0,0.0,0.006839048849999999
5707.0,1.257403236335924,0.69471795,0.104745294,0.336562649620117,0.26506143016939815,0.0,0.655779156546409,0.0,0.0,0.0,0.0,0.0,0.0,0.0,0.0,0.0,0.0,0.006839048849999999
5708.0,1.2869121288513818,0.616071074,0.10813881,0.29846143031103656,0.2736488346236998,0.0,0.7148018639166454,0.0,0.0,0.0,0.0,0.0,0.0,0.0,0.0,0.0,0.0,0.006839048849999999
5709.0,1.312420343545338,0.495758494,0.113286869,0.2401748685381152,0.2866761681584784,0.0,0.7855693068487445,0.0,0.0,0.0,0.0,0.0,0.0,0.0,0.0,0.0,0.0,0.006839048849999999
5710.0,1.3245469806294496,0.353097866,0.123231657,0.1710615845699237,0.31184178304530535,0.0,0.8416436130142204,0.0,0.0,0.0,0.0,0.0,0.0,0.0,0.0,0.0,0.0,0.006839048849999999
5711.0,1.316216314777534,0.203048185,0.140072461,0.09836860432950624,0.354457994456603,0.0,0.8633897159914248,0.0,0.0,0.0,0.0,0.0,0.0,0.0,0.0,0.0,0.0,0.006839048849999999
5712.0,1.2905100689917282,0.084952152,0.182980954,0.04115586961305797,0.4630393548850114,0.0,0.786314844493659,0.0,0.0,0.0,0.0,0.0,0.0,0.0,0.0,0.0,0.0,0.006839048849999999
5713.0,1.2690425831041605,0.023914473,0.240299564,0.011585591529841352,0.6080859928936074,0.0,0.6493709986807117,0.0,0.0,0.0,0.0,0.0,0.0,0.0,0.0,0.0,0.0,0.006839048849999999
5714.0,1.2319573239517334,0.001992783,0.264768696,0.0009654224805878785,0.6700059405613641,0.0,0.5609859609097814,0.0,0.0,0.0,0.0,0.0,0.0,0.0,0.0,0.0,0.0,0.006839048849999999
5715.0,1.1577111523422012,3.04e-08,0.263499687,1.4727566127306136e-08,0.6667946713234559,0.0,0.4909164662911791,0.0,0.0,0.0,0.0,0.0,0.0,0.0,0.0,0.0,0.0,0.006839048849999999
5716.0,1.0755637535518086,0.0,0.251078414,0.0,0.6353622292520774,0.0,0.4402015242997312,0.0,0.0,0.0,0.0,0.0,0.0,0.0,0.0,0.0,0.0,0.006839048849999999
5717.0,1.001987328522503,0.0,0.236178121,0.0,0.5976565450948198,0.0,0.4043307834276831,0.0,0.0,0.0,0.0,0.0,0.0,0.0,0.0,0.0,0.0,0.006839048849999999
5718.0,0.9422997969113608,0.0,0.218713174,0.0,0.5534609191829509,0.0,0.3888388777284099,0.0,0.0,0.0,0.0,0.0,0.0,0.0,0.0,0.0,0.0,0.006839048849999999
5719.0,0.8961540478495362,0.0,0.2027039,0.0,0.5129489219335683,0.0,0.38320512591596795,0.0,0.0,0.0,0.0,0.0,0.0,0.0,0.0,0.0,0.0,0.006839048849999999
5720.0,0.8619747309323502,0.0,0.192066938,0.0,0.48603173785103054,0.0,0.3759429930813197,0.0,0.0,0.0,0.0,0.0,0.0,0.0,0.0,0.0,0.0,0.006839048849999999
5721.0,0.8482682937785386,2.56e-06,0.179588319,1.2402160949310429e-06,0.45445417983034253,0.0,0.39381287373210105,0.0,0.0,0.0,0.0,0.0,0.0,0.0,0.0,0.0,0.0,0.006839048849999999
5722.0,0.8621215858768357,0.001467573,0.169393121,0.0007109795527680609,0.4286548941579935,0.0,0.4327557121660741,0.0,0.0,0.0,0.0,0.0,0.0,0.0,0.0,0.0,0.0,0.006839048849999999
5723.0,0.9060889899285411,0.018834451,0.159735579,0.009124527058355498,0.4042161647727761,0.0,0.49274829809740955,0.0,0.0,0.0,0.0,0.0,0.0,0.0,0.0,0.0,0.0,0.006839048849999999
5724.0,0.9465719332969545,0.082291421,0.137862243,0.03986685343708845,0.34886496472043027,0.0,0.5578401151394358,0.0,0.0,0.0,0.0,0.0,0.0,0.0,0.0,0.0,0.0,0.006839048849999999
5725.0,0.9788710647580132,0.197521622,0.110490901,0.09569120886768968,0.27960087867780853,0.0,0.6035789772125149,0.0,0.0,0.0,0.0,0.0,0.0,0.0,0.0,0.0,0.0,0.006839048849999999
5726.0,1.018659785388811,0.347871475,0.114821228,0.16852961025875077,0.2905589143459423,0.0,0.559571260784118,0.0,0.0,0.0,0.0,0.0,0.0,0.0,0.0,0.0,0.0,0.006839048849999999
5727.0,1.0665922669420764,0.495138568,0.135341218,0.23987453955262059,0.34248542759303624,0.0,0.4842322997964196,0.0,0.0,0.0,0.0,0.0,0.0,0.0,0.0,0.0,0.0,0.006839048849999999
5728.0,1.1136836708132407,0.611267218,0.14253804,0.29613415705754786,0.3606972236475166,0.0,0.4568522901081763,0.0,0.0,0.0,0.0,0.0,0.0,0.0,0.0,0.0,0.0,0.006839048849999999
5729.0,1.1579915112362602,0.68581392,0.146103343,0.3322490084811526,0.36971934078594615,0.0,0.4560231619691615,0.0,0.0,0.0,0.0,0.0,0.0,0.0,0.0,0.0,0.0,0.006839048849999999
5730.0,1.2024017049539324,0.709041061,0.155705174,0.34350161555436853,0.3940170916434202,0.0,0.46488299775614367,0.0,0.0,0.0,0.0,0.0,0.0,0.0,0.0,0.0,0.0,0.006839048849999999
5731.0,1.2432139585312583,0.681235113,0.169342953,0.3300307623338936,0.4285279423750452,0.0,0.4846552538223195,0.0,0.0,0.0,0.0,0.0,0.0,0.0,0.0,0.0,0.0,0.006839048849999999
5732.0,1.2738376111254954,0.603363324,0.183493683,0.292305041217146,0.4643368325743606,0.0,0.5171957373339887,0.0,0.0,0.0,0.0,0.0,0.0,0.0,0.0,0.0,0.0,0.006839048849999999
5733.0,1.3013239139052861,0.487150675,0.191871381,0.23600472960606314,0.4855368743958797,0.0,0.5797823099033432,0.0,0.0,0.0,0.0,0.0,0.0,0.0,0.0,0.0,0.0,0.006839048849999999
5734.0,1.3160516591731155,0.349698848,0.197294912,0.1694148983079861,0.49926129893592686,0.0,0.6473754619292025,0.0,0.0,0.0,0.0,0.0,0.0,0.0,0.0,0.0,0.0,0.006839048849999999
5735.0,1.306336999510839,0.206895698,0.202970276,0.10023256821546578,0.5136229952100518,0.0,0.6924814360853213,0.0,0.0,0.0,0.0,0.0,0.0,0.0,0.0,0.0,0.0,0.006839048849999999
5736.0,1.2785614375070227,0.092681472,0.226726452,0.044900411436055,0.5737387841438815,0.0,0.6599222419270863,0.0,0.0,0.0,0.0,0.0,0.0,0.0,0.0,0.0,0.0,0.006839048849999999
5737.0,1.2619156806306895,0.026208455,0.262209179,0.01269693270088905,0.6635289981551221,0.0,0.5856897497746782,0.0,0.0,0.0,0.0,0.0,0.0,0.0,0.0,0.0,0.0,0.006839048849999999
5738.0,1.2291581836762413,0.001955751,0.287921417,0.0009474819796396415,0.7285946666627301,0.0,0.4996160350338715,0.0,0.0,0.0,0.0,0.0,0.0,0.0,0.0,0.0,0.0,0.006839048849999999
5739.0,1.1552368726106008,1.86e-08,0.289109326,9.01094506473336e-09,0.731600709668835,0.0,0.4236361539308208,0.0,0.0,0.0,0.0,0.0,0.0,0.0,0.0,0.0,0.0,0.006839048849999999
5740.0,1.0784763712845058,0.0,0.278417495,0.0,0.7045446777673969,0.0,0.37393169351710875,0.0,0.0,0.0,0.0,0.0,0.0,0.0,0.0,0.0,0.0,0.006839048849999999
5741.0,1.0027950287173237,0.0,0.266743151,0.0,0.6750023642298596,0.0,0.32779266448746414,0.0,0.0,0.0,0.0,0.0,0.0,0.0,0.0,0.0,0.0,0.006839048849999999
5742.0,0.9424444270233358,0.0,0.256354774,0.0,0.648714232709995,0.0,0.2937301943133407,0.0,0.0,0.0,0.0,0.0,0.0,0.0,0.0,0.0,0.0,0.006839048849999999
5743.0,0.8940424558141284,0.0,0.246681914,0.0,0.6242367406192443,0.0,0.26980571519488417,0.0,0.0,0.0,0.0,0.0,0.0,0.0,0.0,0.0,0.0,0.006839048849999999
5744.0,0.8596094809927833,0.0,0.240312622,0.0,0.6081190365944075,0.0,0.25149044439837587,0.0,0.0,0.0,0.0,0.0,0.0,0.0,0.0,0.0,0.0,0.006839048849999999
5745.0,0.8465060374444868,2.84e-06,0.229136558,1.3758647303141258e-06,0.5798376370739219,0.0,0.26666702450583457,0.0,0.0,0.0,0.0,0.0,0.0,0.0,0.0,0.0,0.0,0.006839048849999999
5746.0,0.8568882188544795,0.001633144,0.218844217,0.0007911919820859621,0.5537925278277621,0.0,0.30230449904463147,0.0,0.0,0.0,0.0,0.0,0.0,0.0,0.0,0.0,0.0,0.006839048849999999
5747.0,0.8999210932593221,0.018505707,0.210329877,0.00896526393338987,0.5322467089067848,0.0,0.3587091204191474,0.0,0.0,0.0,0.0,0.0,0.0,0.0,0.0,0.0,0.0,0.006839048849999999
5748.0,0.9398344185096514,0.07568771,0.186280994,0.03666762348846612,0.4713902152302621,0.0,0.4317765797909233,0.0,0.0,0.0,0.0,0.0,0.0,0.0,0.0,0.0,0.0,0.006839048849999999
5749.0,0.9737689768527199,0.188443167,0.152866419,0.0912930658957728,0.3868335282443759,0.0,0.4956423827125711,0.0,0.0,0.0,0.0,0.0,0.0,0.0,0.0,0.0,0.0,0.006839048849999999
5750.0,1.0211429654503783,0.339030083,0.156046871,0.16424631468844036,0.3948817672011077,0.0,0.4620148835608303,0.0,0.0,0.0,0.0,0.0,0.0,0.0,0.0,0.0,0.0,0.006839048849999999
5751.0,1.0768409444024958,0.488342774,0.16831772,0.2365822531867472,0.42593355636628705,0.0,0.4143251348494615,0.0,0.0,0.0,0.0,0.0,0.0,0.0,0.0,0.0,0.0,0.006839048849999999
5752.0,1.1275770148963495,0.608987721,0.173658297,0.2950298332810842,0.4394480630662233,0.0,0.39309911854904206,0.0,0.0,0.0,0.0,0.0,0.0,0.0,0.0,0.0,0.0,0.006839048849999999
5753.0,1.1806249343498958,0.687311401,0.177193892,0.3329744772460172,0.448395003128273,0.0,0.3992554539756055,0.0,0.0,0.0,0.0,0.0,0.0,0.0,0.0,0.0,0.0,0.006839048849999999
5754.0,1.2278231411807339,0.712643711,0.182788013,0.3452469532553073,0.46255111130436605,0.0,0.4200250766210605,0.0,0.0,0.0,0.0,0.0,0.0,0.0,0.0,0.0,0.0,0.006839048849999999
5755.0,1.2691404857338677,0.685758436,0.188805682,0.3322221287351326,0.4777790217002837,0.0,0.4591393352984514,0.0,0.0,0.0,0.0,0.0,0.0,0.0,0.0,0.0,0.0,0.006839048849999999
5756.0,1.3043811617499586,0.607003595,0.190824638,0.2940686047656267,0.48288805662083184,0.0,0.5274245003635,0.0,0.0,0.0,0.0,0.0,0.0,0.0,0.0,0.0,0.0,0.006839048849999999
5757.0,1.3283429518616456,0.483555477,0.186853824,0.2342630020966632,0.4728397804875225,0.0,0.62124016927746,0.0,0.0,0.0,0.0,0.0,0.0,0.0,0.0,0.0,0.0,0.006839048849999999
5758.0,1.3327241170393482,0.341948266,0.178282422,0.16566005590896937,0.4511495642886273,0.0,0.7159144968417516,0.0,0.0,0.0,0.0,0.0,0.0,0.0,0.0,0.0,0.0,0.006839048849999999
5759.0,1.313873315162921,0.196878178,0.174178676,0.0953794863657417,0.4407648993335417,0.0,0.7777289294636375,0.0,0.0,0.0,0.0,0.0,0.0,0.0,0.0,0.0,0.0,0.006839048849999999
5760.0,1.2774778270832394,0.083558724,0.190480634,0.040480810303398757,0.4820175431233568,0.0,0.754979473656484,0.0,0.0,0.0,0.0,0.0,0.0,0.0,0.0,0.0,0.0,0.006839048849999999
5761.0,1.2513777439462448,0.020703919,0.219594262,0.010030208426542432,0.5556905415026429,0.0,0.6856569940170596,0.0,0.0,0.0,0.0,0.0,0.0,0.0,0.0,0.0,0.0,0.006839048849999999
5762.0,1.211945034514259,0.001241796,0.23648758,0.0006015997600863241,0.5984396413274659,0.0,0.6129037934267068,0.0,0.0,0.0,0.0,0.0,0.0,0.0,0.0,0.0,0.0,0.006839048849999999
5763.0,1.1479186145427362,1.05e-09,0.240990101,5.086823826865606e-10,0.6098334196066861,0.0,0.5380851944273678,0.0,0.0,0.0,0.0,0.0,0.0,0.0,0.0,0.0,0.0,0.006839048849999999
5764.0,1.0793352486266152,0.0,0.238674309,0.0,0.6039732313724075,0.0,0.4753620172542076,0.0,0.0,0.0,0.0,0.0,0.0,0.0,0.0,0.0,0.0,0.006839048849999999
5765.0,1.0073697753218551,0.0,0.236850234,0.0,0.5993573492666564,0.0,0.4080124260551987,0.0,0.0,0.0,0.0,0.0,0.0,0.0,0.0,0.0,0.0,0.006839048849999999
5766.0,0.9463271757227619,0.0,0.235454639,0.0,0.5958257499698205,0.0,0.3505014257529414,0.0,0.0,0.0,0.0,0.0,0.0,0.0,0.0,0.0,0.0,0.006839048849999999
5767.0,0.9054971214855029,0.0,0.234237978,0.0,0.5927469490769487,0.0,0.3127501724085542,0.0,0.0,0.0,0.0,0.0,0.0,0.0,0.0,0.0,0.0,0.006839048849999999
5768.0,0.8624152957658068,0.0,0.231663569,0.0,0.5862323219722602,0.0,0.2761829737935466,0.0,0.0,0.0,0.0,0.0,0.0,0.0,0.0,0.0,0.0,0.006839048849999999
5769.0,0.8438893534333464,1.3e-06,0.225624398,6.297972357071704e-07,0.5709500000543174,0.0,0.2729387235817932,0.0,0.0,0.0,0.0,0.0,0.0,0.0,0.0,0.0,0.0,0.006839048849999999
5770.0,0.8363530377812642,0.001184661,0.223404875,0.0005739201715769939,0.5653334237079484,0.0,0.2704456939017389,0.0,0.0,0.0,0.0,0.0,0.0,0.0,0.0,0.0,0.0,0.006839048849999999
5771.0,0.8420069431447086,0.014817609,0.221285793,0.0071785301446074526,0.559971016633448,0.0,0.2748573963666532,0.0,0.0,0.0,0.0,0.0,0.0,0.0,0.0,0.0,0.0,0.006839048849999999
5772.0,0.8560649428322361,0.062925342,0.205869606,0.030484774190406384,0.5209598456496816,0.0,0.3046203229921482,0.0,0.0,0.0,0.0,0.0,0.0,0.0,0.0,0.0,0.0,0.006839048849999999
5773.0,0.8878834584749513,0.168239354,0.177296076,0.08150513852796928,0.44865358311927894,0.0,0.3577247368277031,0.0,0.0,0.0,0.0,0.0,0.0,0.0,0.0,0.0,0.0,0.006839048849999999
5774.0,0.9411494355127153,0.315937637,0.149821487,0.15305896187573492,0.37912822712900013,0.0,0.40896224650798035,0.0,0.0,0.0,0.0,0.0,0.0,0.0,0.0,0.0,0.0,0.006839048849999999
5775.0,1.004479407914112,0.465265974,0.168016949,0.2254024802260032,0.42517244540493465,0.0,0.3539044822831741,0.0,0.0,0.0,0.0,0.0,0.0,0.0,0.0,0.0,0.0,0.006839048849999999
5776.0,1.0654374548784855,0.587595953,0.198745271,0.2846663899324003,0.5029314803456909,0.0,0.2778395846003944,0.0,0.0,0.0,0.0,0.0,0.0,0.0,0.0,0.0,0.0,0.006839048849999999
5777.0,1.1219253343654156,0.667111892,0.224254394,0.32318863499152334,0.567483159629221,0.0,0.23125353974467114,0.0,0.0,0.0,0.0,0.0,0.0,0.0,0.0,0.0,0.0,0.006839048849999999
5778.0,1.1692392454858185,0.692473178,0.246895373,0.33547514869673783,0.6247769056773759,0.0,0.20898719111170472,0.0,0.0,0.0,0.0,0.0,0.0,0.0,0.0,0.0,0.0,0.006839048849999999
5779.0,1.2064557837553085,0.669482003,0.265793775,0.32433685757315345,0.6725999368680299,0.0,0.20951898931412524,0.0,0.0,0.0,0.0,0.0,0.0,0.0,0.0,0.0,0.0,0.006839048849999999
5780.0,1.2324913407499516,0.595796623,0.276959985,0.2886392816992823,0.7008564005156648,0.0,0.24299565853500452,0.0,0.0,0.0,0.0,0.0,0.0,0.0,0.0,0.0,0.0,0.006839048849999999
5781.0,1.2492617012458913,0.484906105,0.275711696,0.23491732654348527,0.6976975639229227,0.0,0.3166468107794834,0.0,0.0,0.0,0.0,0.0,0.0,0.0,0.0,0.0,0.0,0.006839048849999999
5782.0,1.255162590015964,0.352339408,0.268001089,0.17069414245315448,0.6781856179361735,0.0,0.40628282962663587,0.0,0.0,0.0,0.0,0.0,0.0,0.0,0.0,0.0,0.0,0.006839048849999999
5783.0,1.2433652631407648,0.21203238,0.266268266,0.10272108215724021,0.6738006520339302,0.0,0.46684352894959436,0.0,0.0,0.0,0.0,0.0,0.0,0.0,0.0,0.0,0.0,0.006839048849999999
5784.0,1.2175700140552936,0.09566122,0.285396113,0.046343978400288824,0.7222043013843388,0.0,0.44902173427066616,0.0,0.0,0.0,0.0,0.0,0.0,0.0,0.0,0.0,0.0,0.006839048849999999
5785.0,1.2022392741820243,0.025758394,0.311935056,0.012478896413427816,0.7893619742318093,0.0,0.40039840353678713,0.0,0.0,0.0,0.0,0.0,0.0,0.0,0.0,0.0,0.0,0.006839048849999999
5786.0,1.1695196043798772,0.001750919,0.320278372,0.0008482491893439715,0.8104750112653892,0.0,0.35819634392514393,0.0,0.0,0.0,0.0,0.0,0.0,0.0,0.0,0.0,0.0,0.006839048849999999
5787.0,1.1145492236528063,2.26e-10,0.322590537,1.0948782713063114e-10,0.8163260212562309,0.0,0.29822320228708776,0.0,0.0,0.0,0.0,0.0,0.0,0.0,0.0,0.0,0.0,0.006839048849999999
5788.0,1.0494147181000357,0.0,0.319651874,0.0,0.8088896373594431,0.0,0.24052508074059264,0.0,0.0,0.0,0.0,0.0,0.0,0.0,0.0,0.0,0.0,0.006839048849999999
5789.0,0.9838129477238337,0.0,0.308982466,0.0,0.7818903476009857,0.0,0.2019226001228479,0.0,0.0,0.0,0.0,0.0,0.0,0.0,0.0,0.0,0.0,0.006839048849999999
5790.0,0.9251800997141401,0.0,0.295488551,0.0,0.7477435494786348,0.0,0.17743655023550525,0.0,0.0,0.0,0.0,0.0,0.0,0.0,0.0,0.0,0.0,0.006839048849999999
5791.0,0.891116487086519,0.0,0.282326798,0.0,0.7144372982811693,0.0,0.17667918880534972,0.0,0.0,0.0,0.0,0.0,0.0,0.0,0.0,0.0,0.0,0.006839048849999999
5792.0,0.8508427009723569,0.0,0.272303952,0.0,0.6890741550441316,0.0,0.16176854592822534,0.0,0.0,0.0,0.0,0.0,0.0,0.0,0.0,0.0,0.0,0.006839048849999999
5793.0,0.8287032436720522,5.06e-07,0.252817603,2.4513646251371396e-07,0.6397633045278304,0.0,0.18893969400775928,0.0,0.0,0.0,0.0,0.0,0.0,0.0,0.0,0.0,0.0,0.006839048849999999
5794.0,0.818973008182353,0.000898626,0.236034304,0.0004353478236419935,0.5972926114205999,0.0,0.2212450489381112,0.0,0.0,0.0,0.0,0.0,0.0,0.0,0.0,0.0,0.0,0.006839048849999999
5795.0,0.8119351080086227,0.012782685,0.220388217,0.006192692059935007,0.5576996708845332,0.0,0.2480427450641544,0.0,0.0,0.0,0.0,0.0,0.0,0.0,0.0,0.0,0.0,0.006839048849999999
5796.0,0.8293930157447222,0.061021294,0.196474035,0.02956234021574964,0.4971840425427837,0.0,0.302646632986189,0.0,0.0,0.0,0.0,0.0,0.0,0.0,0.0,0.0,0.0,0.006839048849999999
5797.0,0.86033707921783,0.167361796,0.150322876,0.08107999729522104,0.3803970085733598,0.0,0.3988600733492491,0.0,0.0,0.0,0.0,0.0,0.0,0.0,0.0,0.0,0.0,0.006839048849999999
5798.0,0.9115893658499686,0.313480596,0.126240298,0.15186862523741249,0.31945524858511554,0.0,0.4402654920274406,0.0,0.0,0.0,0.0,0.0,0.0,0.0,0.0,0.0,0.0,0.006839048849999999
5799.0,0.9714526782280065,0.460769425,0.163703031,0.2232240847410633,0.4142559332539113,0.0,0.3339726602330318,0.0,0.0,0.0,0.0,0.0,0.0,0.0,0.0,0.0,0.0,0.006839048849999999
5800.0,1.0339860755970594,0.581728117,0.200552454,0.2818236615536441,0.5075046166868598,0.0,0.24465779735655555,0.0,0.0,0.0,0.0,0.0,0.0,0.0,0.0,0.0,0.0,0.006839048849999999
5801.0,1.0965706491134763,0.659349529,0.217279513,0.3194280851761728,0.549832992614354,0.0,0.22730957132294946,0.0,0.0,0.0,0.0,0.0,0.0,0.0,0.0,0.0,0.0,0.006839048849999999
5802.0,1.1511761183117686,0.683624282,0.233061618,0.3311882177429993,0.5897701311972445,0.0,0.23021776937152477,0.0,0.0,0.0,0.0,0.0,0.0,0.0,0.0,0.0,0.0,0.006839048849999999
5803.0,1.1956931149891146,0.657334222,0.249513738,0.3184517507317872,0.6314027648935953,0.0,0.24583859936373206,0.0,0.0,0.0,0.0,0.0,0.0,0.0,0.0,0.0,0.0,0.006839048849999999
5804.0,1.2281124004047592,0.585347442,0.262887369,0.28357707761527934,0.665245180376412,0.0,0.279290142413068,0.0,0.0,0.0,0.0,0.0,0.0,0.0,0.0,0.0,0.0,0.006839048849999999
5805.0,1.2508926784628804,0.472648483,0.272938079,0.22897900619583653,0.6906788343868525,0.0,0.33123483788019126,0.0,0.0,0.0,0.0,0.0,0.0,0.0,0.0,0.0,0.0,0.006839048849999999
5806.0,1.2665861050324176,0.34040993,0.276958705,0.1649147945548241,0.700853161433338,0.0,0.4008181490442557,0.0,0.0,0.0,0.0,0.0,0.0,0.0,0.0,0.0,0.0,0.006839048849999999
5807.0,1.2641385262907168,0.201985062,0.288067443,0.09785356438595492,0.728964190284497,0.0,0.437320771620265,0.0,0.0,0.0,0.0,0.0,0.0,0.0,0.0,0.0,0.0,0.006839048849999999
5808.0,1.2508170261581273,0.089159467,0.318129005,0.043194142964403597,0.8050359669969289,0.0,0.40258691619679465,0.0,0.0,0.0,0.0,0.0,0.0,0.0,0.0,0.0,0.0,0.006839048849999999
5809.0,1.24362559654238,0.024385375,0.352066523,0.011813724435909797,0.8909159785369194,0.0,0.3408958935695505,0.0,0.0,0.0,0.0,0.0,0.0,0.0,0.0,0.0,0.0,0.006839048849999999
5810.0,1.2105454648764753,0.001665711,0.364396196,0.000806969371759251,0.9221166237792824,0.0,0.28762187172543374,0.0,0.0,0.0,0.0,0.0,0.0,0.0,0.0,0.0,0.0,0.006839048849999999
5811.0,1.1479386400351799,8.28e-12,0.366362706,4.011323932042592e-12,0.9270929423625537,0.0,0.22084569766861498,0.0,0.0,0.0,0.0,0.0,0.0,0.0,0.0,0.0,0.0,0.006839048849999999
5812.0,1.0726756109765758,0.0,0.363900022,0.0,0.9208610390648715,0.0,0.15181457191170433,0.0,0.0,0.0,0.0,0.0,0.0,0.0,0.0,0.0,0.0,0.006839048849999999
5813.0,1.0033579723378767,0.0,0.352714985,0.0,0.892556933071168,0.0,0.11080103926670874,0.0,0.0,0.0,0.0,0.0,0.0,0.0,0.0,0.0,0.0,0.006839048849999999
5814.0,0.9446828485107854,0.0,0.340984637,0.0,0.8628728995596984,0.0,0.08180994895108704,0.0,0.0,0.0,0.0,0.0,0.0,0.0,0.0,0.0,0.0,0.006839048849999999
5815.0,0.9086277968024179,0.0,0.328660503,0.0,0.8316862709399981,0.0,0.07694152586241967,0.0,0.0,0.0,0.0,0.0,0.0,0.0,0.0,0.0,0.0,0.006839048849999999
5816.0,0.8736830555078087,0.0,0.315398724,0.0,0.7981269006418874,0.0,0.07555615486592127,0.0,0.0,0.0,0.0,0.0,0.0,0.0,0.0,0.0,0.0,0.006839048849999999
5817.0,0.86272012981733,4.56e-07,0.296958218,2.2091349190959204e-07,0.7514625904208728,0.0,0.11125731848296533,0.0,0.0,0.0,0.0,0.0,0.0,0.0,0.0,0.0,0.0,0.006839048849999999
5818.0,0.8830172288138088,0.001008328,0.279721666,0.0004884939900662612,0.707844925609037,0.0,0.17468380921470555,0.0,0.0,0.0,0.0,0.0,0.0,0.0,0.0,0.0,0.0,0.006839048849999999
5819.0,0.9378496549263609,0.013473808,0.258394762,0.006527513102191659,0.6538764898020264,0.0,0.27744565202214283,0.0,0.0,0.0,0.0,0.0,0.0,0.0,0.0,0.0,0.0,0.006839048849999999
5820.0,0.9881785370741137,0.065515253,0.224438397,0.03173948095081223,0.567948785305306,0.0,0.3884902708179955,0.0,0.0,0.0,0.0,0.0,0.0,0.0,0.0,0.0,0.0,0.006839048849999999
5821.0,1.0294780809673145,0.178728454,0.180497298,0.08658668174724318,0.4567543812478301,0.0,0.48613701797224135,0.0,0.0,0.0,0.0,0.0,0.0,0.0,0.0,0.0,0.0,0.006839048849999999
5822.0,1.0818584796730695,0.337439121,0.194091801,0.16347555817327486,0.4911557206304106,0.0,0.427227200869384,0.0,0.0,0.0,0.0,0.0,0.0,0.0,0.0,0.0,0.0,0.006839048849999999
5823.0,1.1472266176375558,0.494221432,0.221255606,0.23943022438526096,0.5598946274317285,0.0,0.3479017658205664,0.0,0.0,0.0,0.0,0.0,0.0,0.0,0.0,0.0,0.0,0.006839048849999999
5824.0,1.210278455977404,0.621172727,0.222413566,0.30093297412406517,0.5628248835029841,0.0,0.34652059835035476,0.0,0.0,0.0,0.0,0.0,0.0,0.0,0.0,0.0,0.0,0.006839048849999999
5825.0,1.2727962775190342,0.702099911,0.223806265,0.3401389101061925,0.5663491543760554,0.0,0.36630821303678623,0.0,0.0,0.0,0.0,0.0,0.0,0.0,0.0,0.0,0.0,0.006839048849999999
5826.0,1.3243912253549974,0.732381962,0.226193537,0.35480933473030296,0.5723902251140244,0.0,0.3971916655106699,0.0,0.0,0.0,0.0,0.0,0.0,0.0,0.0,0.0,0.0,0.006839048849999999
5827.0,1.3724216095379702,0.703807886,0.224130059,0.340966354670544,0.5671685258002291,0.0,0.46428672906719715,0.0,0.0,0.0,0.0,0.0,0.0,0.0,0.0,0.0,0.0,0.006839048849999999
5828.0,1.4081473510374254,0.625978407,0.218813829,0.30326113103152147,0.553715629988896,0.0,0.5511705900170079,0.0,0.0,0.0,0.0,0.0,0.0,0.0,0.0,0.0,0.0,0.006839048849999999
5829.0,1.4334063574922433,0.508503646,0.213236196,0.2463493773829365,0.5396012452420258,0.0,0.647455734867281,0.0,0.0,0.0,0.0,0.0,0.0,0.0,0.0,0.0,0.0,0.006839048849999999
5830.0,1.4437996650646379,0.364891376,0.205212214,0.17677506149091204,0.519296293455137,0.0,0.7477283101185889,0.0,0.0,0.0,0.0,0.0,0.0,0.0,0.0,0.0,0.0,0.006839048849999999
5831.0,1.4290674691318628,0.216374402,0.203412802,0.10482461558260923,0.5147428218864383,0.0,0.8095000316628155,0.0,0.0,0.0,0.0,0.0,0.0,0.0,0.0,0.0,0.0,0.006839048849999999
5832.0,1.396605906898896,0.096450136,0.227307698,0.04672617618183125,0.575209646367441,0.0,0.7746700843496237,0.0,0.0,0.0,0.0,0.0,0.0,0.0,0.0,0.0,0.0,0.006839048849999999
5833.0,1.3747735104824745,0.02600934,0.266565919,0.012600469565052255,0.6745538727931771,0.0,0.6876191681242453,0.0,0.0,0.0,0.0,0.0,0.0,0.0,0.0,0.0,0.0,0.006839048849999999
5834.0,1.3279557900079129,0.001547759,0.288521391,0.0007498264151853031,0.7301129207095846,0.0,0.5970930428831429,0.0,0.0,0.0,0.0,0.0,0.0,0.0,0.0,0.0,0.0,0.006839048849999999
5835.0,1.2421570490973746,0.0,0.287585584,0.0,0.7277448301509525,0.0,0.514412218946422,0.0,0.0,0.0,0.0,0.0,0.0,0.0,0.0,0.0,0.0,0.006839048849999999
5836.0,1.15012143471032,0.0,0.271778014,0.0,0.687743251543489,0.0,0.4623781831668308,0.0,0.0,0.0,0.0,0.0,0.0,0.0,0.0,0.0,0.0,0.006839048849999999
5837.0,1.0660471239814568,0.0,0.253900104,0.0,0.6425026091043186,0.0,0.4235445148771382,0.0,0.0,0.0,0.0,0.0,0.0,0.0,0.0,0.0,0.0,0.006839048849999999
5838.0,0.9985940949714622,0.0,0.235563401,0.0,0.5961009758073469,0.0,0.40249311916411534,0.0,0.0,0.0,0.0,0.0,0.0,0.0,0.0,0.0,0.0,0.006839048849999999
5839.0,0.9475131384412735,0.0,0.221596106,0.0,0.5607562739413338,0.0,0.3867568644999397,0.0,0.0,0.0,0.0,0.0,0.0,0.0,0.0,0.0,0.0,0.006839048849999999
5840.0,0.9155789185089932,0.0,0.210138291,0.0,0.5317618941984464,0.0,0.3838170243105467,0.0,0.0,0.0,0.0,0.0,0.0,0.0,0.0,0.0,0.0,0.006839048849999999
5841.0,0.9017345267406627,2.56e-07,0.197527329,1.2402160949310431e-07,0.49984943783995905,0.0,0.4018849648790942,0.0,0.0,0.0,0.0,0.0,0.0,0.0,0.0,0.0,0.0,0.006839048849999999
5842.0,0.9168961603445677,0.001126613,0.187000055,0.0005457982716244325,0.4732098228685683,0.0,0.44314053920437496,0.0,0.0,0.0,0.0,0.0,0.0,0.0,0.0,0.0,0.0,0.006839048849999999
5843.0,0.9646995876132807,0.015818048,0.180687738,0.0076632022343717954,0.4572362959652727,0.0,0.49980008941363613,0.0,0.0,0.0,0.0,0.0,0.0,0.0,0.0,0.0,0.0,0.006839048849999999
5844.0,1.0134775955137436,0.071976142,0.162263906,0.03486951943728213,0.4106141798526317,0.0,0.5679938962238298,0.0,0.0,0.0,0.0,0.0,0.0,0.0,0.0,0.0,0.0,0.006839048849999999
5845.0,1.0533308432868176,0.191298029,0.122570575,0.0926761306618693,0.31016889318374036,0.0,0.650485819441208,0.0,0.0,0.0,0.0,0.0,0.0,0.0,0.0,0.0,0.0,0.006839048849999999
5846.0,1.1122863260079676,0.354418859,0.10637851,0.17170155206206872,0.2691943372643512,0.0,0.6713904366815476,0.0,0.0,0.0,0.0,0.0,0.0,0.0,0.0,0.0,0.0,0.006839048849999999
5847.0,1.1836821811946434,0.5139618,0.13247976,0.24899363146083195,0.33524441350175244,0.0,0.5994441362320589,0.0,0.0,0.0,0.0,0.0,0.0,0.0,0.0,0.0,0.0,0.006839048849999999
5848.0,1.254599646395411,0.642714444,0.14119761,0.31136906167713146,0.35730522120736913,0.0,0.5859253635109103,0.0,0.0,0.0,0.0,0.0,0.0,0.0,0.0,0.0,0.0,0.006839048849999999
5849.0,1.3184347107725403,0.724133583,0.146190607,0.3508133298893298,0.36994016522357964,0.0,0.5976812156596308,0.0,0.0,0.0,0.0,0.0,0.0,0.0,0.0,0.0,0.0,0.006839048849999999
5850.0,1.374506501583403,0.747681859,0.158086483,0.3622215138358448,0.4000430728127055,0.0,0.6122419149348528,0.0,0.0,0.0,0.0,0.0,0.0,0.0,0.0,0.0,0.0,0.006839048849999999
5851.0,1.419328333312197,0.71740419,0.171261306,0.3475532121128781,0.43338239807736784,0.0,0.638392723121951,0.0,0.0,0.0,0.0,0.0,0.0,0.0,0.0,0.0,0.0,0.006839048849999999
5852.0,1.4499186104190032,0.633671843,0.180022685,0.3069882885129754,0.4555533573568953,0.0,0.6873769645491326,0.0,0.0,0.0,0.0,0.0,0.0,0.0,0.0,0.0,0.0,0.006839048849999999
5853.0,1.4714216966265121,0.509337523,0.183289852,0.24675335694410558,0.46382103148860626,0.0,0.7608473081938005,0.0,0.0,0.0,0.0,0.0,0.0,0.0,0.0,0.0,0.0,0.006839048849999999
5854.0,1.4778410273673048,0.363829385,0.183621794,0.17626056995541522,0.46466102169621687,0.0,0.8369194357156728,0.0,0.0,0.0,0.0,0.0,0.0,0.0,0.0,0.0,0.0,0.006839048849999999
5855.0,1.4601339113920668,0.215385881,0.187914498,0.1043457172801181,0.4755238511187386,0.0,0.8802643429932101,0.0,0.0,0.0,0.0,0.0,0.0,0.0,0.0,0.0,0.0,0.006839048849999999
5856.0,1.4262505291963623,0.094314837,0.213905899,0.04569171048367104,0.5412959508291689,0.0,0.8392628678835222,0.0,0.0,0.0,0.0,0.0,0.0,0.0,0.0,0.0,0.0,0.006839048849999999
5857.0,1.4027270780856966,0.022763777,0.257740132,0.011028126022195738,0.6522199269398152,0.0,0.7394790251236856,0.0,0.0,0.0,0.0,0.0,0.0,0.0,0.0,0.0,0.0,0.006839048849999999
5858.0,1.3530145405383711,0.00103804,0.289759835,0.0005028882481180546,0.7332468442042736,0.0,0.6192648080859794,0.0,0.0,0.0,0.0,0.0,0.0,0.0,0.0,0.0,0.0,0.006839048849999999
5859.0,1.2698769842888809,0.0,0.308169961,0.0,0.7798342768306865,0.0,0.49004270745819434,0.0,0.0,0.0,0.0,0.0,0.0,0.0,0.0,0.0,0.0,0.006839048849999999
5860.0,1.1773763299109055,0.0,0.312729303,0.0,0.7913718425293556,0.0,0.3860044873815499,0.0,0.0,0.0,0.0,0.0,0.0,0.0,0.0,0.0,0.0,0.006839048849999999
5861.0,1.0917333452747437,0.0,0.309913204,0.0,0.7842456108874967,0.0,0.3074877343872471,0.0,0.0,0.0,0.0,0.0,0.0,0.0,0.0,0.0,0.0,0.006839048849999999
5862.0,1.023290158805652,0.0,0.300004699,0.0,0.7591718113319708,0.0,0.2641183474736813,0.0,0.0,0.0,0.0,0.0,0.0,0.0,0.0,0.0,0.0,0.006839048849999999
5863.0,1.0436362081170598,0.0,0.284996113,0.0,0.7211920881571959,0.0,0.3224441199598639,0.0,0.0,0.0,0.0,0.0,0.0,0.0,0.0,0.0,0.0,0.006839048849999999
5864.0,0.9352262964176891,0.0,0.265163919,0.0,0.6710060654320418,0.0,0.26422023098564734,0.0,0.0,0.0,0.0,0.0,0.0,0.0,0.0,0.0,0.0,0.006839048849999999
5865.0,0.9194727923708964,5.86e-08,0.24106842,2.838932154803091e-08,0.6100316084260277,0.0,0.30944115555554713,0.0,0.0,0.0,0.0,0.0,0.0,0.0,0.0,0.0,0.0,0.006839048849999999
5866.0,0.9358559910131038,0.000763706,0.223230895,0.0003699845597638309,0.5648931615648026,0.0,0.37059284488853733,0.0,0.0,0.0,0.0,0.0,0.0,0.0,0.0,0.0,0.0,0.006839048849999999
5867.0,0.9871750306199539,0.012394109,0.209761307,0.006004442759425662,0.5308079237203935,0.0,0.4503626641401348,0.0,0.0,0.0,0.0,0.0,0.0,0.0,0.0,0.0,0.0,0.006839048849999999
5868.0,1.031542947520304,0.061490647,0.188296102,0.02978972269418877,0.47648951265956513,0.0,0.5252637121665501,0.0,0.0,0.0,0.0,0.0,0.0,0.0,0.0,0.0,0.0,0.006839048849999999
5869.0,1.0717232806697798,0.172867708,0.148133275,0.08374738818571868,0.3748561508374472,0.0,0.6131197416466138,0.0,0.0,0.0,0.0,0.0,0.0,0.0,0.0,0.0,0.0,0.006839048849999999
5870.0,1.1260884419589006,0.326784312,0.137000021,0.15831373566928422,0.3466830834375966,0.0,0.6210916228520199,0.0,0.0,0.0,0.0,0.0,0.0,0.0,0.0,0.0,0.0,0.006839048849999999
5871.0,1.1992910551294609,0.48090805,0.171731481,0.232980431168712,0.43457219146254744,0.0,0.5317384324982015,0.0,0.0,0.0,0.0,0.0,0.0,0.0,0.0,0.0,0.0,0.006839048849999999
5872.0,1.2725670957722641,0.605777952,0.195108219,0.2934748304784237,0.4937277999901756,0.0,0.48536446530366484,0.0,0.0,0.0,0.0,0.0,0.0,0.0,0.0,0.0,0.0,0.006839048849999999
5873.0,1.33965521325348,0.684963356,0.213172508,0.3318369447457742,0.5394400806520002,0.0,0.4683781878557056,0.0,0.0,0.0,0.0,0.0,0.0,0.0,0.0,0.0,0.0,0.006839048849999999
5874.0,1.3965903320713982,0.712210046,0.235009371,0.34503686016436663,0.5946989845717621,0.0,0.4568544873352694,0.0,0.0,0.0,0.0,0.0,0.0,0.0,0.0,0.0,0.0,0.006839048849999999
5875.0,1.3321277979313644,0.688402501,0.255926093,0.3335030709105404,0.6476294412639331,0.0,0.35099528575689076,0.0,0.0,0.0,0.0,0.0,0.0,0.0,0.0,0.0,0.0,0.006839048849999999
5876.0,1.5803478264640174,0.613258073,0.270391684,0.2970986455003893,0.6842350976355269,0.0,0.5990140833281009,0.0,0.0,0.0,0.0,0.0,0.0,0.0,0.0,0.0,0.0,0.006839048849999999
5877.0,1.4836818386601218,0.497469031,0.275641303,0.24100355428748046,0.697519432108677,0.0,0.5451588522639643,0.0,0.0,0.0,0.0,0.0,0.0,0.0,0.0,0.0,0.0,0.006839048849999999
5878.0,1.4864565017783002,0.359678471,0.274631388,0.17424962059937046,0.6949638088054523,0.0,0.6172430723734776,0.0,0.0,0.0,0.0,0.0,0.0,0.0,0.0,0.0,0.0,0.006839048849999999
5879.0,1.465934671699997,0.214128142,0.273868742,0.10373639378362494,0.6930339078833834,0.0,0.6691643700329887,0.0,0.0,0.0,0.0,0.0,0.0,0.0,0.0,0.0,0.0,0.006839048849999999
5880.0,1.4328723406940254,0.092066984,0.295482881,0.04460271694084329,0.7477292013561398,0.0,0.6405404223970422,0.0,0.0,0.0,0.0,0.0,0.0,0.0,0.0,0.0,0.0,0.006839048849999999
5881.0,1.4066610039324114,0.023358391,0.341903285,0.011316192371051725,0.8651975687014191,0.0,0.5301472428599405,0.0,0.0,0.0,0.0,0.0,0.0,0.0,0.0,0.0,0.0,0.006839048849999999
5882.0,1.3557091006868505,0.001353031,0.371213893,0.000655488602789314,0.9393690314844115,0.0,0.4156845805996498,0.0,0.0,0.0,0.0,0.0,0.0,0.0,0.0,0.0,0.0,0.006839048849999999
5883.0,1.2727962775190342,0.0,0.374128691,0.0,0.9467450242095348,0.0,0.3260512533094994,0.0,0.0,0.0,0.0,0.0,0.0,0.0,0.0,0.0,0.0,0.006839048849999999
5884.0,1.1791563869048902,0.0,0.36412364,0.0,0.9214269118084396,0.0,0.25772947509645056,0.0,0.0,0.0,0.0,0.0,0.0,0.0,0.0,0.0,0.0,0.006839048849999999
5885.0,1.094479082570512,0.0,0.345782165,0.0,0.8750132028076679,0.0,0.21946587976284399,0.0,0.0,0.0,0.0,0.0,0.0,0.0,0.0,0.0,0.0,0.006839048849999999
5886.0,1.024587375148783,0.0,0.322764682,0.0,0.8167667009373328,0.0,0.2078206742114502,0.0,0.0,0.0,0.0,0.0,0.0,0.0,0.0,0.0,0.0,0.006839048849999999
5887.0,0.9713213991109436,0.0,0.295426135,0.0,0.7475856037266714,0.0,0.2237357953842722,0.0,0.0,0.0,0.0,0.0,0.0,0.0,0.0,0.0,0.0,0.006839048849999999
5888.0,0.9350683163107266,0.0,0.269184359,0.0,0.6811799217993765,0.0,0.2538883945113501,0.0,0.0,0.0,0.0,0.0,0.0,0.0,0.0,0.0,0.0,0.006839048849999999
5889.0,0.9193593139137667,2.2e-08,0.237196372,1.065810706581365e-08,0.6002332629216982,0.0,0.3191260403339614,0.0,0.0,0.0,0.0,0.0,0.0,0.0,0.0,0.0,0.0,0.006839048849999999
5890.0,0.934972637513605,0.000669959,0.208092116,0.0003245679432593386,0.5265839806983242,0.0,0.4080640888720215,0.0,0.0,0.0,0.0,0.0,0.0,0.0,0.0,0.0,0.0,0.006839048849999999
5891.0,0.9880250076320969,0.011630546,0.186638934,0.005634527477357759,0.4722959942365708,0.0,0.5100944859181683,0.0,0.0,0.0,0.0,0.0,0.0,0.0,0.0,0.0,0.0,0.006839048849999999
5892.0,1.03746386178282,0.063550404,0.160289814,0.03078759135944146,0.40561867476763985,0.0,0.6010575956557388,0.0,0.0,0.0,0.0,0.0,0.0,0.0,0.0,0.0,0.0,0.006839048849999999
5893.0,1.07901706358018,0.175388326,0.127813208,0.0849685253000831,0.3234355493528785,0.0,0.6706129889272182,0.0,0.0,0.0,0.0,0.0,0.0,0.0,0.0,0.0,0.0,0.006839048849999999
5894.0,1.1380103724537065,0.327159724,0.133668107,0.1584956075460929,0.33825156488134106,0.0,0.6412632000262726,0.0,0.0,0.0,0.0,0.0,0.0,0.0,0.0,0.0,0.0,0.006839048849999999
5895.0,1.2096087093971775,0.481338846,0.178258205,0.23318913434559949,0.4510882823693231,0.0,0.525331292682255,0.0,0.0,0.0,0.0,0.0,0.0,0.0,0.0,0.0,0.0,0.006839048849999999
5896.0,1.2817299379763898,0.606540889,0.194092161,0.29384444248889974,0.49115663162231504,0.0,0.4967288638651752,0.0,0.0,0.0,0.0,0.0,0.0,0.0,0.0,0.0,0.0,0.006839048849999999
5897.0,1.3512033318895407,0.688376673,0.211895466,0.33349055829284513,0.5362084836419581,0.0,0.48150428995473754,0.0,0.0,0.0,0.0,0.0,0.0,0.0,0.0,0.0,0.0,0.006839048849999999
5898.0,1.4084588605864048,0.717457739,0.240047127,0.34757915442993575,0.6074471927175568,0.0,0.4534325134389122,0.0,0.0,0.0,0.0,0.0,0.0,0.0,0.0,0.0,0.0,0.006839048849999999
5899.0,1.4481096276026082,0.692178303,0.269795357,0.3353322937276001,0.682726072442771,0.0,0.43005126143223704,0.0,0.0,0.0,0.0,0.0,0.0,0.0,0.0,0.0,0.0,0.006839048849999999
5900.0,1.4708832301632733,0.614541513,0.294143814,0.29772042008823235,0.744340648032564,0.0,0.4288221620424768,0.0,0.0,0.0,0.0,0.0,0.0,0.0,0.0,0.0,0.0,0.006839048849999999
5901.0,1.4843449097428922,0.4965921,0.308399296,0.24057871681078358,0.7804146166318034,0.0,0.46335157630030543,0.0,0.0,0.0,0.0,0.0,0.0,0.0,0.0,0.0,0.0,0.006839048849999999
5902.0,1.4808604480596756,0.356693123,0.313706664,0.17280334066242897,0.7938450868590894,0.0,0.5142120205381572,0.0,0.0,0.0,0.0,0.0,0.0,0.0,0.0,0.0,0.0,0.006839048849999999
5903.0,1.456860831795612,0.211442733,0.315662635,0.10243542211828405,0.7987947361543587,0.0,0.5556306735229695,0.0,0.0,0.0,0.0,0.0,0.0,0.0,0.0,0.0,0.0,0.006839048849999999
5904.0,1.420625549655328,0.091845921,0.334893683,0.04449562088983011,0.8474595390479028,0.0,0.528670389717595,0.0,0.0,0.0,0.0,0.0,0.0,0.0,0.0,0.0,0.0,0.006839048849999999
5905.0,1.3923804969956455,0.023955725,0.366341658,0.011605576449508577,0.9270396797025415,0.0,0.45373524084359546,0.0,0.0,0.0,0.0,0.0,0.0,0.0,0.0,0.0,0.0,0.006839048849999999
5906.0,1.3416199513443272,0.001257133,0.369955781,0.0006090299140894324,0.9361853374653437,0.0,0.40482558396489404,0.0,0.0,0.0,0.0,0.0,0.0,0.0,0.0,0.0,0.0,0.006839048849999999
5907.0,1.314051320762327,0.0,0.353475331,0.0,0.8944810137671808,0.0,0.41957030699514614,0.0,0.0,0.0,0.0,0.0,0.0,0.0,0.0,0.0,0.0,0.006839048849999999
5908.0,1.170723367758322,0.0,0.33278018,0.0,0.8421112498173879,0.0,0.3286121179409341,0.0,0.0,0.0,0.0,0.0,0.0,0.0,0.0,0.0,0.0,0.006839048849999999
5909.0,1.090987946389764,0.0,0.308376087,0.0,0.7803558854898317,0.0,0.3106320608999324,0.0,0.0,0.0,0.0,0.0,0.0,0.0,0.0,0.0,0.0,0.006839048849999999
5910.0,1.0218772381729564,0.0,0.285952719,0.0,0.7236128112731063,0.0,0.2982644268998501,0.0,0.0,0.0,0.0,0.0,0.0,0.0,0.0,0.0,0.0,0.006839048849999999
5911.0,0.9703601684741813,0.0,0.267391174,0.0,0.6766422078600914,0.0,0.29371796061408983,0.0,0.0,0.0,0.0,0.0,0.0,0.0,0.0,0.0,0.0,0.006839048849999999
5912.0,0.9342049883036714,0.0,0.251765036,0.0,0.6370997489281954,0.0,0.29710523937547595,0.0,0.0,0.0,0.0,0.0,0.0,0.0,0.0,0.0,0.0,0.006839048849999999
5913.0,0.9186539670135986,3.68e-09,0.229534167,1.7828106364633743e-09,0.5808437997964995,0.0,0.33781016543428843,0.0,0.0,0.0,0.0,0.0,0.0,0.0,0.0,0.0,0.0,0.006839048849999999
5914.0,0.9314125245255601,0.000874254,0.207840939,0.00042354057885072037,0.5259483689939392,0.0,0.4050406149527702,0.0,0.0,0.0,0.0,0.0,0.0,0.0,0.0,0.0,0.0,0.006839048849999999
5915.0,0.9772934895208236,0.013063868,0.183456108,0.006328913810802583,0.4642417477943359,0.0,0.506722827915685,0.0,0.0,0.0,0.0,0.0,0.0,0.0,0.0,0.0,0.0,0.006839048849999999
5916.0,1.0238864779136359,0.066748242,0.15511976,0.03233681407685634,0.39253568215803375,0.0,0.5990139816787459,0.0,0.0,0.0,0.0,0.0,0.0,0.0,0.0,0.0,0.0,0.006839048849999999
5917.0,1.0659959478340926,0.182276209,0.131175107,0.0883054250487557,0.33194294594317364,0.0,0.6457475768421631,0.0,0.0,0.0,0.0,0.0,0.0,0.0,0.0,0.0,0.0,0.006839048849999999
5918.0,1.1226707332503953,0.340105447,0.142177397,0.164767284899655,0.3597846046103255,0.0,0.5981188437404148,0.0,0.0,0.0,0.0,0.0,0.0,0.0,0.0,0.0,0.0,0.006839048849999999
5919.0,1.1947964114946283,0.494000172,0.178885616,0.23932303289574358,0.45267596665196025,0.0,0.5027974119469245,0.0,0.0,0.0,0.0,0.0,0.0,0.0,0.0,0.0,0.0,0.006839048849999999
5920.0,1.2661811415188273,0.614538216,0.194609224,0.29771882282555073,0.49246507664198036,0.0,0.4759972420512963,0.0,0.0,0.0,0.0,0.0,0.0,0.0,0.0,0.0,0.0,0.006839048849999999
5921.0,1.326197983338882,0.685822276,0.217487327,0.332253056624,0.5503588728133176,0.0,0.4435860539015642,0.0,0.0,0.0,0.0,0.0,0.0,0.0,0.0,0.0,0.0,0.006839048849999999
5922.0,1.376958529990125,0.704206821,0.247421255,0.3411596224861031,0.6261076674681666,0.0,0.40969124003585533,0.0,0.0,0.0,0.0,0.0,0.0,0.0,0.0,0.0,0.0,0.006839048849999999
5923.0,1.4115494849184325,0.66888768,0.277119437,0.32404893220198633,0.7012598990744008,0.0,0.3862406536420453,0.0,0.0,0.0,0.0,0.0,0.0,0.0,0.0,0.0,0.0,0.006839048849999999
5924.0,1.4267177940197937,0.586893768,0.303022013,0.2843262098001272,0.7668072241850785,0.0,0.375584360034588,0.0,0.0,0.0,0.0,0.0,0.0,0.0,0.0,0.0,0.0,0.006839048849999999
5925.0,1.4279816348754937,0.464860303,0.324350678,0.2252059490918443,0.8207801162608217,0.0,0.38199556952282776,0.0,0.0,0.0,0.0,0.0,0.0,0.0,0.0,0.0,0.0,0.006839048849999999
5926.0,1.4127131973119902,0.327337636,0.340669496,0.15858179868901529,0.8620754248381609,0.0,0.39205597378481394,0.0,0.0,0.0,0.0,0.0,0.0,0.0,0.0,0.0,0.0,0.006839048849999999
5927.0,1.3754098805753454,0.188981641,0.356690252,0.09155393469323449,0.9026164776682284,0.0,0.3812394682138827,0.0,0.0,0.0,0.0,0.0,0.0,0.0,0.0,0.0,0.0,0.006839048849999999
5928.0,1.330287664460049,0.079419371,0.379818085,0.03847546178261708,0.9611422238626018,0.0,0.33066997881483007,0.0,0.0,0.0,0.0,0.0,0.0,0.0,0.0,0.0,0.0,0.006839048849999999
5929.0,1.2957300850191722,0.019851905,0.398075971,0.009617442225016424,1.007344408134764,0.0,0.2787682346593917,0.0,0.0,0.0,0.0,0.0,0.0,0.0,0.0,0.0,0.0,0.006839048849999999
5930.0,1.2511285357071065,0.000979035,0.397244201,0.0004743027205081304,1.0052395866449129,0.0,0.24541464634168556,0.0,0.0,0.0,0.0,0.0,0.0,0.0,0.0,0.0,0.0,0.006839048849999999
5931.0,1.1851640786346365,0.0,0.381691107,0.0,0.9658819679704251,0.0,0.2192821106642113,0.0,0.0,0.0,0.0,0.0,0.0,0.0,0.0,0.0,0.0,0.006839048849999999
5932.0,1.1128270183036417,0.0,0.359072249,0.0,0.9086441998442645,0.0,0.20418281845937733,0.0,0.0,0.0,0.0,0.0,0.0,0.0,0.0,0.0,0.0,0.006839048849999999
5933.0,1.0428107072623058,0.0,0.329175994,0.0,0.8329907379616809,0.0,0.20981996930062488,0.0,0.0,0.0,0.0,0.0,0.0,0.0,0.0,0.0,0.0,0.006839048849999999
5934.0,0.9791625488145491,0.0,0.302632483,0.0,0.7658215056391563,0.0,0.21334104317539282,0.0,0.0,0.0,0.0,0.0,0.0,0.0,0.0,0.0,0.0,0.006839048849999999
5935.0,0.9428471647044909,0.0,0.279789581,0.0,0.7080167867623406,0.0,0.2348303779421504,0.0,0.0,0.0,0.0,0.0,0.0,0.0,0.0,0.0,0.0,0.006839048849999999
5936.0,0.8951371904004641,0.0,0.257539234,0.0,0.6517115479075488,0.0,0.2434256424929153,0.0,0.0,0.0,0.0,0.0,0.0,0.0,0.0,0.0,0.0,0.006839048849999999
5937.0,0.8720810041132298,0.0,0.232560557,0.0,0.5885021797677311,0.0,0.28357882434549864,0.0,0.0,0.0,0.0,0.0,0.0,0.0,0.0,0.0,0.0,0.006839048849999999
5938.0,0.8646314659283778,0.000852181,0.212250399,0.00041284710624782465,0.5371066533353317,0.0,0.32711196548679833,0.0,0.0,0.0,0.0,0.0,0.0,0.0,0.0,0.0,0.0,0.006839048849999999
5939.0,0.8695889247216209,0.012962352,0.195591161,0.006279733429125623,0.4949499006910326,0.0,0.36835929060146266,0.0,0.0,0.0,0.0,0.0,0.0,0.0,0.0,0.0,0.0,0.006839048849999999
5940.0,0.8778350379388167,0.065612629,0.175532963,0.03178665567052317,0.4441919673704104,0.0,0.40185641489788304,0.0,0.0,0.0,0.0,0.0,0.0,0.0,0.0,0.0,0.0,0.006839048849999999
5941.0,0.9189855020550215,0.174634748,0.159188313,0.08460344734524483,0.4028312900628624,0.0,0.4315507646469142,0.0,0.0,0.0,0.0,0.0,0.0,0.0,0.0,0.0,0.0,0.006839048849999999
5942.0,0.9814499226167772,0.323494674,0.203569677,0.15672003957784014,0.5151397992614584,0.0,0.30959008377747865,0.0,0.0,0.0,0.0,0.0,0.0,0.0,0.0,0.0,0.0,0.006839048849999999
5943.0,1.05345989757137,0.472818196,0.258625879,0.22906122525603928,0.6544613390130704,0.0,0.16993733330226038,0.0,0.0,0.0,0.0,0.0,0.0,0.0,0.0,0.0,0.0,0.006839048849999999
5944.0,1.123707616191911,0.591340536,0.277150497,0.28648048841107415,0.7013384974314882,0.0,0.13588863034934864,0.0,0.0,0.0,0.0,0.0,0.0,0.0,0.0,0.0,0.0,0.006839048849999999
5945.0,1.1855890676406702,0.66754891,0.298371712,0.3234003524748728,0.7550394837290904,0.0,0.10714923143670703,0.0,0.0,0.0,0.0,0.0,0.0,0.0,0.0,0.0,0.0,0.006839048849999999
5946.0,1.2315301101131892,0.68925335,0.32375204,0.33391527271685134,0.819265243006146,0.0,0.0783495943901919,0.0,0.0,0.0,0.0,0.0,0.0,0.0,0.0,0.0,0.0,0.006839048849999999
5947.0,1.2626210275308576,0.660061439,0.346497029,0.31977297667622845,0.8768221897986884,0.0,0.06602586105594067,0.0,0.0,0.0,0.0,0.0,0.0,0.0,0.0,0.0,0.0,0.006839048849999999
5948.0,1.279640596265936,0.58252078,0.36058982,0.28220767460460355,0.9124844634425854,0.0,0.08494845821874719,0.0,0.0,0.0,0.0,0.0,0.0,0.0,0.0,0.0,0.0,0.006839048849999999
5949.0,1.2899538008686315,0.467197168,0.360444668,0.22633806533586032,0.9121171515067197,0.0,0.1514985840260515,0.0,0.0,0.0,0.0,0.0,0.0,0.0,0.0,0.0,0.0,0.006839048849999999
5950.0,1.2913822963288253,0.332487659,0.350093744,0.16107677580380633,0.8859237960418456,0.0,0.24438172448317322,0.0,0.0,0.0,0.0,0.0,0.0,0.0,0.0,0.0,0.0,0.006839048849999999
5951.0,1.2732568678449343,0.196058399,0.338565598,0.09498233671336419,0.8567514413777628,0.0,0.3215230897538073,0.0,0.0,0.0,0.0,0.0,0.0,0.0,0.0,0.0,0.0,0.006839048849999999
5952.0,1.241798813066052,0.087630751,0.331064125,0.042453542109802574,0.8377687158936266,0.0,0.36157655506262293,0.0,0.0,0.0,0.0,0.0,0.0,0.0,0.0,0.0,0.0,0.006839048849999999
5953.0,1.218727050951395,0.022518006,0.329319724,0.010909059948028826,0.8333544514795239,0.0,0.37446353952384226,0.0,0.0,0.0,0.0,0.0,0.0,0.0,0.0,0.0,0.0,0.006839048849999999
5954.0,1.1801865953488744,0.001020255,0.333370217,0.0004942721374741685,0.843604357957147,0.0,0.33608796525425305,0.0,0.0,0.0,0.0,0.0,0.0,0.0,0.0,0.0,0.0,0.006839048849999999
5955.0,1.1241259297004886,0.0,0.336193372,0.0,0.8507484450403328,0.0,0.27337748466015577,0.0,0.0,0.0,0.0,0.0,0.0,0.0,0.0,0.0,0.0,0.006839048849999999
5956.0,1.0594831651285388,0.0,0.332412413,0.0,0.8411806032626215,0.0,0.21830256186591737,0.0,0.0,0.0,0.0,0.0,0.0,0.0,0.0,0.0,0.0,0.006839048849999999
5957.0,0.9939347957322111,0.0,0.328903454,0.0,0.8323010664793671,0.0,0.161633729252844,0.0,0.0,0.0,0.0,0.0,0.0,0.0,0.0,0.0,0.0,0.006839048849999999
5958.0,0.9367682703350125,0.0,0.323734916,0.0,0.8192219101578918,0.0,0.11754636017712072,0.0,0.0,0.0,0.0,0.0,0.0,0.0,0.0,0.0,0.0,0.006839048849999999
5959.0,0.8931079261672658,0.0,0.320117447,0.0,0.8100677852314444,0.0,0.0830401409358213,0.0,0.0,0.0,0.0,0.0,0.0,0.0,0.0,0.0,0.0,0.006839048849999999
5960.0,0.8595827800028837,0.0,0.318451049,0.0,0.8058509099882337,0.0,0.0537318700146499,0.0,0.0,0.0,0.0,0.0,0.0,0.0,0.0,0.0,0.0,0.006839048849999999
5961.0,0.8385447327863708,0.0,0.303948626,0.0,0.7691520490226845,0.0,0.06939268376368615,0.0,0.0,0.0,0.0,0.0,0.0,0.0,0.0,0.0,0.0,0.006839048849999999
5962.0,0.828144750716445,0.000782304,0.289125624,0.0003789945359097401,0.731641952296775,0.0,0.09612380388376013,0.0,0.0,0.0,0.0,0.0,0.0,0.0,0.0,0.0,0.0,0.006839048849999999
5963.0,0.8281469755489554,0.012628869,0.273838038,0.006118174451006135,0.692956210396068,0.0,0.12907259070188135,0.0,0.0,0.0,0.0,0.0,0.0,0.0,0.0,0.0,0.0,0.006839048849999999
5964.0,0.8347888125390619,0.063970324,0.246215697,0.030991025555763115,0.6230569630839471,0.0,0.18074082389935167,0.0,0.0,0.0,0.0,0.0,0.0,0.0,0.0,0.0,0.0,0.006839048849999999
5965.0,1.013083758162555,0.178654881,0.230302044,0.08655103861491803,0.5827869379370463,0.0,0.3437457816105907,0.0,0.0,0.0,0.0,0.0,0.0,0.0,0.0,0.0,0.0,0.006839048849999999
5966.0,0.9330813278949256,0.338468179,0.27882981,0.16397409500695362,0.7055880545092704,0.0,0.06351917837870154,0.0,0.0,0.0,0.0,0.0,0.0,0.0,0.0,0.0,0.0,0.006839048849999999
5967.0,1.007563356748684,0.49625872,0.316714144,0.24041720773198355,0.7671461490167004,0.0,0.0,0.0,0.0,0.0,0.0,0.0,0.0,0.0,0.03430946543330725,0.0,0.0,3.675e-09
5968.0,1.0824191974611872,0.624238055,0.310825613,0.30241800112478495,0.7800011963364023,0.0,0.0,0.0,0.0,0.0,0.0,0.0,0.0,0.0,0.006553295697004639,0.0,0.0,3.675e-09
5969.0,1.1514008503935178,0.70562381,0.294838299,0.3418460961439704,0.7460980652901947,0.0,0.06345668895935266,0.0,0.0,0.0,0.0,0.0,0.0,0.0,0.0,0.0,0.0,0.006839048849999999
5970.0,1.2100692997230775,0.732073562,0.287551691,0.3546599274476167,0.7276590627936836,0.0,0.12775030948177735,0.0,0.0,0.0,0.0,0.0,0.0,0.0,0.0,0.0,0.0,0.006839048849999999
5971.0,1.2537073935658702,0.70376708,0.286697937,0.3409465858197746,0.7254986100648685,0.0,0.18726219768122718,0.0,0.0,0.0,0.0,0.0,0.0,0.0,0.0,0.0,0.0,0.006839048849999999
5972.0,1.2843621978149529,0.625171682,0.285300425,0.30287030551230926,0.7219621597361416,0.0,0.25952973256650197,0.0,0.0,0.0,0.0,0.0,0.0,0.0,0.0,0.0,0.0,0.006839048849999999
5973.0,1.303103970899271,0.50258629,0.279043104,0.243482658574094,0.7061278020294458,0.0,0.35349351029573123,0.0,0.0,0.0,0.0,0.0,0.0,0.0,0.0,0.0,0.0,0.006839048849999999
5974.0,1.3085754209982885,0.356802998,0.267662853,0.17285657064033155,0.6773297005534337,0.0,0.45838914980452333,0.0,0.0,0.0,0.0,0.0,0.0,0.0,0.0,0.0,0.0,0.006839048849999999
5975.0,1.2924191792703408,0.206078577,0.255563341,0.09983670625620557,0.6467114853325018,0.0,0.5458709876816334,0.0,0.0,0.0,0.0,0.0,0.0,0.0,0.0,0.0,0.0,0.006839048849999999
5976.0,1.2597840621029135,0.085780295,0.257746225,0.04155707128395815,0.6522353454777976,0.0,0.5659916453411578,0.0,0.0,0.0,0.0,0.0,0.0,0.0,0.0,0.0,0.0,0.006839048849999999
5977.0,1.2355686140870674,0.020163903,0.283856211,0.009768592592667323,0.7183075284520797,0.0,0.5074924930423205,0.0,0.0,0.0,0.0,0.0,0.0,0.0,0.0,0.0,0.0,0.006839048849999999
5978.0,1.196356186071885,0.000903093,0.296668356,0.0004375119038357658,0.7507290850447578,0.0,0.4451895891232915,0.0,0.0,0.0,0.0,0.0,0.0,0.0,0.0,0.0,0.0,0.006839048849999999
5979.0,1.138555515414326,0.0,0.291711812,0.0,0.7381863865504699,0.0,0.40036912886385634,0.0,0.0,0.0,0.0,0.0,0.0,0.0,0.0,0.0,0.0,0.006839048849999999
5980.0,1.0715096737505077,0.0,0.274199906,0.0,0.6938719293362672,0.0,0.3776377444142405,0.0,0.0,0.0,0.0,0.0,0.0,0.0,0.0,0.0,0.0,0.006839048849999999
5981.0,1.0047530913107146,0.0,0.253650859,0.0,0.6418718863898205,0.0,0.36288120492089404,0.0,0.0,0.0,0.0,0.0,0.0,0.0,0.0,0.0,0.0,0.006839048849999999
5982.0,0.9474886622838843,0.0,0.236464463,0.0,0.5983811429945363,0.0,0.349107519289348,0.0,0.0,0.0,0.0,0.0,0.0,0.0,0.0,0.0,0.0,0.006839048849999999
5983.0,0.9005552385196826,0.0,0.222761079,0.0,0.5637042766409944,0.0,0.3368509618786881,0.0,0.0,0.0,0.0,0.0,0.0,0.0,0.0,0.0,0.0,0.006839048849999999
5984.0,0.8699449359204329,0.0,0.212103812,0.0,0.5367357100845137,0.0,0.3332092258359191,0.0,0.0,0.0,0.0,0.0,0.0,0.0,0.0,0.0,0.0,0.006839048849999999
5985.0,0.8499148458230255,0.0,0.194217316,0.0,0.49147334048842267,0.0,0.35844150533460284,0.0,0.0,0.0,0.0,0.0,0.0,0.0,0.0,0.0,0.0,0.006839048849999999
5986.0,0.8442965417794471,0.000654759,0.180198961,0.00031720416019568546,0.4559994296039648,0.0,0.3879799080152867,0.0,0.0,0.0,0.0,0.0,0.0,0.0,0.0,0.0,0.0,0.006839048849999999
5987.0,0.8501062024173437,0.011643701,0.166869594,0.005640900540923703,0.42226902563686364,0.0,0.4221962762395564,0.0,0.0,0.0,0.0,0.0,0.0,0.0,0.0,0.0,0.0,0.006839048849999999
5988.0,0.8576914693842794,0.061799939,0.141589458,0.02993956211467057,0.3582968055289428,0.0,0.4694551017406661,0.0,0.0,0.0,0.0,0.0,0.0,0.0,0.0,0.0,0.0,0.006839048849999999
5989.0,0.8886021563700315,0.172808698,0.116918483,0.08371880023581169,0.2958660874751707,0.0,0.5090172686590492,0.0,0.0,0.0,0.0,0.0,0.0,0.0,0.0,0.0,0.0,0.006839048849999999
5990.0,0.953834565552434,0.326984199,0.118070314,0.15841057280778711,0.29878083390925336,0.0,0.4966431588353935,0.0,0.0,0.0,0.0,0.0,0.0,0.0,0.0,0.0,0.0,0.006839048849999999
5991.0,1.0352699409452781,0.480409535,0.136855106,0.23273892088489773,0.3463163712380681,0.0,0.45621464882231233,0.0,0.0,0.0,0.0,0.0,0.0,0.0,0.0,0.0,0.0,0.006839048849999999
5992.0,1.1185232004844083,0.606358255,0.140685877,0.29375596372863344,0.35601026392895546,0.0,0.4687569728268196,0.0,0.0,0.0,0.0,0.0,0.0,0.0,0.0,0.0,0.0,0.006839048849999999
5993.0,1.191538907725596,0.686506368,0.145047903,0.33258447143213027,0.3670485149648072,0.0,0.49190592132865846,0.0,0.0,0.0,0.0,0.0,0.0,0.0,0.0,0.0,0.0,0.006839048849999999
5994.0,1.24885228806728,0.713274245,0.151653235,0.3455524213862453,0.383763526014981,0.0,0.5195363406660537,0.0,0.0,0.0,0.0,0.0,0.0,0.0,0.0,0.0,0.0,0.006839048849999999
5995.0,1.2937742482582164,0.686922577,0.157149,0.33278610779957374,0.3976707410806518,0.0,0.5633173993779907,0.0,0.0,0.0,0.0,0.0,0.0,0.0,0.0,0.0,0.0,0.006839048849999999
5996.0,1.328006966155277,0.610852132,0.161106334,0.2959330647380242,0.40768490562820636,0.0,0.6243889957890464,0.0,0.0,0.0,0.0,0.0,0.0,0.0,0.0,0.0,0.0,0.006839048849999999
5997.0,1.352513899227584,0.492578109,0.167747407,0.23863410109081937,0.4244903604607583,0.0,0.6893894376760064,0.0,0.0,0.0,0.0,0.0,0.0,0.0,0.0,0.0,0.0,0.006839048849999999
5998.0,1.3649965475105073,0.350727567,0.174905003,0.16991327090992414,0.442602893825119,0.0,0.7524803827754643,0.0,0.0,0.0,0.0,0.0,0.0,0.0,0.0,0.0,0.0,0.006839048849999999
5999.0,1.357224374614199,0.20484306,0.181893874,0.0992381484167677,0.46028846299760545,0.0,0.7976977631998257,0.0,0.0,0.0,0.0,0.0,0.0,0.0,0.0,0.0,0.0,0.006839048849999999
6000.0,1.336564589921377,0.088629137,0.192528469,0.042937219604393916,0.48719965730837167,0.0,0.8064277130086116,0.0,0.0,0.0,0.0,0.0,0.0,0.0,0.0,0.0,0.0,0.006839048849999999
6001.0,1.3251522000673999,0.021779179,0.213965462,0.010551128253978193,0.5414466769702896,0.0,0.7731543948431321,0.0,0.0,0.0,0.0,0.0,0.0,0.0,0.0,0.0,0.0,0.006839048849999999
6002.0,1.2819835958805488,0.000847168,0.230140569,0.0004104185112150554,0.582378320109914,0.0,0.6991948572594198,0.0,0.0,0.0,0.0,0.0,0.0,0.0,0.0,0.0,0.0,0.006839048849999999
6003.0,1.2080355848249333,0.0,0.231552535,0.0,0.5859513467636037,0.0,0.6220842380613296,0.0,0.0,0.0,0.0,0.0,0.0,0.0,0.0,0.0,0.0,0.006839048849999999
6004.0,1.1247155733110166,0.0,0.223730791,0.0,0.5661581649232921,0.0,0.5585574083877245,0.0,0.0,0.0,0.0,0.0,0.0,0.0,0.0,0.0,0.0,0.006839048849999999
6005.0,1.0475812591262517,0.0,0.21059352,0.0,0.5329138662363939,0.0,0.5146673928898577,0.0,0.0,0.0,0.0,0.0,0.0,0.0,0.0,0.0,0.0,0.006839048849999999
6006.0,0.984022104978085,0.0,0.197934461,0.0,0.5008796988289418,0.0,0.48314240614914317,0.0,0.0,0.0,0.0,0.0,0.0,0.0,0.0,0.0,0.0,0.006839048849999999
6007.0,0.9364678859485102,0.0,0.188016303,0.0,0.4757814720377118,0.0,0.46068641391079834,0.0,0.0,0.0,0.0,0.0,0.0,0.0,0.0,0.0,0.0,0.006839048849999999
6008.0,0.9048028997478119,0.0,0.179047541,0.0,0.453085723218973,0.0,0.45171717652883886,0.0,0.0,0.0,0.0,0.0,0.0,0.0,0.0,0.0,0.0,0.006839048849999999
6009.0,0.8937264956002035,0.0,0.166925044,0.0,0.42240934369547634,0.0,0.47131715190472717,0.0,0.0,0.0,0.0,0.0,0.0,0.0,0.0,0.0,0.0,0.006839048849999999
6010.0,0.9119053260638936,0.000431187,0.160358149,0.00020889260051759045,0.40579159874483184,0.0,0.5059048347185443,0.0,0.0,0.0,0.0,0.0,0.0,0.0,0.0,0.0,0.0,0.006839048849999999
6011.0,0.9685289343329075,0.010487991,0.157892088,0.0050810059537859074,0.3995511498369795,0.0,0.5638967785421423,0.0,0.0,0.0,0.0,0.0,0.0,0.0,0.0,0.0,0.0,0.006839048849999999
6012.0,1.0252237452416537,0.056910616,0.146590895,0.027570883568609424,0.37095310724424596,0.0,0.6266997544287983,0.0,0.0,0.0,0.0,0.0,0.0,0.0,0.0,0.0,0.0,0.006839048849999999
6013.0,1.0703014607070422,0.162947526,0.126947758,0.07894146264624789,0.32124549950930165,0.0,0.6701144985514926,0.0,0.0,0.0,0.0,0.0,0.0,0.0,0.0,0.0,0.0,0.006839048849999999
6014.0,1.1287029001376059,0.318002237,0.146319378,0.15405917677792033,0.3702660244972607,0.0,0.6043776988624251,0.0,0.0,0.0,0.0,0.0,0.0,0.0,0.0,0.0,0.0,0.006839048849999999
6015.0,1.200612747629981,0.474229212,0.1766959,0.22974480523783816,0.44713481790474474,0.0,0.5237331244873981,0.0,0.0,0.0,0.0,0.0,0.0,0.0,0.0,0.0,0.0,0.006839048849999999
6016.0,1.2738442866229516,0.599096105,0.183452572,0.29023774680917896,0.46423279982940796,0.0,0.5193737399843648,0.0,0.0,0.0,0.0,0.0,0.0,0.0,0.0,0.0,0.0,0.006839048849999999
6017.0,1.339081145470375,0.680140125,0.187794349,0.32950028509117635,0.4752198101011687,0.0,0.53436105027803,0.0,0.0,0.0,0.0,0.0,0.0,0.0,0.0,0.0,0.0,0.006839048849999999
6018.0,1.394349685751438,0.710050834,0.19540856,0.34399080958828526,0.49448782282230885,0.0,0.5558710533408439,0.0,0.0,0.0,0.0,0.0,0.0,0.0,0.0,0.0,0.0,0.006839048849999999
6019.0,1.4350573602016758,0.683751308,0.202707993,0.33124975668427836,0.5129592794054151,0.0,0.5908483241119824,0.0,0.0,0.0,0.0,0.0,0.0,0.0,0.0,0.0,0.0,0.006839048849999999
6020.0,1.6023270778249246,0.606315198,0.206454739,0.29373510435972744,0.5224405440552758,0.0,0.7861514294099213,0.0,0.0,0.0,0.0,0.0,0.0,0.0,0.0,0.0,0.0,0.006839048849999999
6021.0,1.4759608419111776,0.4884721,0.203306363,0.2366449063846742,0.5144734744772287,0.0,0.7248424610492747,0.0,0.0,0.0,0.0,0.0,0.0,0.0,0.0,0.0,0.0,0.006839048849999999
6022.0,1.4759096657638135,0.349720022,0.191710839,0.1694251562515775,0.4851306175560997,0.0,0.8213538919561361,0.0,0.0,0.0,0.0,0.0,0.0,0.0,0.0,0.0,0.0,0.006839048849999999
6023.0,1.4591304039379822,0.204698152,0.178725038,0.09916794637228166,0.45226961871298993,0.0,0.9076928388527105,0.0,0.0,0.0,0.0,0.0,0.0,0.0,0.0,0.0,0.0,0.006839048849999999
6024.0,1.4335087107868962,0.087537454,0.173918139,0.042408343500033516,0.4401056018396414,0.0,0.9509947654472214,0.0,0.0,0.0,0.0,0.0,0.0,0.0,0.0,0.0,0.0,0.006839048849999999
6025.0,1.414537754955883,0.019728025,0.18402659,0.009557427393047652,0.4656853713599531,0.0,0.9392949562028823,0.0,0.0,0.0,0.0,0.0,0.0,0.0,0.0,0.0,0.0,0.006839048849999999
6026.0,1.3605063545406206,0.000687111,0.194907692,0.0003328773910953765,0.4932203597856774,0.0,0.8669531173638476,0.0,0.0,0.0,0.0,0.0,0.0,0.0,0.0,0.0,0.0,0.006839048849999999
6027.0,1.275513089992317,0.0,0.195414708,0.0,0.49450338053960996,0.0,0.7810097094527072,0.0,0.0,0.0,0.0,0.0,0.0,0.0,0.0,0.0,0.0,0.006839048849999999
6028.0,1.1852352812743687,0.0,0.191262165,0.0,0.48399523316241216,0.0,0.7012400481119565,0.0,0.0,0.0,0.0,0.0,0.0,0.0,0.0,0.0,0.0,0.006839048849999999
6029.0,1.1015169827442421,0.0,0.184163643,0.0,0.46603218850850203,0.0,0.6354847942357402,0.0,0.0,0.0,0.0,0.0,0.0,0.0,0.0,0.0,0.0,0.006839048849999999
6030.0,1.0318255312468732,0.0,0.177787497,0.0,0.4498971402100182,0.0,0.581928391036855,0.0,0.0,0.0,0.0,0.0,0.0,0.0,0.0,0.0,0.0,0.006839048849999999
6031.0,0.9805420929598894,0.0,0.170975181,0.0,0.43265834930332725,0.0,0.5478837436565621,0.0,0.0,0.0,0.0,0.0,0.0,0.0,0.0,0.0,0.0,0.006839048849999999
6032.0,0.9454482728882088,0.0,0.163993347,0.0,0.4149905874920393,0.0,0.5304576853961694,0.0,0.0,0.0,0.0,0.0,0.0,0.0,0.0,0.0,0.0,0.006839048849999999
6033.0,0.9299217267556006,0.0,0.150199973,0.0,0.380085998467721,0.0,0.5498357282878796,0.0,0.0,0.0,0.0,0.0,0.0,0.0,0.0,0.0,0.0,0.006839048849999999
6034.0,0.945701930792368,0.000381788,0.138717803,0.0001849607900201301,0.351029987591966,0.0,0.5944869824103818,0.0,0.0,0.0,0.0,0.0,0.0,0.0,0.0,0.0,0.0,0.006839048849999999
6035.0,0.9978887470713695,0.010029435,0.12855323,0.004858854183619032,0.3253081994948201,0.0,0.6677216933929304,0.0,0.0,0.0,0.0,0.0,0.0,0.0,0.0,0.0,0.0,0.006839048849999999
6036.0,1.0447487443632533,0.055742574,0.115251548,0.027005014628001832,0.29164785333570253,0.0,0.726095876399549,0.0,0.0,0.0,0.0,0.0,0.0,0.0,0.0,0.0,0.0,0.006839048849999999
6037.0,1.079143893032222,0.155989515,0.096557143,0.07557058872792474,0.2443410432992922,0.0,0.7592322610050048,0.0,0.0,0.0,0.0,0.0,0.0,0.0,0.0,0.0,0.0,0.006839048849999999
6038.0,1.1256367529628917,0.302236,0.082522872,0.1464210748701479,0.20882685645052637,0.0,0.7703888216422173,0.0,0.0,0.0,0.0,0.0,0.0,0.0,0.0,0.0,0.0,0.006839048849999999
6039.0,1.1834196229605176,0.451537378,0.095328956,0.21875153267912587,0.24123307548228018,0.0,0.7234350147991115,0.0,0.0,0.0,0.0,0.0,0.0,0.0,0.0,0.0,0.0,0.006839048849999999
6040.0,1.2396026673959997,0.573978855,0.103743835,0.2780694586410513,0.2625272050537952,0.0,0.6990060037011533,0.0,0.0,0.0,0.0,0.0,0.0,0.0,0.0,0.0,0.0,0.006839048849999999
6041.0,1.291259917541729,0.653285254,0.108597851,0.3164901900749666,0.2748104530537019,0.0,0.6999592744130605,0.0,0.0,0.0,0.0,0.0,0.0,0.0,0.0,0.0,0.0,0.006839048849999999
6042.0,1.3385182018498223,0.679917858,0.114425855,0.329392605751031,0.2895584098953045,0.0,0.7195671862034868,0.0,0.0,0.0,0.0,0.0,0.0,0.0,0.0,0.0,0.0,0.006839048849999999
6043.0,1.3730112541484225,0.655459589,0.120328562,0.3175435671307369,0.3044954051486752,0.0,0.7509722818690107,0.0,0.0,0.0,0.0,0.0,0.0,0.0,0.0,0.0,0.0,0.006839048849999999
6044.0,1.3962187450451633,0.582454239,0.124336833,0.28217543819086427,0.3146384674591072,0.0,0.7994048393951919,0.0,0.0,0.0,0.0,0.0,0.0,0.0,0.0,0.0,0.0,0.006839048849999999
6045.0,1.4120835017166506,0.46988984,0.124350737,0.22764255562991118,0.3146736519908827,0.0,0.8697672940958568,0.0,0.0,0.0,0.0,0.0,0.0,0.0,0.0,0.0,0.0,0.006839048849999999
6046.0,1.4136010004765098,0.335126432,0.120932076,0.16235515422000535,0.3060226172825898,0.0,0.9452232289739145,0.0,0.0,0.0,0.0,0.0,0.0,0.0,0.0,0.0,0.0,0.006839048849999999
6047.0,1.3941961553094964,0.195977191,0.124511912,0.09494299473342778,0.31508151065809453,0.0,0.9841716499179741,0.0,0.0,0.0,0.0,0.0,0.0,0.0,0.0,0.0,0.0,0.006839048849999999
6048.0,1.3718163910999446,0.082975975,0.138640416,0.04019849206546713,0.3508341572294437,0.0,0.9807837418050338,0.0,0.0,0.0,0.0,0.0,0.0,0.0,0.0,0.0,0.0,0.006839048849999999
6049.0,1.3537866394133256,0.019227575,0.167103552,0.009314979680270997,0.42286106409235324,0.0,0.9216105956407011,0.0,0.0,0.0,0.0,0.0,0.0,0.0,0.0,0.0,0.0,0.006839048849999999
6050.0,1.3062657968711064,0.00068008,0.184826045,0.00032947115696902487,0.4677084186737166,0.0,0.8382279070404209,0.0,0.0,0.0,0.0,0.0,0.0,0.0,0.0,0.0,0.0,0.006839048849999999
6051.0,1.2265237000050924,0.0,0.182995601,0.0,0.46307641960285634,0.0,0.763447280402236,0.0,0.0,0.0,0.0,0.0,0.0,0.0,0.0,0.0,0.0,0.006839048849999999
6052.0,1.141207799745408,0.0,0.172863995,0.0,0.4374380555893584,0.0,0.7037697441560495,0.0,0.0,0.0,0.0,0.0,0.0,0.0,0.0,0.0,0.0,0.006839048849999999
6053.0,1.0625248371457883,0.0,0.159573954,0.0,0.40380716736568373,0.0,0.6587176697801046,0.0,0.0,0.0,0.0,0.0,0.0,0.0,0.0,0.0,0.0,0.006839048849999999
6054.0,1.0007857899765689,0.0,0.144852015,0.0,0.3665528139032109,0.0,0.6342329760733579,0.0,0.0,0.0,0.0,0.0,0.0,0.0,0.0,0.0,0.0,0.006839048849999999
6055.0,0.9530290891901989,0.0,0.131817741,0.0,0.3335691525307028,0.0,0.6194599366594961,0.0,0.0,0.0,0.0,0.0,0.0,0.0,0.0,0.0,0.0,0.006839048849999999
6056.0,0.9205653031246465,0.0,0.123274151,0.0,0.31194931551749083,0.0,0.6086159876071556,0.0,0.0,0.0,0.0,0.0,0.0,0.0,0.0,0.0,0.0,0.006839048849999999
6057.0,0.9064249756349095,0.0,0.110361012,0.0,0.27927219026815764,0.0,0.627152785366752,0.0,0.0,0.0,0.0,0.0,0.0,0.0,0.0,0.0,0.0,0.006839048849999999
6058.0,0.9194282917209884,0.000366346,0.100560171,0.00017747976777875306,0.2544708380248495,0.0,0.6647799739283601,0.0,0.0,0.0,0.0,0.0,0.0,0.0,0.0,0.0,0.0,0.006839048849999999
6059.0,0.9733150630242007,0.006932536,0.094091761,0.003358532314800341,0.23810231262339288,0.0,0.7318542180860076,0.0,0.0,0.0,0.0,0.0,0.0,0.0,0.0,0.0,0.0,0.006839048849999999
6060.0,1.020933808196127,0.044853867,0.081886611,0.021729878036443898,0.20721677695023866,0.0,0.7919871532094445,0.0,0.0,0.0,0.0,0.0,0.0,0.0,0.0,0.0,0.0,0.006839048849999999
6061.0,1.0506095811485139,0.140068814,0.064118918,0.06785765528152446,0.1622550422742082,0.0,0.8204968835927813,0.0,0.0,0.0,0.0,0.0,0.0,0.0,0.0,0.0,0.0,0.006839048849999999
6062.0,1.0917956465845846,0.281925171,0.058417895,0.13658130259390097,0.14782841505209515,0.0,0.8073859289385884,0.0,0.0,0.0,0.0,0.0,0.0,0.0,0.0,0.0,0.0,0.006839048849999999
6063.0,1.1414970589694335,0.428243384,0.064476877,0.207466538040834,0.1631608693606452,0.0,0.7708696515679544,0.0,0.0,0.0,0.0,0.0,0.0,0.0,0.0,0.0,0.0,0.006839048849999999
6064.0,1.1903618453370512,0.549561315,0.072861285,0.2662401515681519,0.18437789105904956,0.0,0.7397438027098499,0.0,0.0,0.0,0.0,0.0,0.0,0.0,0.0,0.0,0.0,0.006839048849999999
6065.0,1.2352170525532762,0.630580591,0.079014177,0.30549070238645665,0.19994798772800204,0.0,0.7297783624388173,0.0,0.0,0.0,0.0,0.0,0.0,0.0,0.0,0.0,0.0,0.006839048849999999
6066.0,1.2764921212890126,0.662744153,0.085293988,0.3210726427234538,0.21583925712339386,0.0,0.7395802214421648,0.0,0.0,0.0,0.0,0.0,0.0,0.0,0.0,0.0,0.0,0.006839048849999999
6067.0,1.3082705859468406,0.643134247,0.092084528,0.3115724391917019,0.23302294314199917,0.0,0.7636752036131396,0.0,0.0,0.0,0.0,0.0,0.0,0.0,0.0,0.0,0.0,0.006839048849999999
6068.0,1.3284453051562983,0.576696524,0.099837862,0.279386058967026,0.25264301121513877,0.0,0.7964162349741335,0.0,0.0,0.0,0.0,0.0,0.0,0.0,0.0,0.0,0.0,0.006839048849999999
6069.0,1.3433621821859354,0.472810873,0.107908041,0.22905767755976458,0.2730648660381635,0.0,0.8412396385880071,0.0,0.0,0.0,0.0,0.0,0.0,0.0,0.0,0.0,0.0,0.006839048849999999
6070.0,1.3448774551133593,0.34223482,0.120711063,0.1657988796913392,0.3054633365776635,0.0,0.8736152388443567,0.0,0.0,0.0,0.0,0.0,0.0,0.0,0.0,0.0,0.0,0.006839048849999999
6071.0,1.3282316982370261,0.202202542,0.143858864,0.09795892461889462,0.3640396124563357,0.0,0.8662331611617959,0.0,0.0,0.0,0.0,0.0,0.0,0.0,0.0,0.0,0.0,0.006839048849999999
6072.0,1.3061834690688972,0.085820144,0.178497975,0.04157637650707023,0.4516950282830031,0.0,0.8129120642788237,0.0,0.0,0.0,0.0,0.0,0.0,0.0,0.0,0.0,0.0,0.006839048849999999
6073.0,1.291404547653704,0.01888465,0.225822436,0.009148846436382625,0.5714511417620096,0.0,0.7108045594553116,0.0,0.0,0.0,0.0,0.0,0.0,0.0,0.0,0.0,0.0,0.006839048849999999
6074.0,1.2469698777786427,0.000557649,0.253696874,0.00027015830668835987,0.6419883288689381,0.0,0.604711390603016,0.0,0.0,0.0,0.0,0.0,0.0,0.0,0.0,0.0,0.0,0.006839048849999999
6075.0,1.1738562679077476,0.0,0.244222755,0.0,0.6180137574506263,0.0,0.5558425104571213,0.0,0.0,0.0,0.0,0.0,0.0,0.0,0.0,0.0,0.0,0.006839048849999999
6076.0,1.091108099344425,0.0,0.218070271,0.0,0.5518340318820265,0.0,0.5392740674623986,0.0,0.0,0.0,0.0,0.0,0.0,0.0,0.0,0.0,0.0,0.006839048849999999
6077.0,1.01578276897598,0.0,0.192041082,0.0,0.48596630838802807,0.0,0.529816460587952,0.0,0.0,0.0,0.0,0.0,0.0,0.0,0.0,0.0,0.0,0.006839048849999999
6078.0,0.9551028560731548,0.0,0.170035668,0.0,0.43028088058914576,0.0,0.524821975484009,0.0,0.0,0.0,0.0,0.0,0.0,0.0,0.0,0.0,0.0,0.006839048849999999
6079.0,0.9085810703200747,0.0,0.155235231,0.0,0.3928278853419123,0.0,0.5157531849781624,0.0,0.0,0.0,0.0,0.0,0.0,0.0,0.0,0.0,0.0,0.006839048849999999
6080.0,0.8751849784402451,0.0,0.147387023,0.0,0.3729677354744928,0.0,0.5022172429657523,0.0,0.0,0.0,0.0,0.0,0.0,0.0,0.0,0.0,0.0,0.006839048849999999
6081.0,0.8617811505054463,0.0,0.138701145,0.0,0.35098783397212163,0.0,0.5107933165333246,0.0,0.0,0.0,0.0,0.0,0.0,0.0,0.0,0.0,0.0,0.006839048849999999
6082.0,0.8725371437741842,0.000153793,0.133340828,7.450646636239448e-05,0.33742337454942584,0.0,0.535039262758396,0.0,0.0,0.0,0.0,0.0,0.0,0.0,0.0,0.0,0.0,0.006839048849999999
6083.0,0.9219782227574175,0.008219113,0.132071822,0.003981826651819128,0.33421211290311703,0.0,0.5837842832024814,0.0,0.0,0.0,0.0,0.0,0.0,0.0,0.0,0.0,0.0,0.006839048849999999
6084.0,0.9670915385427473,0.052881076,0.126086445,0.025618734989246758,0.31906591848102656,0.0,0.6224068850724741,0.0,0.0,0.0,0.0,0.0,0.0,0.0,0.0,0.0,0.0,0.006839048849999999
6085.0,1.0002250721884511,0.15889918,0.12506141,0.07698020332318159,0.31647203351781583,0.0,0.6067728353474536,0.0,0.0,0.0,0.0,0.0,0.0,0.0,0.0,0.0,0.0,0.006839048849999999
6086.0,1.039755684250144,0.317187922,0.13575712,0.1536646742117704,0.3435378813570241,0.0,0.5425531286813495,0.0,0.0,0.0,0.0,0.0,0.0,0.0,0.0,0.0,0.0,0.006839048849999999
6087.0,1.0846998947660345,0.47610954,0.140178481,0.23065574783524032,0.3547262815724571,0.0,0.499317865358337,0.0,0.0,0.0,0.0,0.0,0.0,0.0,0.0,0.0,0.0,0.006839048849999999
6088.0,1.127888524445329,0.605208824,0.144883908,0.2931991110621441,0.36663352019434403,0.0,0.4680558931888408,0.0,0.0,0.0,0.0,0.0,0.0,0.0,0.0,0.0,0.0,0.006839048849999999
6089.0,1.1664979578550714,0.689624738,0.150228713,0.3340951951289858,0.38015872598809125,0.0,0.4522440367379942,0.0,0.0,0.0,0.0,0.0,0.0,0.0,0.0,0.0,0.0,0.006839048849999999
6090.0,1.205080690274914,0.721881732,0.157374961,0.34972239947777256,0.3982425428631978,0.0,0.45711574793394366,0.0,0.0,0.0,0.0,0.0,0.0,0.0,0.0,0.0,0.0,0.006839048849999999
6091.0,1.2365342943888507,0.698686364,0.16600196,0.3384851851334567,0.42007344910906663,0.0,0.47797566014632714,0.0,0.0,0.0,0.0,0.0,0.0,0.0,0.0,0.0,0.0,0.006839048849999999
6092.0,1.2575945919303175,0.62266776,0.174715424,0.301657256932289,0.44212315789664774,0.0,0.5138141771013808,0.0,0.0,0.0,0.0,0.0,0.0,0.0,0.0,0.0,0.0,0.006839048849999999
6093.0,1.2698280329740272,0.503298234,0.180203212,0.24382756654576962,0.4560101869000363,0.0,0.5699902795282215,0.0,0.0,0.0,0.0,0.0,0.0,0.0,0.0,0.0,0.0,0.006839048849999999
6094.0,1.2687933748650224,0.36047185,0.180763766,0.174633980523269,0.4574286873333558,0.0,0.6367307070083977,0.0,0.0,0.0,0.0,0.0,0.0,0.0,0.0,0.0,0.0,0.006839048849999999
6095.0,1.2447114307987492,0.210608741,0.172320519,0.10203138684428259,0.4360627715997718,0.0,0.7066172723546951,0.0,0.0,0.0,0.0,0.0,0.0,0.0,0.0,0.0,0.0,0.006839048849999999
6096.0,1.2165220059513009,0.087205431,0.171829232,0.04224749183265567,0.43481955360046354,0.0,0.7394549605181814,0.0,0.0,0.0,0.0,0.0,0.0,0.0,0.0,0.0,0.0,0.006839048849999999
6097.0,1.1969235793574589,0.017333352,0.184923361,0.008397305519337962,0.4679546800297482,0.0,0.7205715938083725,0.0,0.0,0.0,0.0,0.0,0.0,0.0,0.0,0.0,0.0,0.006839048849999999
6098.0,1.1546717051574622,0.000429387,0.190102958,0.00020802057357584207,0.48106182151642085,0.0,0.6734018630674653,0.0,0.0,0.0,0.0,0.0,0.0,0.0,0.0,0.0,0.0,0.006839048849999999
6099.0,1.0944501567481018,0.0,0.187153018,0.0,0.4735969007982269,0.0,0.6208532559498748,0.0,0.0,0.0,0.0,0.0,0.0,0.0,0.0,0.0,0.0,0.006839048849999999
6100.0,1.028946289001607,0.0,0.182111735,0.0,0.4608397674623018,0.0,0.5681065215393052,0.0,0.0,0.0,0.0,0.0,0.0,0.0,0.0,0.0,0.0,0.006839048849999999
6101.0,0.9628661286394966,0.0,0.178313979,0.0,0.4512294203206497,0.0,0.5116367083188469,0.0,0.0,0.0,0.0,0.0,0.0,0.0,0.0,0.0,0.0,0.006839048849999999
6102.0,0.9071592493574123,0.0,0.177671634,0.0,0.4496039450571771,0.0,0.4575553043002352,0.0,0.0,0.0,0.0,0.0,0.0,0.0,0.0,0.0,0.0,0.006839048849999999
6103.0,0.8652233353713407,0.0,0.175953603,0.0,0.4452564108000737,0.0,0.41996692457126694,0.0,0.0,0.0,0.0,0.0,0.0,0.0,0.0,0.0,0.0,0.006839048849999999
6104.0,0.833825357069789,0.0,0.173376112,0.0,0.4387339845924701,0.0,0.39509137247731885,0.0,0.0,0.0,0.0,0.0,0.0,0.0,0.0,0.0,0.0,0.006839048849999999
6105.0,0.8152282130975211,0.0,0.164556959,0.0,0.41641682629548027,0.0,0.3988113868020408,0.0,0.0,0.0,0.0,0.0,0.0,0.0,0.0,0.0,0.0,0.006839048849999999
6106.0,0.8110740058340027,0.00039801,0.155764046,0.00019281969060293142,0.39416606918619096,0.0,0.4167151169572088,0.0,0.0,0.0,0.0,0.0,0.0,0.0,0.0,0.0,0.0,0.006839048849999999
6107.0,0.8195003494831149,0.007811161,0.151025607,0.0037841904657412734,0.38217529260666805,0.0,0.4335408664107055,0.0,0.0,0.0,0.0,0.0,0.0,0.0,0.0,0.0,0.0,0.006839048849999999
6108.0,0.835416283301891,0.048947878,0.141208689,0.023713260198562933,0.35733325698322793,0.0,0.4543697661201001,0.0,0.0,0.0,0.0,0.0,0.0,0.0,0.0,0.0,0.0,0.006839048849999999
6109.0,0.8625599248778572,0.155045313,0.137882164,0.07511316118211768,0.34891537546967505,0.0,0.43853138822606447,0.0,0.0,0.0,0.0,0.0,0.0,0.0,0.0,0.0,0.0,0.006839048849999999
6110.0,0.9046938709557031,0.311699773,0.145995133,0.1510058887738096,0.3694455118026734,0.0,0.38424247037922016,0.0,0.0,0.0,0.0,0.0,0.0,0.0,0.0,0.0,0.0,0.006839048849999999
6111.0,0.9466653862616409,0.469453761,0.142310878,0.22743129305394968,0.3601223826947561,0.0,0.35911171051293506,0.0,0.0,0.0,0.0,0.0,0.0,0.0,0.0,0.0,0.0,0.006839048849999999
6112.0,0.9831231756511636,0.598605298,0.13816307,0.289999970738513,0.34962621739163446,0.0,0.34349698752101615,0.0,0.0,0.0,0.0,0.0,0.0,0.0,0.0,0.0,0.0,0.006839048849999999
6113.0,1.0133685667216346,0.684004334,0.139719065,0.33137233751148004,0.35356371419255456,0.0,0.32843251501759996,0.0,0.0,0.0,0.0,0.0,0.0,0.0,0.0,0.0,0.0,0.006839048849999999
6114.0,1.0365137563085345,0.718570375,0.144928654,0.3481181814123575,0.36674675142699836,0.0,0.32164882346917867,0.0,0.0,0.0,0.0,0.0,0.0,0.0,0.0,0.0,0.0,0.006839048849999999
6115.0,1.0551509512656896,0.699444231,0.150275842,0.3388523409347134,0.38027798748104624,0.0,0.33602062284992995,0.0,0.0,0.0,0.0,0.0,0.0,0.0,0.0,0.0,0.0,0.006839048849999999
6116.0,1.0687283351348733,0.628666389,0.153503901,0.3045633492109297,0.3884466975255395,0.0,0.3757182883984041,0.0,0.0,0.0,0.0,0.0,0.0,0.0,0.0,0.0,0.0,0.006839048849999999
6117.0,1.0812265592452197,0.5132211,0.155496432,0.24863479237430247,0.39348886310976955,0.0,0.4391029037611477,0.0,0.0,0.0,0.0,0.0,0.0,0.0,0.0,0.0,0.0,0.006839048849999999
6118.0,1.0897864078438297,0.368991068,0.151761883,0.17876119586695113,0.3840384633717374,0.0,0.5269867486051412,0.0,0.0,0.0,0.0,0.0,0.0,0.0,0.0,0.0,0.0,0.006839048849999999
6119.0,1.0844729378517748,0.211824008,0.147681591,0.1026201343806258,0.3737131495392253,0.0,0.6081396539319236,0.0,0.0,0.0,0.0,0.0,0.0,0.0,0.0,0.0,0.0,0.006839048849999999
6120.0,1.0927702282162592,0.080860257,0.172776383,0.039173512567054904,0.4372163505262173,0.0,0.6163803651229871,0.0,0.0,0.0,0.0,0.0,0.0,0.0,0.0,0.0,0.0,0.006839048849999999
6121.0,1.029916419968336,0.014786377,0.229978107,0.007163399508249293,0.5819672046466438,0.0,0.4407858158134429,0.0,0.0,0.0,0.0,0.0,0.0,0.0,0.0,0.0,0.0,0.006839048849999999
6122.0,1.0040588695730237,0.0003539,0.271829556,0.00017145018593597505,0.6878736802788725,0.0,0.31601373910821506,0.0,0.0,0.0,0.0,0.0,0.0,0.0,0.0,0.0,0.0,0.006839048849999999
6123.0,0.9600692141964398,0.0,0.296089856,0.0,0.7492651716650024,0.0,0.21080404253143725,0.0,0.0,0.0,0.0,0.0,0.0,0.0,0.0,0.0,0.0,0.006839048849999999
6124.0,0.9095133751344272,0.0,0.307100965,0.0,0.7771291471032797,0.0,0.13238422803114747,0.0,0.0,0.0,0.0,0.0,0.0,0.0,0.0,0.0,0.0,0.006839048849999999
6125.0,0.8865706673043224,0.0,0.311974097,0.0,0.7894607687733116,0.0,0.09710989853101074,0.0,0.0,0.0,0.0,0.0,0.0,0.0,0.0,0.0,0.0,0.006839048849999999
6126.0,0.8396394683726311,0.0,0.313047258,0.0,0.7921764381709461,0.0,0.04746303020168506,0.0,0.0,0.0,0.0,0.0,0.0,0.0,0.0,0.0,0.0,0.006839048849999999
6127.0,0.802718863824698,0.0,0.310971623,0.0,0.7869239751666448,0.0,0.015794888658053223,0.0,0.0,0.0,0.0,0.0,0.0,0.0,0.0,0.0,0.0,0.006839048849999999
6128.0,0.7755996974061963,0.0,0.308726212,0.0,0.7755996974061963,0.0,0.0,0.0,0.0,0.0,0.0,0.0,0.0,0.0,0.005642190974018799,0.0,0.0,3.675e-09
6129.0,0.7574319921049831,0.0,0.292746942,0.0,0.7408058172450005,0.0,0.016626174859982665,0.0,0.0,0.0,0.0,0.0,0.0,0.0,0.0,0.0,0.0,0.006839048849999999
6130.0,0.751464351360124,0.000138036,0.280222522,6.68728394062115e-05,0.7091123582792714,0.0,0.04228512024144629,0.0,0.0,0.0,0.0,0.0,0.0,0.0,0.0,0.0,0.0,0.006839048849999999
6131.0,0.7544370465700766,0.006975125,0.272817045,0.00337916495670152,0.6903725538475175,0.0,0.06068532776585754,0.0,0.0,0.0,0.0,0.0,0.0,0.0,0.0,0.0,0.0,0.006839048849999999
6132.0,0.7649616322596091,0.055925959,0.255287355,0.027093857217286566,0.6460130936332362,0.0,0.0918546814090863,0.0,0.0,0.0,0.0,0.0,0.0,0.0,0.0,0.0,0.0,0.006839048849999999
6133.0,0.7910995425489049,0.173402797,0.212454348,0.08400661708807045,0.537622753023988,0.0,0.1694701724368465,0.0,0.0,0.0,0.0,0.0,0.0,0.0,0.0,0.0,0.0,0.006839048849999999
6134.0,0.8289724774036341,0.337424755,0.205458329,0.1634685984293609,0.5199190956011325,0.0,0.14558478337314068,0.0,0.0,0.0,0.0,0.0,0.0,0.0,0.0,0.0,0.0,0.006839048849999999
6135.0,0.8664582494047058,0.500201514,0.245452937,0.24232733139518572,0.6211267736811087,0.0,0.003004144328411377,0.0,0.0,0.0,0.0,0.0,0.0,0.0,0.0,0.0,0.0,0.006839048849999999
6136.0,0.9003928087476991,0.63158531,0.270396583,0.30597744796250476,0.5944153607851943,0.0,0.0,0.0,0.0,0.0,0.0,0.0,0.0,0.0,0.08983213393183204,0.0,0.0,3.675e-09
6137.0,0.9362097773794054,0.717471185,0.290404444,0.34758566847119055,0.5886241089082148,0.0,0.0,0.0,0.0,0.0,0.0,0.0,0.0,0.0,0.14625393968639686,0.0,0.0,3.675e-09
6138.0,0.9680616695094763,0.75015266,0.309701396,0.3634185166356775,0.6046431528737987,0.0,0.0,0.0,0.0,0.0,0.0,0.0,0.0,0.0,0.17906647086566138,0.0,0.0,3.675e-09
6139.0,0.9959840864577779,0.725034293,0.325389721,0.3512496873263866,0.6447343991313914,0.0,0.0,0.0,0.0,0.0,0.0,0.0,0.0,0.0,0.1786750497998556,0.0,0.0,3.675e-09
6140.0,1.0204153672253315,0.644745758,0.336327687,0.31235315086332627,0.7080622163620053,0.0,0.0,0.0,0.0,0.0,0.0,0.0,0.0,0.0,0.14302611722733666,0.0,0.0,3.675e-09
6141.0,1.045672148847639,0.517164109,0.346661218,0.2505450201962782,0.7951271286513608,0.0,0.0,0.0,0.0,0.0,0.0,0.0,0.0,0.0,0.08211054684120593,0.0,0.0,3.675e-09
6142.0,1.067012805283165,0.359322753,0.351088273,0.17407728966622332,0.8884404845632883,0.0,0.0044950310536533205,0.0,0.0,0.0,0.0,0.0,0.0,0.0,0.0,0.0,0.0,0.006839048849999999
6143.0,1.0713583691410014,0.193324228,0.360282091,0.09365774183817133,0.9117057450321469,0.0,0.06599488227068323,0.0,0.0,0.0,0.0,0.0,0.0,0.0,0.0,0.0,0.0,0.006839048849999999
6144.0,1.066590042109566,0.069138361,0.420474834,0.0334947297224034,1.0330953123871627,0.0,0.0,0.0,0.0,0.0,0.0,0.0,0.0,0.0,0.030930159251499147,0.0,0.0,3.675e-09
6145.0,1.067248662527391,0.012999216,0.481113093,0.00629759254089263,1.0609510699864984,0.0,0.0,0.0,0.0,0.0,0.0,0.0,0.0,0.0,0.15652152122893775,0.0,0.0,3.675e-09
6146.0,1.0368297165224596,0.00027679,0.498120011,0.0001340935206702982,1.0366956230017894,0.0,0.0,0.0,0.0,0.0,0.0,0.0,0.0,0.0,0.22381353659497827,0.0,0.0,3.675e-09
6147.0,0.9813475693221243,0.0,0.503744575,0.0,0.9813475693221243,0.0,0.0,0.0,0.0,0.0,0.0,0.0,0.0,0.0,0.29339473546892114,0.0,0.0,3.675e-09
6148.0,0.9366681418728702,0.0,0.494808334,0.0,0.9366681418728701,0.0,0.0,0.0,0.0,0.0,0.0,0.0,0.0,0.0,0.3154607095653362,0.0,0.0,3.675e-09
6149.0,0.8630561155236985,0.0,0.474462723,0.0,0.8630561155236985,0.0,0.0,0.0,0.0,0.0,0.0,0.0,0.0,0.0,0.33758749449325365,0.0,0.0,3.675e-09
6150.0,0.8175645382146027,0.0,0.453950754,0.0,0.8175645382146027,0.0,0.0,0.0,0.0,0.0,0.0,0.0,0.0,0.0,0.33117285596099266,0.0,0.0,3.675e-09
6151.0,0.7831916398705882,0.0,0.433022759,0.0,0.7831916398705882,0.0,0.0,0.0,0.0,0.0,0.0,0.0,0.0,0.0,0.31258677091356235,0.0,0.0,3.675e-09
6152.0,0.7622870976035733,0.0,0.412684608,0.0,0.7622870976035733,0.0,0.0,0.0,0.0,0.0,0.0,0.0,0.0,0.0,0.28202494953600954,0.0,0.0,3.675e-09
6153.0,0.7563951091634674,0.0,0.384724265,0.0,0.7563951091634674,0.0,0.0,0.0,0.0,0.0,0.0,0.0,0.0,0.0,0.21716236542599268,0.0,0.0,3.675e-09
6154.0,0.776821261444574,0.000202905,0.35969774,9.829923700858721e-05,0.7767229622075654,0.0,0.0,0.0,0.0,0.0,0.0,0.0,0.0,0.0,0.13350406329584594,0.0,0.0,3.675e-09
6155.0,0.8311352465863305,0.009431654,0.337261712,0.00456925355180498,0.8265659930345256,0.0,0.0,0.0,0.0,0.0,0.0,0.0,0.0,0.0,0.026885921703521363,0.0,0.0,3.675e-09
6156.0,0.8807187298491038,0.063314957,0.295925588,0.03067352684424489,0.7488494860590118,0.0,0.10119571694584704,0.0,0.0,0.0,0.0,0.0,0.0,0.0,0.0,0.0,0.0,0.006839048849999999
6157.0,0.9124549186895344,0.180099264,0.255137817,0.08725078355391991,0.645634682779335,0.0,0.17956945235627955,0.0,0.0,0.0,0.0,0.0,0.0,0.0,0.0,0.0,0.0,0.006839048849999999
6158.0,0.9490951643434088,0.340069982,0.298852698,0.1647501035466055,0.7562566347072666,0.0,0.028088426089536742,0.0,0.0,0.0,0.0,0.0,0.0,0.0,0.0,0.0,0.0,0.006839048849999999
6159.0,0.9897538874787931,0.497368071,0.33597838,0.24095464326523663,0.7487992442135564,0.0,0.0,0.0,0.0,0.0,0.0,0.0,0.0,0.0,0.10140515646145166,0.0,0.0,3.675e-09
6160.0,1.0247053042708583,0.623555845,0.356493632,0.30208749806926827,0.7226178062015901,0.0,0.0,0.0,0.0,0.0,0.0,0.0,0.0,0.0,0.17950111805483643,0.0,0.0,3.675e-09
6161.0,1.0542586974362242,0.703121223,0.378757043,0.34063369431726526,0.7136250031189589,0.0,0.0,0.0,0.0,0.0,0.0,0.0,0.0,0.0,0.2448322188762577,0.0,0.0,3.675e-09
6162.0,1.0868203881313334,0.72593579,0.40961966,0.3516864260330006,0.7351339620983328,0.0,0.0,0.0,0.0,0.0,0.0,0.0,0.0,0.0,0.3014221327759879,0.0,0.0,3.675e-09
6163.0,1.120819473616678,0.691058464,0.444589515,0.33478977718403313,0.786029696432645,0.0,0.0,0.0,0.0,0.0,0.0,0.0,0.0,0.0,0.3390187728973384,0.0,0.0,3.675e-09
6164.0,1.1467126253318565,0.604205896,0.477066418,0.2927132331529031,0.8539993921789534,0.0,0.0,0.0,0.0,0.0,0.0,0.0,0.0,0.0,0.35323295413411254,0.0,0.0,3.675e-09
6165.0,1.1697020596443044,0.474809056,0.502288997,0.2300257161211777,0.9396763435231267,0.0,0.0,0.0,0.0,0.0,0.0,0.0,0.0,0.0,0.3313825730060735,0.0,0.0,3.675e-09
6166.0,1.180974270051252,0.320114825,0.510427167,0.15508263991837273,1.025891630132879,0.0,0.0,0.0,0.0,0.0,0.0,0.0,0.0,0.0,0.2657611946931626,0.0,0.0,3.675e-09
6167.0,1.1731353451801567,0.163984027,0.518649273,0.07944360531133075,1.093691739868826,0.0,0.0,0.0,0.0,0.0,0.0,0.0,0.0,0.0,0.21876739607764062,0.0,0.0,3.675e-09
6168.0,1.156990228614686,0.055635512,0.560272095,0.02695314743442546,1.1300370811802605,0.0,0.0,0.0,0.0,0.0,0.0,0.0,0.0,0.0,0.28774998221472975,0.0,0.0,3.675e-09
6169.0,1.1481700476143852,0.009455383,0.599839792,0.004580749289194284,1.143589298325191,0.0,0.0,0.0,0.0,0.0,0.0,0.0,0.0,0.0,0.3743251307472439,0.0,0.0,3.675e-09
6170.0,1.1104016908868193,0.000212332,0.597262179,0.00010286623588628835,1.110298824650933,0.0,0.0,0.0,0.0,0.0,0.0,0.0,0.0,0.0,0.4010928694888635,0.0,0.0,3.675e-09
6171.0,1.0453717644611367,0.0,0.57524019,0.0,1.0453717644611367,0.0,0.0,0.0,0.0,0.0,0.0,0.0,0.0,0.0,0.410292558294178,0.0,0.0,3.675e-09
6172.0,0.9743230201433063,0.0,0.548111597,0.0,0.9743230201433063,0.0,0.0,0.0,0.0,0.0,0.0,0.0,0.0,0.0,0.4126915009410758,0.0,0.0,3.675e-09
6173.0,0.9093153430426528,0.0,0.52002036,0.0,0.9093153430426528,0.0,0.0,0.0,0.0,0.0,0.0,0.0,0.0,0.0,0.40661337389622243,0.0,0.0,3.675e-09
6174.0,0.859010937052289,0.0,0.490787507,0.0,0.859010937052289,0.0,0.0,0.0,0.0,0.0,0.0,0.0,0.0,0.0,0.38294307870228517,0.0,0.0,3.675e-09
6175.0,0.8225998741451094,0.0,0.463499312,0.0,0.8225998741451094,0.0,0.0,0.0,0.0,0.0,0.0,0.0,0.0,0.0,0.3503004617998362,0.0,0.0,3.675e-09
6176.0,0.7975700494370614,0.0,0.43649401,0.0,0.7975700494370614,0.0,0.0,0.0,0.0,0.0,0.0,0.0,0.0,0.0,0.30699247678942054,0.0,0.0,3.675e-09
6177.0,0.7912797729808214,0.0,0.41209049,0.0,0.7912797729808214,0.0,0.0,0.0,0.0,0.0,0.0,0.0,0.0,0.0,0.2515288389135521,0.0,0.0,3.675e-09
6178.0,0.8110562051740696,0.000301375,0.396606821,0.00014600395531634496,0.8109102012187533,0.0,0.0,0.0,0.0,0.0,0.0,0.0,0.0,0.0,0.19271647425936878,0.0,0.0,3.675e-09
6179.0,0.8655326200878096,0.010050099,0.382025909,0.004868865052910305,0.8606637550348993,0.0,0.0,0.0,0.0,0.0,0.0,0.0,0.0,0.0,0.10606544046771058,0.0,0.0,3.675e-09
6180.0,0.9154009129095872,0.059877206,0.353465196,0.02900807601589907,0.8863928368936882,0.0,0.0,0.0,0.0,0.0,0.0,0.0,0.0,0.0,0.008062529920849732,0.0,0.0,3.675e-09
6181.0,0.9461424946258997,0.169231184,0.308825697,0.081985639906655,0.7814936384624708,0.0,0.08266321625677392,0.0,0.0,0.0,0.0,0.0,0.0,0.0,0.0,0.0,0.0,0.006839048849999999
6182.0,0.9823110247913972,0.321625965,0.39389131,0.15581472591434697,0.8264962988770503,0.0,0.0,0.0,0.0,0.0,0.0,0.0,0.0,0.0,0.1702586862194425,0.0,0.0,3.675e-09
6183.0,1.0280607106695978,0.476936696,0.527080146,0.23105647134470078,0.797004239324897,0.0,0.0,0.0,0.0,0.0,0.0,0.0,0.0,0.0,0.5367894995389719,0.0,0.0,3.675e-09
6184.0,1.068519177880622,0.603114214,0.591206891,0.2921843575330021,0.7763348203476199,0.0,0.0,0.0,0.0,0.0,0.0,0.0,0.0,0.0,0.7197337672727795,0.0,0.0,3.675e-09
6185.0,1.1049213414577599,0.68405647,0.652600846,0.3313975952873884,0.7735237461703713,0.0,0.0,0.0,0.0,0.0,0.0,0.0,0.0,0.0,0.8779042747440495,0.0,0.0,3.675e-09
6186.0,1.141833044675802,0.709191598,0.72351727,0.3435745446208852,0.7982585000549167,0.0,0.0,0.0,0.0,0.0,0.0,0.0,0.0,0.0,1.0326258768456682,0.0,0.0,3.675e-09
6187.0,1.175304788860385,0.68139101,0.786062788,0.3301062881028591,0.8451985007575259,0.0,0.0,0.0,0.0,0.0,0.0,0.0,0.0,0.0,1.143959377688301,0.0,0.0,3.675e-09
6188.0,1.2020657192475641,0.599555582,0.821569798,0.2904603447664644,0.9116053744810999,0.0,0.0,0.0,0.0,0.0,0.0,0.0,0.0,0.0,1.1674041669104547,0.0,0.0,3.675e-09
6189.0,1.1478518625679497,0.472176563,0.826726846,0.22875038011008655,0.9191014824578632,0.0,0.0,0.0,0.0,0.0,0.0,0.0,0.0,0.0,1.1729581394302169,0.0,0.0,3.675e-09
6190.0,1.303103970899271,0.317706225,0.798046216,0.15391577097843098,1.14918819992084,0.0,0.0,0.0,0.0,0.0,0.0,0.0,0.0,0.0,0.87029413934527,0.0,0.0,3.675e-09
6191.0,1.2144704903932237,0.165650132,0.753106949,0.08025076556009836,1.1342197248331252,0.0,0.0,0.0,0.0,0.0,0.0,0.0,0.0,0.0,0.771542313244232,0.0,0.0,3.675e-09
6192.0,1.1951012465460764,0.056766783,0.715722457,0.027501202317991375,1.167600044228085,0.0,0.0,0.0,0.0,0.0,0.0,0.0,0.0,0.0,0.643559300618239,0.0,0.0,3.675e-09
6193.0,1.184910420730477,0.008617062,0.68474054,0.004174616790397923,1.180735803940079,0.0,0.0,0.0,0.0,0.0,0.0,0.0,0.0,0.0,0.5520227754321453,0.0,0.0,3.675e-09
6194.0,1.1448880676879638,0.000127647,0.646042066,6.183979057408705e-05,1.14482622789739,0.0,0.0,0.0,0.0,0.0,0.0,0.0,0.0,0.0,0.4900045833422322,0.0,0.0,3.675e-09
6195.0,1.0789770125952927,0.0,0.613727689,0.0,1.0789770125952927,0.0,0.0,0.0,0.0,0.0,0.0,0.0,0.0,0.0,0.47408119907863316,0.0,0.0,3.675e-09
6196.0,1.005300459103845,0.0,0.578556346,0.0,1.005300459103845,0.0,0.0,0.0,0.0,0.0,0.0,0.0,0.0,0.0,0.4587555060676421,0.0,0.0,3.675e-09
6197.0,0.9340803846840645,0.0,0.550191084,0.0,0.9340803846840644,0.0,0.0,0.0,0.0,0.0,0.0,0.0,0.0,0.0,0.45819634701799633,0.0,0.0,3.675e-09
6198.0,0.8812060201649787,0.0,0.526567436,0.0,0.8812060201649787,0.0,0.0,0.0,0.0,0.0,0.0,0.0,0.0,0.0,0.45129028908966917,0.0,0.0,3.675e-09
6199.0,0.8420892709469179,0.0,0.496031052,0.0,0.8420892709469179,0.0,0.0,0.0,0.0,0.0,0.0,0.0,0.0,0.0,0.41313370882295225,0.0,0.0,3.675e-09
6200.0,0.8135371594032016,0.0,0.461394676,0.0,0.8135371594032016,0.0,0.0,0.0,0.0,0.0,0.0,0.0,0.0,0.0,0.35403732554794176,0.0,0.0,3.675e-09
6201.0,0.8056225812274286,0.0,0.416846594,0.0,0.8056225812274286,0.0,0.0,0.0,0.0,0.0,0.0,0.0,0.0,0.0,0.2492215091131118,0.0,0.0,3.675e-09
6202.0,0.8209666710956852,0.000243551,0.376013901,0.00011799057427209002,0.8208486805214131,0.0,0.0,0.0,0.0,0.0,0.0,0.0,0.0,0.0,0.13066692993297618,0.0,0.0,3.675e-09
6203.0,0.8749624711910065,0.008541007,0.348796266,0.004137771229811993,0.8708246999611945,0.0,0.0,0.0,0.0,0.0,0.0,0.0,0.0,0.0,0.011815785096834229,0.0,0.0,3.675e-09
6204.0,0.9249798437897802,0.052021524,0.315735411,0.025202316932672473,0.7989788982289049,0.0,0.10079862862820275,0.0,0.0,0.0,0.0,0.0,0.0,0.0,0.0,0.0,0.0,0.006839048849999999
6205.0,0.957143246468755,0.15668177,0.284043604,0.07590595817823587,0.7187817326352646,0.0,0.16245555565525463,0.0,0.0,0.0,0.0,0.0,0.0,0.0,0.0,0.0,0.0,0.006839048849999999
6206.0,1.000124943726309,0.30851617,0.34296236,0.1494635623361257,0.8506613813901831,0.0,0.0,0.0,0.0,0.0,0.0,0.0,0.0,0.0,0.017216211620076537,0.0,0.0,3.675e-09
6207.0,1.0511769744340878,0.462650395,0.44432364,0.22413533836140803,0.8270416360726797,0.0,0.0,0.0,0.0,0.0,0.0,0.0,0.0,0.0,0.2973340277778872,0.0,0.0,3.675e-09
6208.0,1.0914151592283836,0.587990059,0.47486539,0.28485731829345845,0.8065578409349253,0.0,0.0,0.0,0.0,0.0,0.0,0.0,0.0,0.0,0.3951047312408616,0.0,0.0,3.675e-09
6209.0,1.1313551854686124,0.6703799,0.495599373,0.324771852225884,0.8065833332427282,0.0,0.0,0.0,0.0,0.0,0.0,0.0,0.0,0.0,0.44754726854294236,0.0,0.0,3.675e-09
6210.0,1.1743546833860994,0.702186023,0.526584679,0.34018062787508574,0.8341740555110136,0.0,0.0,0.0,0.0,0.0,0.0,0.0,0.0,0.0,0.4983658877253235,0.0,0.0,3.675e-09
6211.0,1.2102962566373372,0.679063444,0.560691518,0.328978676846916,0.8813175797904211,0.0,0.0,0.0,0.0,0.0,0.0,0.0,0.0,0.0,0.5375308473754891,0.0,0.0,3.675e-09
6212.0,1.2400632577219,0.600352465,0.587570321,0.29084640223614283,0.9492168554857571,0.0,0.0,0.0,0.0,0.0,0.0,0.0,0.0,0.0,0.5376492714960655,0.0,0.0,3.675e-09
6213.0,1.2591499168425533,0.476945143,0.60269556,0.23106056357335464,1.0280893532691986,0.0,0.0,0.0,0.0,0.0,0.0,0.0,0.0,0.0,0.49705169116136366,0.0,0.0,3.675e-09
6214.0,1.2650152042927594,0.328933842,0.597575052,0.15935509570933776,1.1056601085834215,0.0,0.0,0.0,0.0,0.0,0.0,0.0,0.0,0.0,0.40652332102891503,0.0,0.0,3.675e-09
6215.0,1.249277277073314,0.178204738,0.575886735,0.08633296260178502,1.162944314471529,0.0,0.0,0.0,0.0,0.0,0.0,0.0,0.0,0.0,0.29435611178614307,0.0,0.0,3.675e-09
6216.0,1.2301883921202255,0.065813934,0.562591048,0.031884179772472425,1.198304212347753,0.0,0.0,0.0,0.0,0.0,0.0,0.0,0.0,0.0,0.2253510382965437,0.0,0.0,3.675e-09
6217.0,1.2140455013871898,0.011447423,0.55553826,0.005545811816438986,1.2084996895707507,0.0,0.0,0.0,0.0,0.0,0.0,0.0,0.0,0.0,0.19730824781896095,0.0,0.0,3.675e-09
6218.0,1.1703072790822546,0.000143915,0.5402925,6.972097628984415e-05,1.1702375581059647,0.0,0.0,0.0,0.0,0.0,0.0,0.0,0.0,0.0,0.19699047945913598,0.0,0.0,3.675e-09
6219.0,1.101944195582862,0.0,0.526122256,0.0,1.1019441955828622,0.0,0.0,0.0,0.0,0.0,0.0,0.0,0.0,0.0,0.2294255709606372,0.0,0.0,3.675e-09
6220.0,1.0253283233688173,0.0,0.506130973,0.0,1.0253283233688173,0.0,0.0,0.0,0.0,0.0,0.0,0.0,0.0,0.0,0.2554528404742958,0.0,0.0,3.675e-09
6221.0,0.9541928015837565,0.0,0.478991369,0.0,0.9541928015837565,0.0,0.0,0.0,0.0,0.0,0.0,0.0,0.0,0.0,0.25791069688881385,0.0,0.0,3.675e-09
6222.0,0.8997497631573722,0.0,0.454175411,0.0,0.8997497631573722,0.0,0.0,0.0,0.0,0.0,0.0,0.0,0.0,0.0,0.2495561329856488,0.0,0.0,3.675e-09
6223.0,0.8577582213590661,0.0,0.432664314,0.0,0.857758221359066,0.0,0.0,0.0,0.0,0.0,0.0,0.0,0.0,0.0,0.23711313249957655,0.0,0.0,3.675e-09
6224.0,0.8319963487609506,0.0,0.407722473,0.0,0.8319963487609506,0.0,0.0,0.0,0.0,0.0,0.0,0.0,0.0,0.0,0.19975885167396154,0.0,0.0,3.675e-09
6225.0,0.8214806634013846,0.0,0.374291453,0.0,0.8214806634013846,0.0,0.0,0.0,0.0,0.0,0.0,0.0,0.0,0.0,0.1256762354313407,0.0,0.0,3.675e-09
6226.0,0.8394347617833255,0.000228207,0.341136898,0.00011055702905309706,0.8393242047542725,0.0,0.0,0.0,0.0,0.0,0.0,0.0,0.0,0.0,0.023933996300870973,0.0,0.0,3.675e-09
6227.0,0.8930100225376338,0.008035061,0.314461909,0.0038926609281065318,0.7957562593059229,0.0,0.09336110230360437,0.0,0.0,0.0,0.0,0.0,0.0,0.0,0.0,0.0,0.0,0.006839048849999999
6228.0,0.9401103267387646,0.051427721,0.278006756,0.024914643480399686,0.7035052891456386,0.0,0.21169039411272644,0.0,0.0,0.0,0.0,0.0,0.0,0.0,0.0,0.0,0.0,0.006839048849999999
6229.0,0.971581732512559,0.155993355,0.260438061,0.07557244905206714,0.6590471254890454,0.0,0.2369621579714464,0.0,0.0,0.0,0.0,0.0,0.0,0.0,0.0,0.0,0.0,0.006839048849999999
6230.0,1.0138514073724887,0.312862394,0.31921601,0.15156913145994427,0.8077866690943547,0.0,0.0544956068181897,0.0,0.0,0.0,0.0,0.0,0.0,0.0,0.0,0.0,0.0,0.006839048849999999
6231.0,1.0629030986695545,0.473823791,0.34094127,0.2295483952185323,0.8333547034510222,0.0,0.0,0.0,0.0,0.0,0.0,0.0,0.0,0.0,0.029408454481122438,0.0,0.0,3.675e-09
6232.0,1.1107999789029535,0.60479288,0.33965866,0.2929976030764449,0.8178023758265085,0.0,0.0,0.0,0.0,0.0,0.0,0.0,0.0,0.0,0.041715095087472044,0.0,0.0,3.675e-09
6233.0,1.1560401241403253,0.689978678,0.340304851,0.3342666646932983,0.8217734594470268,0.0,0.0,0.0,0.0,0.0,0.0,0.0,0.0,0.0,0.03937921916060535,0.0,0.0,3.675e-09
6234.0,1.2030625502042678,0.722223708,0.352328087,0.34988807296967883,0.853174477234589,0.0,0.0,0.0,0.0,0.0,0.0,0.0,0.0,0.0,0.03840339765369129,0.0,0.0,3.675e-09
6235.0,1.2420702716301444,0.699330765,0.369858962,0.3387973712630621,0.9032729003670823,0.0,0.0,0.0,0.0,0.0,0.0,0.0,0.0,0.0,0.03266743341716479,0.0,0.0,3.675e-09
6236.0,1.2718973491920376,0.620986508,0.379753362,0.3008427585768066,0.9609784401708507,0.0,0.010076150444380249,0.0,0.0,0.0,0.0,0.0,0.0,0.0,0.0,0.0,0.0,0.006839048849999999
6237.0,1.292810791789019,0.498238292,0.372490374,0.2413762300192784,0.9425992088654026,0.0,0.10883535290433802,0.0,0.0,0.0,0.0,0.0,0.0,0.0,0.0,0.0,0.0,0.006839048849999999
6238.0,1.2967469424682443,0.346047416,0.352670871,0.16764592770800707,0.8924453011354126,0.0,0.2366557136248247,0.0,0.0,0.0,0.0,0.0,0.0,0.0,0.0,0.0,0.0,0.006839048849999999
6239.0,1.2761828365725436,0.189864878,0.336257519,0.09198182717098394,0.8509107711450367,0.0,0.3332902382565232,0.0,0.0,0.0,0.0,0.0,0.0,0.0,0.0,0.0,0.0,0.006839048849999999
6240.0,1.2519718382217182,0.071252712,0.333801067,0.034519046964799315,0.8446946381294332,0.0,0.3727581531274857,0.0,0.0,0.0,0.0,0.0,0.0,0.0,0.0,0.0,0.0,0.006839048849999999
6241.0,1.247123408220584,0.012577005,0.356046532,0.006093048448057892,0.9009875229217877,0.0,0.3400428368507384,0.0,0.0,0.0,0.0,0.0,0.0,0.0,0.0,0.0,0.0,0.006839048849999999
6242.0,1.190308443357252,0.000145754,0.364654102,7.061189714866375e-05,0.922769263440681,0.0,0.26746856801942226,0.0,0.0,0.0,0.0,0.0,0.0,0.0,0.0,0.0,0.0,0.006839048849999999
6243.0,1.1191328695873797,0.0,0.365331554,0.0,0.9244835781285669,0.0,0.19464929145881274,0.0,0.0,0.0,0.0,0.0,0.0,0.0,0.0,0.0,0.0,0.006839048849999999
6244.0,1.038578621861599,0.0,0.357625108,0.0,0.9049821616899131,0.0,0.13359646017168603,0.0,0.0,0.0,0.0,0.0,0.0,0.0,0.0,0.0,0.0,0.006839048849999999
6245.0,0.9648620173852641,0.0,0.341551777,0.0,0.8643080660838027,0.0,0.10055395130146143,0.0,0.0,0.0,0.0,0.0,0.0,0.0,0.0,0.0,0.0,0.006839048849999999
6246.0,0.9064516766248093,0.0,0.319307083,0.0,0.8080171323324437,0.0,0.09843454429236573,0.0,0.0,0.0,0.0,0.0,0.0,0.0,0.0,0.0,0.0,0.006839048849999999
6247.0,0.8641553007749799,0.0,0.300956279,0.0,0.7615798159886821,0.0,0.10257548478629785,0.0,0.0,0.0,0.0,0.0,0.0,0.0,0.0,0.0,0.0,0.006839048849999999
6248.0,0.8350113197883006,0.0,0.286795991,0.0,0.7257467389543041,0.0,0.10926458083399646,0.0,0.0,0.0,0.0,0.0,0.0,0.0,0.0,0.0,0.0,0.006839048849999999
6249.0,0.9709898630695961,0.0,0.268670196,0.0,0.6798788153256079,0.0,0.29111104774398816,0.0,0.0,0.0,0.0,0.0,0.0,0.0,0.0,0.0,0.0,0.006839048849999999
6250.0,0.842411906658299,0.000180981,0.25264795,8.767794885809184e-05,0.6393339920012693,0.0,0.20299023670817176,0.0,0.0,0.0,0.0,0.0,0.0,0.0,0.0,0.0,0.0,0.006839048849999999
6251.0,1.0392550439392818,0.007924281,0.237195069,0.003838992514436039,0.6002299656371108,0.0,0.435186085787735,0.0,0.0,0.0,0.0,0.0,0.0,0.0,0.0,0.0,0.0,0.006839048849999999
6252.0,0.9416189251686572,0.051770668,0.209774764,0.02508078738239512,0.5308419771038876,0.0,0.38569616068237444,0.0,0.0,0.0,0.0,0.0,0.0,0.0,0.0,0.0,0.0,0.006839048849999999
6253.0,0.9752820249476335,0.153624545,0.196881254,0.07442485675213215,0.4982145236881434,0.0,0.4026426445073581,0.0,0.0,0.0,0.0,0.0,0.0,0.0,0.0,0.0,0.0,0.006839048849999999
6254.0,1.0196610680103853,0.305934989,0.217220452,0.14821308490638732,0.5496835368008333,0.0,0.3217644463031646,0.0,0.0,0.0,0.0,0.0,0.0,0.0,0.0,0.0,0.0,0.006839048849999999
6255.0,1.0688529387544803,0.464198235,0.228013341,0.2248852040178057,0.5769952993130428,0.0,0.26697243542363186,0.0,0.0,0.0,0.0,0.0,0.0,0.0,0.0,0.0,0.0,0.006839048849999999
6256.0,1.1159332174631673,0.594630224,0.214348947,0.2880742087254888,0.5424170984438168,0.0,0.2854419102938617,0.0,0.0,0.0,0.0,0.0,0.0,0.0,0.0,0.0,0.0,0.006839048849999999
6257.0,1.305871959519918,0.681606211,0.206814165,0.33021054425279867,0.5233500834337234,0.0,0.452311331833396,0.0,0.0,0.0,0.0,0.0,0.0,0.0,0.0,0.0,0.0,0.006839048849999999
6258.0,1.1794300713014179,0.71503659,0.21399557,0.3464062060088317,0.5415228662598967,0.0,0.29150099903268956,0.0,0.0,0.0,0.0,0.0,0.0,0.0,0.0,0.0,0.0,0.006839048849999999
6259.0,1.2616976230464718,0.691309169,0.228248993,0.3349112335809392,0.5775916244915494,0.0,0.3491947649739833,0.0,0.0,0.0,0.0,0.0,0.0,0.0,0.0,0.0,0.0,0.006839048849999999
6260.0,1.2626321536932592,0.613767262,0.240313724,0.2973453269039681,0.6081218252418482,0.0,0.357165001547443,0.0,0.0,0.0,0.0,0.0,0.0,0.0,0.0,0.0,0.0,0.006839048849999999
6261.0,1.2792690092397012,0.493851353,0.243154364,0.2392509361304969,0.6153101586957255,0.0,0.4247079144134789,0.0,0.0,0.0,0.0,0.0,0.0,0.0,0.0,0.0,0.0,0.006839048849999999
6262.0,1.2784724342073575,0.345537445,0.241165626,0.16739886745716798,0.6102775914234218,0.0,0.5007959753267677,0.0,0.0,0.0,0.0,0.0,0.0,0.0,0.0,0.0,0.0,0.006839048849999999
6263.0,1.2524480033751162,0.192675947,0.244215371,0.09334367600604711,0.6179950719944531,0.0,0.541109255374616,0.0,0.0,0.0,0.0,0.0,0.0,0.0,0.0,0.0,0.0,0.006839048849999999
6264.0,1.221517289896996,0.074755078,0.255059889,0.03621580113805685,0.645437483398423,0.0,0.539864005360516,0.0,0.0,0.0,0.0,0.0,0.0,0.0,0.0,0.0,0.0,0.006839048849999999
6265.0,1.197264015728773,0.013436803,0.280953503,0.006509585681647548,0.7109621298717467,0.0,0.47979230017537877,0.0,0.0,0.0,0.0,0.0,0.0,0.0,0.0,0.0,0.0,0.006839048849999999
6266.0,1.1521462492784975,0.000138301,0.303243825,6.700122115041335e-05,0.767368526785926,0.0,0.38471072127142114,0.0,0.0,0.0,0.0,0.0,0.0,0.0,0.0,0.0,0.0,0.006839048849999999
6267.0,1.091693293289932,0.0,0.312404694,0.0,0.7905504087207316,0.0,0.3011428845692003,0.0,0.0,0.0,0.0,0.0,0.0,0.0,0.0,0.0,0.0,0.006839048849999999
6268.0,1.0242558391074355,0.0,0.310410915,0.0,0.785505085031233,0.0,0.23875075407620253,0.0,0.0,0.0,0.0,0.0,0.0,0.0,0.0,0.0,0.0,0.006839048849999999
6269.0,0.9555990467189963,0.0,0.312528195,0.0,0.790862932085145,0.0,0.16473611463385132,0.0,0.0,0.0,0.0,0.0,0.0,0.0,0.0,0.0,0.0,0.006839048849999999
6270.0,0.8985682501038816,0.0,0.313344568,0.0,0.7929287909573506,0.0,0.105639459146531,0.0,0.0,0.0,0.0,0.0,0.0,0.0,0.0,0.0,0.0,0.006839048849999999
6271.0,0.8550169337283189,0.0,0.314430134,0.0,0.7956758516176917,0.0,0.05934108211062707,0.0,0.0,0.0,0.0,0.0,0.0,0.0,0.0,0.0,0.0,0.006839048849999999
6272.0,0.8229447601814444,0.0,0.317262955,0.0,0.8028443988335114,0.0,0.02010036134793286,0.0,0.0,0.0,0.0,0.0,0.0,0.0,0.0,0.0,0.0,0.006839048849999999
6273.0,0.8026298605250326,0.0,0.313978608,0.0,0.7945332501436946,0.0,0.008096610381338012,0.0,0.0,0.0,0.0,0.0,0.0,0.0,0.0,0.0,0.0,0.006839048849999999
6274.0,0.7983443741444514,0.000169093,0.304615643,8.19186953672558e-05,0.7708399575980073,0.0,0.027422497851076783,0.0,0.0,0.0,0.0,0.0,0.0,0.0,0.0,0.0,0.0,0.006839048849999999
6275.0,0.8098057153132818,0.007314026,0.285390704,0.003543348735915671,0.7221906137309746,0.0,0.0840717528463916,0.0,0.0,0.0,0.0,0.0,0.0,0.0,0.0,0.0,0.0,0.006839048849999999
6276.0,0.8260220325186355,0.051296684,0.250174496,0.02485116137241864,0.6330748348624463,0.0,0.1680960362837705,0.0,0.0,0.0,0.0,0.0,0.0,0.0,0.0,0.0,0.0,0.006839048849999999
6277.0,0.8591911674842054,0.156171176,0.231963905,0.07565859610918305,0.5869923321517281,0.0,0.19654023922329444,0.0,0.0,0.0,0.0,0.0,0.0,0.0,0.0,0.0,0.0,0.006839048849999999
6278.0,0.9094577483221175,0.313648715,0.225723796,0.15195007206931238,0.5712015299801962,0.0,0.18630614627260877,0.0,0.0,0.0,0.0,0.0,0.0,0.0,0.0,0.0,0.0,0.006839048849999999
6279.0,0.9643702764044436,0.475628178,0.223624857,0.23042254748372148,0.5658900954332817,0.0,0.16805763348744043,0.0,0.0,0.0,0.0,0.0,0.0,0.0,0.0,0.0,0.0,0.006839048849999999
6280.0,1.0144989026278366,0.605966921,0.224747007,0.29356637828906557,0.5687297331153773,0.0,0.15220279122339367,0.0,0.0,0.0,0.0,0.0,0.0,0.0,0.0,0.0,0.0,0.006839048849999999
6281.0,1.0592473068843877,0.68828234,0.221998121,0.3334448577831251,0.5617735861926083,0.0,0.1640288629086543,0.0,0.0,0.0,0.0,0.0,0.0,0.0,0.0,0.0,0.0,0.006839048849999999
6282.0,1.0961056091225552,0.713937736,0.223636813,0.34587385584602726,0.565920350486641,0.0,0.18431140278988684,0.0,0.0,0.0,0.0,0.0,0.0,0.0,0.0,0.0,0.0,0.006839048849999999
6283.0,1.1261752194261307,0.684171767,0.226817814,0.3314534520042232,0.573969978706027,0.0,0.22075178871588075,0.0,0.0,0.0,0.0,0.0,0.0,0.0,0.0,0.0,0.0,0.006839048849999999
6284.0,1.1517234861048988,0.602590158,0.231228776,0.29193047367134384,0.5851320639080874,0.0,0.2746609485254678,0.0,0.0,0.0,0.0,0.0,0.0,0.0,0.0,0.0,0.0,0.006839048849999999
6285.0,1.1702872535898112,0.478679539,0.235387818,0.23190080803983276,0.5956566572196934,0.0,0.34272978833028517,0.0,0.0,0.0,0.0,0.0,0.0,0.0,0.0,0.0,0.0,0.006839048849999999
6286.0,1.1771938746464785,0.329388548,0.230825224,0.15957538231076812,0.5841108622274875,0.0,0.4335076301082229,0.0,0.0,0.0,0.0,0.0,0.0,0.0,0.0,0.0,0.0,0.006839048849999999
6287.0,1.162815465080005,0.178776157,0.223437373,0.08660979191457774,0.5654156609715876,0.0,0.5107900121938398,0.0,0.0,0.0,0.0,0.0,0.0,0.0,0.0,0.0,0.0,0.006839048849999999
6288.0,1.1429233295971168,0.068571665,0.236637577,0.03322018851141394,0.5988192136960452,0.0,0.5108839273896579,0.0,0.0,0.0,0.0,0.0,0.0,0.0,0.0,0.0,0.0,0.006839048849999999
6289.0,1.126762638204148,0.012389093,0.269838167,0.006002012711014656,0.682834404563406,0.0,0.4379262209297273,0.0,0.0,0.0,0.0,0.0,0.0,0.0,0.0,0.0,0.0,0.006839048849999999
6290.0,1.0903248743070688,0.00010892,0.276989066,5.276731916401922e-05,0.7009299909478112,0.0,0.3893421160400936,0.0,0.0,0.0,0.0,0.0,0.0,0.0,0.0,0.0,0.0,0.006839048849999999
6291.0,1.031400543240764,0.0,0.269660706,0.0,0.6823853336346509,0.0,0.34901520960611315,0.0,0.0,0.0,0.0,0.0,0.0,0.0,0.0,0.0,0.0,0.006839048849999999
6292.0,0.9770999080939949,0.0,0.25490992,0.0,0.6450579818847697,0.0,0.33204192620922535,0.0,0.0,0.0,0.0,0.0,0.0,0.0,0.0,0.0,0.0,0.006839048849999999
6293.0,0.9147311663293607,0.0,0.24249476,0.0,0.6136410089620348,0.0,0.3010901573673259,0.0,0.0,0.0,0.0,0.0,0.0,0.0,0.0,0.0,0.0,0.006839048849999999
6294.0,0.863318674757749,0.0,0.236062847,0.0,0.5973648404259557,0.0,0.2659538343317933,0.0,0.0,0.0,0.0,0.0,0.0,0.0,0.0,0.0,0.0,0.006839048849999999
6295.0,0.8241262722350103,0.0,0.232730324,0.0,0.5889317807750619,0.0,0.23519449145994847,0.0,0.0,0.0,0.0,0.0,0.0,0.0,0.0,0.0,0.0,0.006839048849999999
6296.0,0.7936427990878027,0.0,0.232383167,0.0,0.5880532885068238,0.0,0.20558951058097877,0.0,0.0,0.0,0.0,0.0,0.0,0.0,0.0,0.0,0.0,0.006839048849999999
6297.0,0.7743692330378521,0.0,0.223123464,0.0,0.5646213038667897,0.0,0.20974792917106239,0.0,0.0,0.0,0.0,0.0,0.0,0.0,0.0,0.0,0.0,0.006839048849999999
6298.0,0.7671422021022387,9.06e-05,0.215972869,4.389202273466895e-05,0.5465264867644372,0.0,0.22057182331506703,0.0,0.0,0.0,0.0,0.0,0.0,0.0,0.0,0.0,0.0,0.006839048849999999
6299.0,0.7704286326936058,0.00611629,0.21351688,0.0029630942575256986,0.5403115253856442,0.0,0.22715401305043592,0.0,0.0,0.0,0.0,0.0,0.0,0.0,0.0,0.0,0.0,0.006839048849999999
6300.0,0.7780917767978053,0.047123701,0.206175735,0.022829520481608623,0.5217345152072115,0.0,0.23352774110898517,0.0,0.0,0.0,0.0,0.0,0.0,0.0,0.0,0.0,0.0,0.006839048849999999
6301.0,0.8050151369569679,0.147854108,0.175673765,0.0716293142356534,0.44454827148743087,0.0,0.2888375512338836,0.0,0.0,0.0,0.0,0.0,0.0,0.0,0.0,0.0,0.0,0.006839048849999999
6302.0,0.8513299912882318,0.303044541,0.154820419,0.14681278016765248,0.39177818985896834,0.0,0.312739021261611,0.0,0.0,0.0,0.0,0.0,0.0,0.0,0.0,0.0,0.0,0.006839048849999999
6303.0,0.9009312752109381,0.465814634,0.169359018,0.22566828372703635,0.4285685953887804,0.0,0.24669439609512134,0.0,0.0,0.0,0.0,0.0,0.0,0.0,0.0,0.0,0.0,0.006839048849999999
6304.0,0.9491863914756599,0.597313395,0.187531935,0.28937409617066545,0.47455576279670014,0.0,0.18525653250829424,0.0,0.0,0.0,0.0,0.0,0.0,0.0,0.0,0.0,0.0,0.006839048849999999
6305.0,0.9973792064305407,0.683074029,0.191262636,0.33092164249812267,0.4839964250434871,0.0,0.18246113888893084,0.0,0.0,0.0,0.0,0.0,0.0,0.0,0.0,0.0,0.0,0.006839048849999999
6306.0,1.0413176846598358,0.714487246,0.192263396,0.34614007113756073,0.4865288813164756,0.0,0.20864873220579955,0.0,0.0,0.0,0.0,0.0,0.0,0.0,0.0,0.0,0.0,0.006839048849999999
6307.0,1.0781648617355264,0.690379098,0.19382751,0.33446065193108426,0.4904869235153736,0.0,0.25321728628906853,0.0,0.0,0.0,0.0,0.0,0.0,0.0,0.0,0.0,0.0,0.006839048849999999
6308.0,1.10779390820557,0.612483578,0.194847232,0.2967234341080284,0.4930673637563948,0.0,0.3180031103411468,0.0,0.0,0.0,0.0,0.0,0.0,0.0,0.0,0.0,0.0,0.006839048849999999
6309.0,1.1305096581214902,0.488853392,0.195879545,0.23682962688282594,0.4956796659392734,0.0,0.3980003652993909,0.0,0.0,0.0,0.0,0.0,0.0,0.0,0.0,0.0,0.0,0.006839048849999999
6310.0,1.144945919332784,0.338299069,0.193710881,0.16389216807577636,0.49019178997420254,0.0,0.49086196128280507,0.0,0.0,0.0,0.0,0.0,0.0,0.0,0.0,0.0,0.0,0.006839048849999999
6311.0,1.1426429707030579,0.188233679,0.198033606,0.09119157746245447,0.5011305885299545,0.0,0.5503208047106489,0.0,0.0,0.0,0.0,0.0,0.0,0.0,0.0,0.0,0.0,0.006839048849999999
6312.0,1.1396903019854736,0.072695777,0.224279072,0.03521815338629607,0.5675456081242697,0.0,0.5369265404749078,0.0,0.0,0.0,0.0,0.0,0.0,0.0,0.0,0.0,0.0,0.006839048849999999
6313.0,1.1370580421469105,0.012050874,0.270373647,0.005838159333119546,0.6841894544105819,0.0,0.4470304284032091,0.0,0.0,0.0,0.0,0.0,0.0,0.0,0.0,0.0,0.0,0.006839048849999999
6314.0,1.096931110977234,8.44e-05,0.30291116,4.088837437975783e-05,0.7665267070029074,0.0,0.33036351559994676,0.0,0.0,0.0,0.0,0.0,0.0,0.0,0.0,0.0,0.0,0.006839048849999999
6315.0,1.0355057991894288,0.0,0.312827196,0.0,0.7916195640029673,0.0,0.24388623518646144,0.0,0.0,0.0,0.0,0.0,0.0,0.0,0.0,0.0,0.0,0.006839048849999999
6316.0,0.9682597006013257,0.0,0.31432931,0.0,0.7954207131516581,0.0,0.1728389874496676,0.0,0.0,0.0,0.0,0.0,0.0,0.0,0.0,0.0,0.0,0.006839048849999999
6317.0,0.9055571979628335,0.0,0.31269737,0.0,0.7912910350168997,0.0,0.11426616294593384,0.0,0.0,0.0,0.0,0.0,0.0,0.0,0.0,0.0,0.0,0.006839048849999999
6318.0,0.8562896749139853,0.0,0.311539498,0.0,0.7883610016325541,0.0,0.06792867328143128,0.0,0.0,0.0,0.0,0.0,0.0,0.0,0.0,0.0,0.0,0.006839048849999999
6319.0,0.8174888859098495,0.0,0.308993608,0.0,0.7819185428004276,0.0,0.03557034310942187,0.0,0.0,0.0,0.0,0.0,0.0,0.0,0.0,0.0,0.0,0.006839048849999999
6320.0,0.7943214459979958,0.0,0.30292103,0.0,0.766551683364287,0.0,0.027769762633708863,0.0,0.0,0.0,0.0,0.0,0.0,0.0,0.0,0.0,0.0,0.006839048849999999
6321.0,0.7879822182269021,0.0,0.288005529,0.0,0.7288075148601336,0.0,0.05917470336676843,0.0,0.0,0.0,0.0,0.0,0.0,0.0,0.0,0.0,0.0,0.006839048849999999
6322.0,0.8059874927562072,0.000142585,0.271588739,6.907664527177452e-05,0.6872642848970705,0.0,0.11865413121386499,0.0,0.0,0.0,0.0,0.0,0.0,0.0,0.0,0.0,0.0,0.006839048849999999
6323.0,0.8619992070897394,0.005628183,0.260191432,0.002726626227272376,0.6584230226490528,0.0,0.2008495582134142,0.0,0.0,0.0,0.0,0.0,0.0,0.0,0.0,0.0,0.0,0.006839048849999999
6324.0,0.9152051066502481,0.039381028,0.245306702,0.019078509672082054,0.6207567211779306,0.0,0.2753698758002356,0.0,0.0,0.0,0.0,0.0,0.0,0.0,0.0,0.0,0.0,0.006839048849999999
6325.0,0.9450143835522083,0.132355822,0.207847845,0.0641210237118079,0.5259658448553057,0.0,0.3549275149850947,0.0,0.0,0.0,0.0,0.0,0.0,0.0,0.0,0.0,0.0,0.006839048849999999
6326.0,0.9791135974996955,0.280879424,0.173066431,0.13607468061709402,0.4379503265814831,0.0,0.4050885903011185,0.0,0.0,0.0,0.0,0.0,0.0,0.0,0.0,0.0,0.0,0.006839048849999999
6327.0,1.0200348798691303,0.436587268,0.177068728,0.21150881117795806,0.4480782714873678,0.0,0.36044779720380454,0.0,0.0,0.0,0.0,0.0,0.0,0.0,0.0,0.0,0.0,0.006839048849999999
6328.0,1.0575362276976248,0.565241264,0.205253195,0.2738364504421745,0.5193999972307907,0.0,0.2642997800246596,0.0,0.0,0.0,0.0,0.0,0.0,0.0,0.0,0.0,0.0,0.006839048849999999
6329.0,1.0928681308459665,0.652561765,0.228575909,0.3161396890193785,0.5784188962399609,0.0,0.19830954558662695,0.0,0.0,0.0,0.0,0.0,0.0,0.0,0.0,0.0,0.0,0.006839048849999999
6330.0,1.1272721798449017,0.685503861,0.244854358,0.33209879748030174,0.6196120497278838,0.0,0.17556133263671606,0.0,0.0,0.0,0.0,0.0,0.0,0.0,0.0,0.0,0.0,0.006839048849999999
6331.0,1.154251166816374,0.662559825,0.252960567,0.3209833432889434,0.6401250796573436,0.0,0.19314274387008715,0.0,0.0,0.0,0.0,0.0,0.0,0.0,0.0,0.0,0.0,0.006839048849999999
6332.0,1.1758788576434145,0.586587062,0.253039158,0.284177623191685,0.6403239567816794,0.0,0.25137727767005,0.0,0.0,0.0,0.0,0.0,0.0,0.0,0.0,0.0,0.0,0.006839048849999999
6333.0,1.1933145140546353,0.467190122,0.248908142,0.22633465183484278,0.6298702841898333,0.0,0.3371095780299592,0.0,0.0,0.0,0.0,0.0,0.0,0.0,0.0,0.0,0.0,0.006839048849999999
6334.0,1.201278043545262,0.320990891,0.242549909,0.15550705833767817,0.613780565330194,0.0,0.4319904198773898,0.0,0.0,0.0,0.0,0.0,0.0,0.0,0.0,0.0,0.0,0.006839048849999999
6335.0,1.194351396996151,0.171949665,0.251321143,0.08330263361367228,0.6359764630131052,0.0,0.47507230036937353,0.0,0.0,0.0,0.0,0.0,0.0,0.0,0.0,0.0,0.0,0.006839048849999999
6336.0,1.1877162355035007,0.062628257,0.29859836,0.030340848565967877,0.7556130239878539,0.0,0.4017623629496791,0.0,0.0,0.0,0.0,0.0,0.0,0.0,0.0,0.0,0.0,0.006839048849999999
6337.0,1.174668418767514,0.011202258,0.348152293,0.005427039324675795,0.8810108900867217,0.0,0.2882304893561167,0.0,0.0,0.0,0.0,0.0,0.0,0.0,0.0,0.0,0.0,0.006839048849999999
6338.0,1.1316533450226045,7.62e-05,0.360911568,3.691580720068182e-05,0.9132986573961022,0.0,0.21831777181930165,0.0,0.0,0.0,0.0,0.0,0.0,0.0,0.0,0.0,0.0,0.006839048849999999
6339.0,1.0628229966997802,0.0,0.350834188,0.0,0.8877975140687419,0.0,0.17502548263103834,0.0,0.0,0.0,0.0,0.0,0.0,0.0,0.0,0.0,0.0,0.006839048849999999
6340.0,0.9879782811497538,0.0,0.332181336,0.0,0.8405958552729001,0.0,0.14738242587685363,0.0,0.0,0.0,0.0,0.0,0.0,0.0,0.0,0.0,0.0,0.006839048849999999
6341.0,0.9196952996201351,0.0,0.308315323,0.0,0.7802021201784963,0.0,0.1394931794416388,0.0,0.0,0.0,0.0,0.0,0.0,0.0,0.0,0.0,0.0,0.006839048849999999
6342.0,0.8639261190282098,0.0,0.283904663,0.0,0.7184301378402834,0.0,0.1454959811879264,0.0,0.0,0.0,0.0,0.0,0.0,0.0,0.0,0.0,0.0,0.006839048849999999
6343.0,0.8240394947677802,0.0,0.264842013,0.0,0.6701914716543002,0.0,0.15384802311347998,0.0,0.0,0.0,0.0,0.0,0.0,0.0,0.0,0.0,0.0,0.006839048849999999
6344.0,0.796922553181789,0.0,0.243686303,0.0,0.6166562479253083,0.0,0.1802663052564807,0.0,0.0,0.0,0.0,0.0,0.0,0.0,0.0,0.0,0.0,0.006839048849999999
6345.0,0.7892193570927777,0.0,0.214589368,0.0,0.543025491734524,0.0,0.24619386535825372,0.0,0.0,0.0,0.0,0.0,0.0,0.0,0.0,0.0,0.0,0.006839048849999999
6346.0,0.8092360971951976,5.88e-05,0.191523327,2.8486213430447393e-05,0.48465611223947974,0.0,0.3245514987422875,0.0,0.0,0.0,0.0,0.0,0.0,0.0,0.0,0.0,0.0,0.006839048849999999
6347.0,0.8631540191533305,0.003831814,0.178338441,0.0018563583576492574,0.4512913222205556,0.0,0.41000633857512553,0.0,0.0,0.0,0.0,0.0,0.0,0.0,0.0,0.0,0.0,0.006839048849999999
6348.0,0.9156990724635792,0.038032305,0.165721043,0.018425108120439994,0.41936257935124355,0.0,0.4779113849918957,0.0,0.0,0.0,0.0,0.0,0.0,0.0,0.0,0.0,0.0,0.006839048849999999
6349.0,0.9429027915168007,0.130062777,0.136174252,0.06301013647922932,0.34459344767668537,0.0,0.5352992073608859,0.0,0.0,0.0,0.0,0.0,0.0,0.0,0.0,0.0,0.0,0.006839048849999999
6350.0,0.9789778687176117,0.273334168,0.153141342,0.1324193103313225,0.38752922998699035,0.0,0.45902932839929883,0.0,0.0,0.0,0.0,0.0,0.0,0.0,0.0,0.0,0.0,0.006839048849999999
6351.0,1.0220129679549648,0.428107916,0.185744384,0.20740090929319802,0.47003230588071937,0.0,0.34457975278104735,0.0,0.0,0.0,0.0,0.0,0.0,0.0,0.0,0.0,0.0,0.006839048849999999
6352.0,1.0604977967451756,0.555448609,0.2024407,0.26909230655814836,0.5122828856301084,0.0,0.27912260455691895,0.0,0.0,0.0,0.0,0.0,0.0,0.0,0.0,0.0,0.0,0.006839048849999999
6353.0,1.096426020001426,0.638898745,0.21026319,0.3095205103829079,0.5320779552480887,0.0,0.25482755437042937,0.0,0.0,0.0,0.0,0.0,0.0,0.0,0.0,0.0,0.0,0.006839048849999999
6354.0,1.132712478289074,0.669656435,0.216977774,0.32442136279732187,0.549069432096992,0.0,0.25922168339476026,0.0,0.0,0.0,0.0,0.0,0.0,0.0,0.0,0.0,0.0,0.006839048849999999
6355.0,1.162859966729838,0.64529572,0.224926523,0.31261958513051397,0.5691840042895868,0.0,0.2810563773097374,0.0,0.0,0.0,0.0,0.0,0.0,0.0,0.0,0.0,0.0,0.006839048849999999
6356.0,1.1869508111260774,0.569450493,0.232508497,0.2758756510488348,0.5883704402162184,0.0,0.32270471986102417,0.0,0.0,0.0,0.0,0.0,0.0,0.0,0.0,0.0,0.0,0.006839048849999999
6357.0,1.2040660576583524,0.450314247,0.238581754,0.21815897535396606,0.6037390178843122,0.0,0.3821680644200741,0.0,0.0,0.0,0.0,0.0,0.0,0.0,0.0,0.0,0.0,0.006839048849999999
6358.0,1.20945295512265,0.30624681,0.244629385,0.1483641495247223,0.6190427481120089,0.0,0.44204605748591896,0.0,0.0,0.0,0.0,0.0,0.0,0.0,0.0,0.0,0.0,0.006839048849999999
6359.0,1.1985434314119707,0.161934234,0.254925045,0.07845056379966005,0.6450962561974211,0.0,0.4749966114148895,0.0,0.0,0.0,0.0,0.0,0.0,0.0,0.0,0.0,0.0,0.006839048849999999
6360.0,1.1875070792491742,0.059861944,0.287092381,0.02900068219635187,0.7264967636502863,0.0,0.43200963340253623,0.0,0.0,0.0,0.0,0.0,0.0,0.0,0.0,0.0,0.0,0.006839048849999999
6361.0,1.1766131303659926,0.010125003,0.327960404,0.004905153000712928,0.8299146472697246,0.0,0.3417933300955552,0.0,0.0,0.0,0.0,0.0,0.0,0.0,0.0,0.0,0.0,0.006839048849999999
6362.0,1.1315710172203952,5.4e-05,0.333697615,2.616080825245169e-05,0.8444328494224973,0.0,0.2871120069896455,0.0,0.0,0.0,0.0,0.0,0.0,0.0,0.0,0.0,0.0,0.006839048849999999
6363.0,1.0635194432699815,0.0,0.321593001,0.0,0.813801723421853,0.0,0.2497177198481284,0.0,0.0,0.0,0.0,0.0,0.0,0.0,0.0,0.0,0.0,0.006839048849999999
6364.0,0.9906394658108022,0.0,0.296901713,0.0,0.7513196026498736,0.0,0.2393198631609286,0.0,0.0,0.0,0.0,0.0,0.0,0.0,0.0,0.0,0.0,0.006839048849999999
6365.0,0.9208256365262617,0.0,0.274563942,0.0,0.6947931344721576,0.0,0.22603250205410413,0.0,0.0,0.0,0.0,0.0,0.0,0.0,0.0,0.0,0.0,0.006839048849999999
6366.0,0.8665339017094591,0.0,0.254321764,0.0,0.6435696336777111,0.0,0.22296426803174793,0.0,0.0,0.0,0.0,0.0,0.0,0.0,0.0,0.0,0.0,0.006839048849999999
6367.0,0.8257661497819658,0.0,0.236799743,0.0,0.5992295801215273,0.0,0.22653656966043859,0.0,0.0,0.0,0.0,0.0,0.0,0.0,0.0,0.0,0.0,0.006839048849999999
6368.0,0.7989495935824017,0.0,0.222890806,0.0,0.5640325551042882,0.0,0.23491703847811352,0.0,0.0,0.0,0.0,0.0,0.0,0.0,0.0,0.0,0.0,0.006839048849999999
6369.0,0.7899313804903264,0.0,0.211621092,0.0,0.5355141711619978,0.0,0.2544172093283286,0.0,0.0,0.0,0.0,0.0,0.0,0.0,0.0,0.0,0.0,0.006839048849999999
6370.0,0.8033952849024559,9.7e-05,0.202142346,4.6992562971996556e-05,0.511527890967181,0.0,0.29182040137230286,0.0,0.0,0.0,0.0,0.0,0.0,0.0,0.0,0.0,0.0,0.006839048849999999
6371.0,0.8541580563862092,0.006051432,0.1963149,0.002931673188976856,0.49678134616303027,0.0,0.35444503703420216,0.0,0.0,0.0,0.0,0.0,0.0,0.0,0.0,0.0,0.0,0.006839048849999999
6372.0,0.9040063237155433,0.044873125,0.187197374,0.021739207755801782,0.4737091451229848,0.0,0.40855797083675677,0.0,0.0,0.0,0.0,0.0,0.0,0.0,0.0,0.0,0.0,0.006839048849999999
6373.0,0.933926854242123,0.136777426,0.163995426,0.06626311138610926,0.41499584847028737,0.0,0.4526678943857263,0.0,0.0,0.0,0.0,0.0,0.0,0.0,0.0,0.0,0.0,0.006839048849999999
6374.0,0.972465085012133,0.279871431,0.162811037,0.1355863489209308,0.4119987129405813,0.0,0.42488002315062096,0.0,0.0,0.0,0.0,0.0,0.0,0.0,0.0,0.0,0.0,0.006839048849999999
6375.0,1.0160297513826833,0.434471354,0.17709893,0.21048373672550108,0.4481546986470831,0.0,0.357391316010099,0.0,0.0,0.0,0.0,0.0,0.0,0.0,0.0,0.0,0.0,0.006839048849999999
6376.0,1.05518210192061,0.562917065,0.181889381,0.27271047036107193,0.4602770933125316,0.0,0.32219453824700656,0.0,0.0,0.0,0.0,0.0,0.0,0.0,0.0,0.0,0.0,0.006839048849999999
6377.0,1.0926189226068281,0.648035173,0.18237787,0.31394673892032143,0.46151323088031593,0.0,0.3171589528061908,0.0,0.0,0.0,0.0,0.0,0.0,0.0,0.0,0.0,0.0,0.006839048849999999
6378.0,1.1295973787995814,0.679945346,0.185115164,0.3294059225713503,0.46844004386376237,0.0,0.3317514123644688,0.0,0.0,0.0,0.0,0.0,0.0,0.0,0.0,0.0,0.0,0.006839048849999999
6379.0,1.165187390517028,0.656149908,0.18919697,0.31787799866762617,0.47876918892333925,0.0,0.3685402029260626,0.0,0.0,0.0,0.0,0.0,0.0,0.0,0.0,0.0,0.0,0.006839048849999999
6380.0,1.197733505384715,0.579322612,0.19118975,0.2806582920155827,0.4838119846103032,0.0,0.43326322875882883,0.0,0.0,0.0,0.0,0.0,0.0,0.0,0.0,0.0,0.0,0.006839048849999999
6381.0,1.2314099561586032,0.458898016,0.191640138,0.22231746303715752,0.4849517063376692,0.0,0.5241407867837766,0.0,0.0,0.0,0.0,0.0,0.0,0.0,0.0,0.0,0.0,0.006839048849999999
6382.0,1.2210433495761084,0.314091423,0.193442233,0.15216454612671657,0.48951196732658886,0.0,0.5793668361228029,0.0,0.0,0.0,0.0,0.0,0.0,0.0,0.0,0.0,0.0,0.006839048849999999
6383.0,1.2149333045517097,0.171642513,0.205159633,0.08315383093633234,0.5191632354958959,0.0,0.6126162381194814,0.0,0.0,0.0,0.0,0.0,0.0,0.0,0.0,0.0,0.0,0.006839048849999999
6384.0,1.2006950754321903,0.065328118,0.237746203,0.03164882163873218,0.6016246284489312,0.0,0.5674216253445271,0.0,0.0,0.0,0.0,0.0,0.0,0.0,0.0,0.0,0.0,0.006839048849999999
6385.0,1.185978455326838,0.009795235,0.271855195,0.004745393789309326,0.6879385606161992,0.0,0.49329450092132937,0.0,0.0,0.0,0.0,0.0,0.0,0.0,0.0,0.0,0.0,0.006839048849999999
6386.0,1.1361212876675373,3.02e-05,0.273426418,1.4630674244889647e-05,0.6919145923746768,0.0,0.4441920646186157,0.0,0.0,0.0,0.0,0.0,0.0,0.0,0.0,0.0,0.0,0.006839048849999999
6387.0,1.0676669760359687,0.0,0.257903282,0.0,0.6526327834098361,0.0,0.41503419262613267,0.0,0.0,0.0,0.0,0.0,0.0,0.0,0.0,0.0,0.0,0.006839048849999999
6388.0,0.9928934631256746,0.0,0.238973196,0.0,0.6047295748094601,0.0,0.38816388831621446,0.0,0.0,0.0,0.0,0.0,0.0,0.0,0.0,0.0,0.0,0.006839048849999999
6389.0,0.9223053081338195,0.0,0.219975439,0.0,0.5566551225058493,0.0,0.3656501856279702,0.0,0.0,0.0,0.0,0.0,0.0,0.0,0.0,0.0,0.0,0.006839048849999999
6390.0,0.8678288932200795,0.0,0.202412769,0.0,0.5122122053109901,0.0,0.3556166879090894,0.0,0.0,0.0,0.0,0.0,0.0,0.0,0.0,0.0,0.0,0.006839048849999999
6391.0,0.8327884741282735,0.0,0.188957516,0.0,0.47816324265810867,0.0,0.3546252314701649,0.0,0.0,0.0,0.0,0.0,0.0,0.0,0.0,0.0,0.0,0.006839048849999999
6392.0,0.7987293111656735,0.0,0.182688456,0.0,0.46229917902372936,0.0,0.3364301321419441,0.0,0.0,0.0,0.0,0.0,0.0,0.0,0.0,0.0,0.0,0.006839048849999999
6393.0,0.7894529905044182,0.0,0.174919938,0.0,0.4426406873364874,0.0,0.34681230316793077,0.0,0.0,0.0,0.0,0.0,0.0,0.0,0.0,0.0,0.0,0.006839048849999999
6394.0,0.8061899745130023,7.94e-05,0.169331285,3.846607731934563e-05,0.42849841611520945,0.0,0.3776530923204735,0.0,0.0,0.0,0.0,0.0,0.0,0.0,0.0,0.0,0.0,0.006839048849999999
6395.0,0.8587061020008411,0.005066669,0.165721592,0.0024545954849563172,0.41936396861389774,0.0,0.436887537901987,0.0,0.0,0.0,0.0,0.0,0.0,0.0,0.0,0.0,0.0,0.006839048849999999
6396.0,0.9088102520668448,0.036354575,0.153595508,0.017612316031006922,0.38867851206828663,0.0,0.5025194239675512,0.0,0.0,0.0,0.0,0.0,0.0,0.0,0.0,0.0,0.0,0.006839048849999999
6397.0,0.9341916383086839,0.116424654,0.138747302,0.05640301942874134,0.3511046357869347,0.0,0.5266839830930079,0.0,0.0,0.0,0.0,0.0,0.0,0.0,0.0,0.0,0.0,0.006839048849999999
6398.0,0.9671783170099022,0.251166066,0.130026694,0.12167976466941899,0.32903684887111684,0.0,0.5164617034693665,0.0,0.0,0.0,0.0,0.0,0.0,0.0,0.0,0.0,0.0,0.006839048849999999
6399.0,1.007736911683144,0.397444307,0.125352544,0.19254563530473226,0.3172087577319933,0.0,0.49798251864641846,0.0,0.0,0.0,0.0,0.0,0.0,0.0,0.0,0.0,0.0,0.006839048849999999
6400.0,1.0478126667054568,0.51643098,0.127102532,0.2501898489519576,0.3216371602343461,0.0,0.47598565751915306,0.0,0.0,0.0,0.0,0.0,0.0,0.0,0.0,0.0,0.0,0.006839048849999999
6401.0,1.0865956560495842,0.596048776,0.130887734,0.28876143959341716,0.33121573906386437,0.0,0.4666184773923026,0.0,0.0,0.0,0.0,0.0,0.0,0.0,0.0,0.0,0.0,0.006839048849999999
6402.0,1.1266202339246083,0.62576868,0.132616599,0.3031595268124037,0.3355906891162249,0.0,0.4878700179959798,0.0,0.0,0.0,0.0,0.0,0.0,0.0,0.0,0.0,0.0,0.006839048849999999
6403.0,1.1616562033513933,0.601592092,0.130851139,0.29144695120376435,0.3311231342062462,0.0,0.5390861179413827,0.0,0.0,0.0,0.0,0.0,0.0,0.0,0.0,0.0,0.0,0.006839048849999999
6404.0,1.2672781019375983,0.526884866,0.129275348,0.25525433241749446,0.32713554297271485,0.0,0.6848882265473891,0.0,0.0,0.0,0.0,0.0,0.0,0.0,0.0,0.0,0.0,0.006839048849999999
6405.0,1.3268966557415187,0.414062716,0.129490779,0.20059657995861777,0.32768069824205626,0.0,0.7986193775408449,0.0,0.0,0.0,0.0,0.0,0.0,0.0,0.0,0.0,0.0,0.006839048849999999
6406.0,1.2127616350390464,0.28346837,0.13424085,0.1373289198741672,0.33970090998222463,0.0,0.7357318051826546,0.0,0.0,0.0,0.0,0.0,0.0,0.0,0.0,0.0,0.0,0.006839048849999999
6407.0,1.2017564335311703,0.15355517,0.152653611,0.07439124738041891,0.38629501056327137,0.0,0.7410701755874801,0.0,0.0,0.0,0.0,0.0,0.0,0.0,0.0,0.0,0.0,0.006839048849999999
6408.0,1.1984544281123055,0.055513749,0.188007002,0.026894158203032065,0.4757579355496477,0.0,0.6958023343596257,0.0,0.0,0.0,0.0,0.0,0.0,0.0,0.0,0.0,0.0,0.006839048849999999
6409.0,1.1884482833935683,0.008031697,0.23431892,0.003891031206644287,0.5929517754845273,0.0,0.5916054767023968,0.0,0.0,0.0,0.0,0.0,0.0,0.0,0.0,0.0,0.0,0.006839048849999999
6410.0,1.142867702784807,2.54e-05,0.260529355,1.2305269066893943e-05,0.6592781479749423,0.0,0.48357724954079784,0.0,0.0,0.0,0.0,0.0,0.0,0.0,0.0,0.0,0.0,0.006839048849999999
6411.0,1.0748873314741259,0.0,0.26026158,0.0,0.658600534482697,0.0,0.41628679699142895,0.0,0.0,0.0,0.0,0.0,0.0,0.0,0.0,0.0,0.0,0.006839048849999999
6412.0,1.0002784741682504,0.0,0.247541686,0.0,0.6264124220960617,0.0,0.3738660520721887,0.0,0.0,0.0,0.0,0.0,0.0,0.0,0.0,0.0,0.0,0.006839048849999999
6413.0,0.9308384557425302,0.0,0.232973556,0.0,0.5895472873942229,0.0,0.34129116834830736,0.0,0.0,0.0,0.0,0.0,0.0,0.0,0.0,0.0,0.0,0.006839048849999999
6414.0,0.8764332434685225,0.0,0.221803761,0.0,0.5612817517855396,0.0,0.3151514916829828,0.0,0.0,0.0,0.0,0.0,0.0,0.0,0.0,0.0,0.0,0.006839048849999999
6415.0,0.8342703715682664,0.0,0.211848313,0.0,0.5360891614162093,0.0,0.2981812101520571,0.0,0.0,0.0,0.0,0.0,0.0,0.0,0.0,0.0,0.0,0.006839048849999999
6416.0,0.8070599770175889,0.0,0.20537843,0.0,0.5197169085395438,0.0,0.287343068478045,0.0,0.0,0.0,0.0,0.0,0.0,0.0,0.0,0.0,0.0,0.006839048849999999
6417.0,0.7960191751897714,0.0,0.195562535,0.0,0.49487746165143215,0.0,0.30114171353833924,0.0,0.0,0.0,0.0,0.0,0.0,0.0,0.0,0.0,0.0,0.006839048849999999
6418.0,0.81321229885931,6.94e-05,0.188346933,3.362148319852125e-05,0.47661814218593734,0.0,0.33656053519017426,0.0,0.0,0.0,0.0,0.0,0.0,0.0,0.0,0.0,0.0,0.006839048849999999
6419.0,0.8612426830422827,0.00386897,0.185898071,0.0018743589315645926,0.470421215916319,0.0,0.3889471081943991,0.0,0.0,0.0,0.0,0.0,0.0,0.0,0.0,0.0,0.0,0.006839048849999999
6420.0,0.9109018186098091,0.031438063,0.177372312,0.01523046551799067,0.44884650083824007,0.0,0.4468248522535783,0.0,0.0,0.0,0.0,0.0,0.0,0.0,0.0,0.0,0.0,0.006839048849999999
6421.0,0.9384659995267882,0.113833411,0.154394903,0.05514766736839861,0.39070140755006616,0.0,0.49261692460832346,0.0,0.0,0.0,0.0,0.0,0.0,0.0,0.0,0.0,0.0,0.006839048849999999
6422.0,0.9716484844873455,0.257535594,0.133835449,0.1247655424595416,0.3386750293459823,0.0,0.5082079126818216,0.0,0.0,0.0,0.0,0.0,0.0,0.0,0.0,0.0,0.0,0.006839048849999999
6423.0,1.0147147343796192,0.415522493,0.138843152,0.20130378266580923,0.3513471873814888,0.0,0.46206376433232127,0.0,0.0,0.0,0.0,0.0,0.0,0.0,0.0,0.0,0.0,0.006839048849999999
6424.0,1.0543721768932788,0.544554433,0.169015389,0.2638145204580657,0.42769903084120575,0.0,0.3628586255940074,0.0,0.0,0.0,0.0,0.0,0.0,0.0,0.0,0.0,0.0,0.006839048849999999
6425.0,1.0890298837963732,0.630691645,0.196405736,0.30554450354200613,0.4970112096647822,0.0,0.2864741705895849,0.0,0.0,0.0,0.0,0.0,0.0,0.0,0.0,0.0,0.0,0.006839048849999999
6426.0,1.1221545161121855,0.664574845,0.208261172,0.32195953869347776,0.5270117824966438,0.0,0.2731831949220639,0.0,0.0,0.0,0.0,0.0,0.0,0.0,0.0,0.0,0.0,0.006839048849999999
6427.0,1.1488998706719422,0.642764735,0.213909949,0.3113934256254245,0.5413061994880937,0.0,0.29620024555842395,0.0,0.0,0.0,0.0,0.0,0.0,0.0,0.0,0.0,0.0,0.006839048849999999
6428.0,1.1654811004059993,0.568851004,0.218363634,0.275585222960345,0.5525763966544122,0.0,0.3373194807912422,0.0,0.0,0.0,0.0,0.0,0.0,0.0,0.0,0.0,0.0,0.006839048849999999
6429.0,1.1747907975546101,0.452956698,0.219571978,0.21943913561188272,0.5556341511037587,0.0,0.3997175108389687,0.0,0.0,0.0,0.0,0.0,0.0,0.0,0.0,0.0,0.0,0.006839048849999999
6430.0,1.1744303356908525,0.311122096,0.218964287,0.15072602771401605,0.5540963689332196,0.0,0.4696079390436168,0.0,0.0,0.0,0.0,0.0,0.0,0.0,0.0,0.0,0.0,0.006839048849999999
6431.0,1.1593043034068136,0.167961681,0.229188416,0.0813706172296381,0.5799688654577548,0.0,0.49796482071942055,0.0,0.0,0.0,0.0,0.0,0.0,0.0,0.0,0.0,0.0,0.006839048849999999
6432.0,1.14736457125215,0.058058444,0.266040483,0.02812695964666119,0.6732242396201347,0.0,0.44601337198535435,0.0,0.0,0.0,0.0,0.0,0.0,0.0,0.0,0.0,0.0,0.006839048849999999
6433.0,1.12895655904169,0.007331941,0.30930954,0.003552027826283127,0.7827180191736218,0.0,0.3426865120417849,0.0,0.0,0.0,0.0,0.0,0.0,0.0,0.0,0.0,0.0,0.006839048849999999
6434.0,1.0880397263372759,1.79e-05,0.322721943,8.671823476275652e-06,0.8166585484845457,0.0,0.2713725060292539,0.0,0.0,0.0,0.0,0.0,0.0,0.0,0.0,0.0,0.0,0.006839048849999999
6435.0,1.0338280954900967,0.0,0.317832777,0.0,0.8042863522473038,0.0,0.22954174324279283,0.0,0.0,0.0,0.0,0.0,0.0,0.0,0.0,0.0,0.0,0.006839048849999999
6436.0,0.9749660657336332,0.0,0.300559594,0.0,0.7605759914786592,0.0,0.214390074254974,0.0,0.0,0.0,0.0,0.0,0.0,0.0,0.0,0.0,0.0,0.006839048849999999
6437.0,0.9090372099810292,0.0,0.282164044,0.0,0.7140254439022434,0.0,0.19501176607878576,0.0,0.0,0.0,0.0,0.0,0.0,0.0,0.0,0.0,0.0,0.006839048849999999
6438.0,0.8572375545558355,0.0,0.268217536,0.0,0.6787333442271118,0.0,0.17850421032872363,0.0,0.0,0.0,0.0,0.0,0.0,0.0,0.0,0.0,0.0,0.006839048849999999
6439.0,0.8179606003983018,0.0,0.257851803,0.0,0.6525025140980357,0.0,0.16545808630026598,0.0,0.0,0.0,0.0,0.0,0.0,0.0,0.0,0.0,0.0,0.006839048849999999
6440.0,0.7899447304853139,0.0,0.249554332,0.0,0.6315054893529518,0.0,0.15843924113236207,0.0,0.0,0.0,0.0,0.0,0.0,0.0,0.0,0.0,0.0,0.006839048849999999
6441.0,0.772542449561524,0.0,0.237384888,0.0,0.6007103088935184,0.0,0.1718321406680055,0.0,0.0,0.0,0.0,0.0,0.0,0.0,0.0,0.0,0.0,0.006839048849999999
6442.0,0.7672000547469836,5.86e-05,0.227294063,2.8389321548030907e-05,0.5751751425490608,0.0,0.19199652287637486,0.0,0.0,0.0,0.0,0.0,0.0,0.0,0.0,0.0,0.0,0.006839048849999999
6443.0,0.7790374326070697,0.004032081,0.221575655,0.0019533795907287713,0.5607045220095631,0.0,0.21637953100677784,0.0,0.0,0.0,0.0,0.0,0.0,0.0,0.0,0.0,0.0,0.006839048849999999
6444.0,0.7983777496318823,0.032985816,0.209687057,0.015980289026419497,0.5306200316401051,0.0,0.25177742896535765,0.0,0.0,0.0,0.0,0.0,0.0,0.0,0.0,0.0,0.0,0.006839048849999999
6445.0,0.8262178387779746,0.120269087,0.18395613,0.058265491179711665,0.4655070699999918,0.0,0.3024452775982711,0.0,0.0,0.0,0.0,0.0,0.0,0.0,0.0,0.0,0.0,0.006839048849999999
6446.0,0.8694309446146584,0.264321474,0.173105994,0.12805302589480358,0.43805044206124677,0.0,0.3033274766586081,0.0,0.0,0.0,0.0,0.0,0.0,0.0,0.0,0.0,0.0,0.006839048849999999
6447.0,0.9134250496562633,0.422609695,0.202334509,0.20473724438003874,0.5120141657930997,0.0,0.196673639483125,0.0,0.0,0.0,0.0,0.0,0.0,0.0,0.0,0.0,0.0,0.006839048849999999
6448.0,0.951714072187135,0.554059101,0.241598981,0.2684191463293845,0.6113742105810428,0.0,0.07192071527670764,0.0,0.0,0.0,0.0,0.0,0.0,0.0,0.0,0.0,0.0,0.006839048849999999
6449.0,0.9866877393041543,0.640549451,0.264880509,0.31032021044118885,0.6702888870552804,0.0,0.006078641807685059,0.0,0.0,0.0,0.0,0.0,0.0,0.0,0.0,0.0,0.0,0.006839048849999999
6450.0,1.0171333872989101,0.672233145,0.284300743,0.32566967420902876,0.6914637130898813,0.0,0.0,0.0,0.0,0.0,0.0,0.0,0.0,0.0,0.027968718287918946,0.0,0.0,3.675e-09
6451.0,1.0406546135770653,0.646884143,0.303224843,0.3133891116032322,0.7272655019738331,0.0,0.0,0.0,0.0,0.0,0.0,0.0,0.0,0.0,0.040054990233398806,0.0,0.0,3.675e-09
6452.0,1.0586754639337932,0.567238522,0.319875073,0.2748040408786315,0.7838714230551618,0.0,0.0,0.0,0.0,0.0,0.0,0.0,0.0,0.0,0.025583026754494018,0.0,0.0,3.675e-09
6453.0,1.0731206254750532,0.446867657,0.334671163,0.21648924238887682,0.8468964448296433,0.0,0.009734938256532958,0.0,0.0,0.0,0.0,0.0,0.0,0.0,0.0,0.0,0.0,0.006839048849999999
6454.0,1.0797335366427496,0.304199073,0.333658771,0.14737210406160284,0.8443345533960095,0.0,0.08802687918513721,0.0,0.0,0.0,0.0,0.0,0.0,0.0,0.0,0.0,0.0,0.006839048849999999
6455.0,1.0760109928827963,0.160887848,0.332476007,0.07794363225328876,0.8413415299825387,0.0,0.15672583064696888,0.0,0.0,0.0,0.0,0.0,0.0,0.0,0.0,0.0,0.0,0.006839048849999999
6456.0,1.0750163857586783,0.054792792,0.36642364,0.026544883798675346,0.9272471378645105,0.0,0.12122436409549256,0.0,0.0,0.0,0.0,0.0,0.0,0.0,0.0,0.0,0.0,0.006839048849999999
6457.0,1.0662807563931724,0.007385114,0.403205657,0.003577787986601787,1.020325248185487,0.0,0.04237772022108374,0.0,0.0,0.0,0.0,0.0,0.0,0.0,0.0,0.0,0.0,0.006839048849999999
6458.0,1.0345801688726082,1.45e-05,0.409809827,7.0246614751953605e-06,1.034573144211133,0.0,0.0,0.0,0.0,0.0,0.0,0.0,0.0,0.0,0.0024641745451029055,0.0,0.0,3.675e-09
6459.0,0.9875399421487325,0.0,0.398329277,0.0,0.9875399421487325,0.0,0.0,0.0,0.0,0.0,0.0,0.0,0.0,0.0,0.020445465195318115,0.0,0.0,3.675e-09
6460.0,0.9337310479827838,0.0,0.374161944,0.0,0.9337310479827838,0.0,0.0,0.0,0.0,0.0,0.0,0.0,0.0,0.0,0.013098124042856445,0.0,0.0,3.675e-09
6461.0,0.8792546330690438,0.0,0.350409995,0.0,0.8792546330690438,0.0,0.0,0.0,0.0,0.0,0.0,0.0,0.0,0.0,0.007469446586044556,0.0,0.0,3.675e-09
6462.0,0.8307703350575519,0.0,0.332833911,0.0,0.8307703350575519,0.0,0.0,0.0,0.0,0.0,0.0,0.0,0.0,0.0,0.011476882832104981,0.0,0.0,3.675e-09
6463.0,0.7949066389435778,0.0,0.320796368,0.0,0.7949066389435778,0.0,0.0,0.0,0.0,0.0,0.0,0.0,0.0,0.0,0.0168791783288291,0.0,0.0,3.675e-09
6464.0,0.7664502051970582,0.0,0.306749545,0.0,0.7664502051970582,0.0,0.0,0.0,0.0,0.0,0.0,0.0,0.0,0.0,0.009789661975515259,0.0,0.0,3.675e-09
6465.0,0.7516267821320322,0.0,0.28215402,0.0,0.7140000778387711,0.0,0.03762670429326099,0.0,0.0,0.0,0.0,0.0,0.0,0.0,0.0,0.0,0.0,0.006839048849999999
6466.0,0.7477462582651164,4.34e-05,0.258472437,2.1025538484377835e-05,0.6540730489580722,0.0,0.09365218376855994,0.0,0.0,0.0,0.0,0.0,0.0,0.0,0.0,0.0,0.0,0.006839048849999999
6467.0,0.7528817216578408,0.003940653,0.241495572,0.001909086435600898,0.6111125306870288,0.0,0.13986010453521106,0.0,0.0,0.0,0.0,0.0,0.0,0.0,0.0,0.0,0.0,0.006839048849999999
6468.0,0.7655846523574926,0.031310435,0.222187088,0.015168634932145408,0.562251773434842,0.0,0.18816424399050524,0.0,0.0,0.0,0.0,0.0,0.0,0.0,0.0,0.0,0.0,0.006839048849999999
6469.0,0.7920629980181778,0.112520488,0.193770713,0.0545116094637091,0.4903431968287186,0.0,0.24720819172575018,0.0,0.0,0.0,0.0,0.0,0.0,0.0,0.0,0.0,0.0,0.006839048849999999
6470.0,0.8326238185238549,0.249955364,0.180242992,0.12109322869029196,0.45611085150547565,0.0,0.25541973832808723,0.0,0.0,0.0,0.0,0.0,0.0,0.0,0.0,0.0,0.0,0.006839048849999999
6471.0,0.872007576640987,0.400405147,0.210329885,0.19398004211040243,0.5322467291510494,0.0,0.14578080537953517,0.0,0.0,0.0,0.0,0.0,0.0,0.0,0.0,0.0,0.0,0.006839048849999999
6472.0,0.9081204799941748,0.525944528,0.22160619,0.25479877682285573,0.5607817918367901,0.0,0.09253991133452893,0.0,0.0,0.0,0.0,0.0,0.0,0.0,0.0,0.0,0.0,0.006839048849999999
6473.0,0.9453392440960999,0.610407404,0.213762604,0.29571761207260766,0.5409333380932103,0.0,0.10868829393028204,0.0,0.0,0.0,0.0,0.0,0.0,0.0,0.0,0.0,0.0,0.006839048849999999
6474.0,0.978312571802406,0.644185513,0.208678225,0.3120817349000041,0.5280671489041928,0.0,0.13816368799820905,0.0,0.0,0.0,0.0,0.0,0.0,0.0,0.0,0.0,0.0,0.006839048849999999
6475.0,1.005427288555887,0.619791108,0.204791649,0.3002636357956033,0.5182320398154536,0.0,0.1869316129448302,0.0,0.0,0.0,0.0,0.0,0.0,0.0,0.0,0.0,0.0,0.006839048849999999
6476.0,1.0268858731135633,0.542827038,0.198301358,0.2629776676919316,0.5018081438199393,0.0,0.26210006160169225,0.0,0.0,0.0,0.0,0.0,0.0,0.0,0.0,0.0,0.0,0.006839048849999999
6477.0,1.045643223025229,0.426796663,0.189363663,0.20676566043572672,0.47919101107201956,0.0,0.3596865515174828,0.0,0.0,0.0,0.0,0.0,0.0,0.0,0.0,0.0,0.0,0.006839048849999999
6478.0,1.0638754554687184,0.290777885,0.179832941,0.14087008321367495,0.45507320389046785,0.0,0.46793216836457563,0.0,0.0,0.0,0.0,0.0,0.0,0.0,0.0,0.0,0.0,0.006839048849999999
6479.0,1.074571371260201,0.155043209,0.191177722,0.07511214187951466,0.48378154735856305,0.0,0.5156776820221233,0.0,0.0,0.0,0.0,0.0,0.0,0.0,0.0,0.0,0.0,0.006839048849999999
6480.0,1.088253333256548,0.052268537,0.238828111,0.025321984705429193,0.6043624324193102,0.0,0.4585689161318087,0.0,0.0,0.0,0.0,0.0,0.0,0.0,0.0,0.0,0.0,0.006839048849999999
6481.0,1.0876214138286229,0.006755461,0.295314389,0.0032727466644058433,0.7473028267784707,0.0,0.33704584038574636,0.0,0.0,0.0,0.0,0.0,0.0,0.0,0.0,0.0,0.0,0.006839048849999999
6482.0,1.0530438088953027,9.44e-06,0.313799674,4.57329685005822e-06,0.7940804517397306,0.0,0.25895878385872206,0.0,0.0,0.0,0.0,0.0,0.0,0.0,0.0,0.0,0.0,0.006839048849999999
6483.0,0.9998801861521162,0.0,0.31013773,0.0,0.7848137813550903,0.0,0.21506640479702588,0.0,0.0,0.0,0.0,0.0,0.0,0.0,0.0,0.0,0.0,0.006839048849999999
6484.0,0.9422152442766409,0.0,0.297297564,0.0,0.7523213166953179,0.0,0.18989392758132312,0.0,0.0,0.0,0.0,0.0,0.0,0.0,0.0,0.0,0.0,0.006839048849999999
6485.0,0.8827858212346036,0.0,0.279486503,0.0,0.7072498378612005,0.0,0.17553598337340307,0.0,0.0,0.0,0.0,0.0,0.0,0.0,0.0,0.0,0.0,0.006839048849999999
6486.0,0.8364420410809296,0.0,0.260498683,0.0,0.659200531464685,0.0,0.17724150961624452,0.0,0.0,0.0,0.0,0.0,0.0,0.0,0.0,0.0,0.0,0.006839048849999999
6487.0,0.8024941317429488,0.0,0.24251224,0.0,0.6136852426800607,0.0,0.18880888906288806,0.0,0.0,0.0,0.0,0.0,0.0,0.0,0.0,0.0,0.0,0.006839048849999999
6488.0,0.7820479539693987,0.0,0.223684634,0.0,0.5660413631084789,0.0,0.21600659086091992,0.0,0.0,0.0,0.0,0.0,0.0,0.0,0.0,0.0,0.0,0.006839048849999999
6489.0,0.7787437227180988,0.0,0.200069505,0.0,0.5062824982722713,0.0,0.2724612244458274,0.0,0.0,0.0,0.0,0.0,0.0,0.0,0.0,0.0,0.0,0.006839048849999999
6490.0,0.8035777411668075,3.36e-05,0.179528128,1.627783624596994e-05,0.4543018645144552,0.0,0.3492595988161063,0.0,0.0,0.0,0.0,0.0,0.0,0.0,0.0,0.0,0.0,0.006839048849999999
6491.0,0.8639728455105529,0.003447215,0.166278435,0.0016700357522217639,0.4207730782390024,0.0,0.44152973151932867,0.0,0.0,0.0,0.0,0.0,0.0,0.0,0.0,0.0,0.0,0.006839048849999999
6492.0,0.9258008949795131,0.027264533,0.151128237,0.013208559627882248,0.3824350012154222,0.0,0.5301573341362088,0.0,0.0,0.0,0.0,0.0,0.0,0.0,0.0,0.0,0.0,0.006839048849999999
6493.0,0.958836524995585,0.099072738,0.125029584,0.04799672040487748,0.3163914967723982,0.0,0.5944483078183095,0.0,0.0,0.0,0.0,0.0,0.0,0.0,0.0,0.0,0.0,0.006839048849999999
6494.0,0.9930514432326372,0.223251441,0.111374091,0.10815626185341724,0.28183582017800907,0.0,0.603059361201211,0.0,0.0,0.0,0.0,0.0,0.0,0.0,0.0,0.0,0.0,0.006839048849999999
6495.0,1.0359107617030945,0.361909657,0.119521155,0.17533053965717704,0.302452235035956,0.0,0.5581279870099615,0.0,0.0,0.0,0.0,0.0,0.0,0.0,0.0,0.0,0.0,0.006839048849999999
6496.0,1.0706752725657873,0.479814796,0.133130589,0.23245079397861523,0.33689135780777263,0.0,0.5013331207793995,0.0,0.0,0.0,0.0,0.0,0.0,0.0,0.0,0.0,0.0,0.006839048849999999
6497.0,1.1047811620107306,0.559863945,0.138622043,0.2712313576408548,0.350787663745388,0.0,0.48276214062448797,0.0,0.0,0.0,0.0,0.0,0.0,0.0,0.0,0.0,0.0,0.006839048849999999
6498.0,1.1377322393920828,0.592935956,0.139548922,0.2872534046462988,0.35313316170479014,0.0,0.49734567304099375,0.0,0.0,0.0,0.0,0.0,0.0,0.0,0.0,0.0,0.0,0.006839048849999999
6499.0,1.1667649667541427,0.572336772,0.140219162,0.27727393607628076,0.3548292261881907,0.0,0.5346618044896712,0.0,0.0,0.0,0.0,0.0,0.0,0.0,0.0,0.0,0.0,0.006839048849999999
6500.0,1.1885973631705642,0.501659534,0.141522179,0.24303368290719013,0.35812655379467034,0.0,0.5874371264687036,0.0,0.0,0.0,0.0,0.0,0.0,0.0,0.0,0.0,0.0,0.006839048849999999
6501.0,1.1992665789720718,0.394314434,0.141661116,0.19102933887125956,0.35847813846751925,0.0,0.649759101633293,0.0,0.0,0.0,0.0,0.0,0.0,0.0,0.0,0.0,0.0,0.006839048849999999
6502.0,1.2057037103727974,0.271140892,0.141725571,0.131356757129828,0.35864124397640795,0.0,0.7157057092665614,0.0,0.0,0.0,0.0,0.0,0.0,0.0,0.0,0.0,0.0,0.006839048849999999
6503.0,1.2032383309711634,0.145783862,0.148150585,0.07062636407562736,0.3748999543648518,0.0,0.7577120125306841,0.0,0.0,0.0,0.0,0.0,0.0,0.0,0.0,0.0,0.0,0.006839048849999999
6504.0,1.2094462796251941,0.050079956,0.183653368,0.0242617060408744,0.4647409207473014,0.0,0.7204436528370182,0.0,0.0,0.0,0.0,0.0,0.0,0.0,0.0,0.0,0.0,0.006839048849999999
6505.0,1.1984210526248744,0.006666263,0.225375611,0.003229533853766914,0.5703204363239645,0.0,0.6248710824471432,0.0,0.0,0.0,0.0,0.0,0.0,0.0,0.0,0.0,0.0,0.006839048849999999
6506.0,1.1557686645763083,5.76e-06,0.232470238,2.7904862135948463e-06,0.5882736245515752,0.0,0.5674922495385195,0.0,0.0,0.0,0.0,0.0,0.0,0.0,0.0,0.0,0.0,0.006839048849999999
6507.0,1.090654185515906,0.0,0.223469199,0.0,0.5654961977170052,0.0,0.5251579877989008,0.0,0.0,0.0,0.0,0.0,0.0,0.0,0.0,0.0,0.0,0.006839048849999999
6508.0,1.015444558437101,0.0,0.209597232,0.0,0.5303927265072848,0.0,0.48505183192981627,0.0,0.0,0.0,0.0,0.0,0.0,0.0,0.0,0.0,0.0,0.006839048849999999
6509.0,0.9465897339568876,0.0,0.193422497,0.0,0.4894620247259617,0.0,0.4571277092309259,0.0,0.0,0.0,0.0,0.0,0.0,0.0,0.0,0.0,0.0,0.006839048849999999
6510.0,0.8917706578393231,0.0,0.180931866,0.0,0.4578540699420625,0.0,0.4339165878972606,0.0,0.0,0.0,0.0,0.0,0.0,0.0,0.0,0.0,0.0,0.006839048849999999
6511.0,0.8516615273295794,0.0,0.171805012,0.0,0.43475826408956003,0.0,0.4169032632400194,0.0,0.0,0.0,0.0,0.0,0.0,0.0,0.0,0.0,0.0,0.006839048849999999
6512.0,0.8250252015619317,0.0,0.170286572,0.0,0.43091580145800334,0.0,0.3941094001039284,0.0,0.0,0.0,0.0,0.0,0.0,0.0,0.0,0.0,0.0,0.006839048849999999
6513.0,0.8178226457837828,0.0,0.167272036,0.0,0.4232874184257582,0.0,0.39453522735802465,0.0,0.0,0.0,0.0,0.0,0.0,0.0,0.0,0.0,0.0,0.006839048849999999
6514.0,0.8397818726521711,1.73e-05,0.166590104,8.38114782902619e-06,0.42156176694972824,0.0,0.41821172455461375,0.0,0.0,0.0,0.0,0.0,0.0,0.0,0.0,0.0,0.0,0.006839048849999999
6515.0,0.8977783495690691,0.002168679,0.165751699,0.0010506369533355312,0.4194401553729717,0.0,0.47728755724276184,0.0,0.0,0.0,0.0,0.0,0.0,0.0,0.0,0.0,0.0,0.006839048849999999
6516.0,0.9561063625273147,0.019695184,0.159481375,0.009541517261495453,0.40357289314479466,0.0,0.5429919521210246,0.0,0.0,0.0,0.0,0.0,0.0,0.0,0.0,0.0,0.0,0.006839048849999999
6517.0,0.9860980956936266,0.086121802,0.147079527,0.041722517564400194,0.372189606678259,0.0,0.5721859714509674,0.0,0.0,0.0,0.0,0.0,0.0,0.0,0.0,0.0,0.0,0.006839048849999999
6518.0,1.0194986372384771,0.21095577,0.14935896,0.10219950830959815,0.37795778726072343,0.0,0.5393413416681556,0.0,0.0,0.0,0.0,0.0,0.0,0.0,0.0,0.0,0.0,0.006839048849999999
6519.0,1.0574294237380262,0.353579753,0.161711081,0.17129503926263387,0.4092152379093937,0.0,0.47691914656599854,0.0,0.0,0.0,0.0,0.0,0.0,0.0,0.0,0.0,0.0,0.006839048849999999
6520.0,1.0898242339962063,0.474157909,0.164031219,0.22971026182837845,0.4150864238403852,0.0,0.4450275483274427,0.0,0.0,0.0,0.0,0.0,0.0,0.0,0.0,0.0,0.0,0.006839048849999999
6521.0,1.1210486563633728,0.556207403,0.162115256,0.2694599114532801,0.41023801611209476,0.0,0.44135072879799797,0.0,0.0,0.0,0.0,0.0,0.0,0.0,0.0,0.0,0.0,0.006839048849999999
6522.0,1.1497987989989389,0.591057299,0.160759757,0.28634327158057415,0.4068078810691478,0.0,0.456647646349217,0.0,0.0,0.0,0.0,0.0,0.0,0.0,0.0,0.0,0.0,0.006839048849999999
6523.0,1.1733311514394957,0.57597476,0.164255619,0.2790363936039237,0.41565427546081224,0.0,0.47864048237475987,0.0,0.0,0.0,0.0,0.0,0.0,0.0,0.0,0.0,0.0,0.006839048849999999
6524.0,1.1847858171108705,0.512980111,0.172016337,0.2485180429850441,0.4352930289901249,0.0,0.5009747451357016,0.0,0.0,0.0,0.0,0.0,0.0,0.0,0.0,0.0,0.0,0.006839048849999999
6525.0,1.1948030869920845,0.411060556,0.179439081,0.19914215529004037,0.4540765281363617,0.0,0.5415844035656824,0.0,0.0,0.0,0.0,0.0,0.0,0.0,0.0,0.0,0.0,0.006839048849999999
6526.0,1.2009487333363495,0.283721211,0.184611684,0.1374514110763775,0.46716597107475777,0.0,0.5963313511852144,0.0,0.0,0.0,0.0,0.0,0.0,0.0,0.0,0.0,0.0,0.006839048849999999
6527.0,1.1987570383312431,0.149664652,0.191295004,0.07250644931744278,0.48407833333782746,0.0,0.6421722556759729,0.0,0.0,0.0,0.0,0.0,0.0,0.0,0.0,0.0,0.0,0.006839048849999999
6528.0,1.199215402824708,0.048674047,0.224215115,0.02358060019329299,0.5673837628208488,0.0,0.6082510398105663,0.0,0.0,0.0,0.0,0.0,0.0,0.0,0.0,0.0,0.0,0.006839048849999999
6529.0,1.1870798654106298,0.005786895,0.275359663,0.002803515749482804,0.6968067327754458,0.0,0.4874696168857012,0.0,0.0,0.0,0.0,0.0,0.0,0.0,0.0,0.0,0.0,0.006839048849999999
6530.0,1.1452507543842319,3e-06,0.297065242,1.453378236247316e-06,0.7517334181919273,0.0,0.39351588281406835,0.0,0.0,0.0,0.0,0.0,0.0,0.0,0.0,0.0,0.0,0.006839048849999999
6531.0,1.0812777353925838,0.0,0.298094395,0.0,0.7543377238903114,0.0,0.32694001150227237,0.0,0.0,0.0,0.0,0.0,0.0,0.0,0.0,0.0,0.0,0.006839048849999999
6532.0,1.0076634842109014,0.0,0.292459091,0.0,0.7400774007708849,0.0,0.2675860834400165,0.0,0.0,0.0,0.0,0.0,0.0,0.0,0.0,0.0,0.0,0.006839048849999999
6533.0,0.9384281733744115,0.0,0.282459003,0.0,0.7147718474054052,0.0,0.22365632596900623,0.0,0.0,0.0,0.0,0.0,0.0,0.0,0.0,0.0,0.0,0.006839048849999999
6534.0,0.8855604843527818,0.0,0.269860309,0.0,0.6828904356265945,0.0,0.20267004872618727,0.0,0.0,0.0,0.0,0.0,0.0,0.0,0.0,0.0,0.0,0.006839048849999999
6535.0,0.8468531483133324,0.0,0.255764385,0.0,0.647220233822596,0.0,0.19963291449073645,0.0,0.0,0.0,0.0,0.0,0.0,0.0,0.0,0.0,0.0,0.006839048849999999
6536.0,0.8212982071370328,0.0,0.242451732,0.0,0.6135321251851911,0.0,0.2077660819518418,0.0,0.0,0.0,0.0,0.0,0.0,0.0,0.0,0.0,0.0,0.006839048849999999
6537.0,0.8131588968795108,0.0,0.227024047,0.0,0.5744918581322104,0.0,0.23866703874730053,0.0,0.0,0.0,0.0,0.0,0.0,0.0,0.0,0.0,0.0,0.006839048849999999
6538.0,0.8335338730132533,2.62e-06,0.216255655,1.269283659655989e-06,0.5472420860885641,0.0,0.28629051764102953,0.0,0.0,0.0,0.0,0.0,0.0,0.0,0.0,0.0,0.0,0.006839048849999999
6539.0,0.8912967175184356,0.001316701,0.212276986,0.0006378881923483591,0.5371739326180067,0.0,0.35348489670808053,0.0,0.0,0.0,0.0,0.0,0.0,0.0,0.0,0.0,0.0,0.006839048849999999
6540.0,0.9469857961405868,0.023211524,0.204189083,0.011245041270577415,0.5167072266268873,0.0,0.41903352824312207,0.0,0.0,0.0,0.0,0.0,0.0,0.0,0.0,0.0,0.0,0.006839048849999999
6541.0,0.9765925922856765,0.103532497,0.192468036,0.05015729262804684,0.4870467296034819,0.0,0.4393885700541478,0.0,0.0,0.0,0.0,0.0,0.0,0.0,0.0,0.0,0.0,0.006839048849999999
6542.0,1.0092455101130369,0.237818724,0.199845867,0.11521351921123575,0.505716574918042,0.0,0.3883154159837592,0.0,0.0,0.0,0.0,0.0,0.0,0.0,0.0,0.0,0.0,0.006839048849999999
6543.0,1.0754369240997665,0.38675866,0.216321596,0.1873688730413918,0.5474089519695917,0.0,0.34065909908878306,0.0,0.0,0.0,0.0,0.0,0.0,0.0,0.0,0.0,0.0,0.006839048849999999
6544.0,1.092796929206159,0.511271505,0.21678377,0.2476902927268036,0.5485784985596954,0.0,0.2965281379196601,0.0,0.0,0.0,0.0,0.0,0.0,0.0,0.0,0.0,0.0,0.006839048849999999
6545.0,1.1109579590099161,0.592969598,0.215624645,0.28726970282984005,0.5456452944174157,0.0,0.2780429617626602,0.0,0.0,0.0,0.0,0.0,0.0,0.0,0.0,0.0,0.0,0.006839048849999999
6546.0,1.1384776382770625,0.622280605,0.215462871,0.30146969604860424,0.5452359199608962,0.0,0.29177202226756205,0.0,0.0,0.0,0.0,0.0,0.0,0.0,0.0,0.0,0.0,0.006839048849999999
6547.0,1.1729951657331275,0.597164414,0.218723293,0.289301920922994,0.5534865256470646,0.0,0.3302067191630689,0.0,0.0,0.0,0.0,0.0,0.0,0.0,0.0,0.0,0.0,0.006839048849999999
6548.0,1.1742167297715052,0.521012207,0.223930275,0.2524092674909938,0.5666629657818004,0.0,0.35514449649871094,0.0,0.0,0.0,0.0,0.0,0.0,0.0,0.0,0.0,0.0,0.006839048849999999
6549.0,1.1844275800796231,0.404135465,0.228010721,0.19578722977556298,0.576988669316405,0.0,0.41165168098765503,0.0,0.0,0.0,0.0,0.0,0.0,0.0,0.0,0.0,0.0,0.006839048849999999
6550.0,1.1867772551916922,0.266810416,0.227963418,0.1292588172728309,0.5768689675106962,0.0,0.480649470408165,0.0,0.0,0.0,0.0,0.0,0.0,0.0,0.0,0.0,0.0,0.006839048849999999
6551.0,1.1753782163326274,0.130632776,0.234308399,0.0632862778596569,0.5929251517461203,0.0,0.5191667867268502,0.0,0.0,0.0,0.0,0.0,0.0,0.0,0.0,0.0,0.0,0.006839048849999999
6552.0,1.1693015477955844,0.03967264,0.284552699,0.01921978385015824,0.7200700143674452,0.0,0.4300117495779811,0.0,0.0,0.0,0.0,0.0,0.0,0.0,0.0,0.0,0.0,0.006839048849999999
6553.0,1.1567855230253052,0.004676566,0.334332793,0.0022656064149247216,0.8460401883554726,0.0,0.3084797282549078,0.0,0.0,0.0,0.0,0.0,0.0,0.0,0.0,0.0,0.0,0.006839048849999999
6554.0,1.1123642041451558,1.63e-06,0.345895368,7.89668841694375e-07,0.8752996667425486,0.0,0.23706374773376537,0.0,0.0,0.0,0.0,0.0,0.0,0.0,0.0,0.0,0.0,0.006839048849999999
6555.0,1.049530421389676,0.0,0.338468946,0.0,0.8565068602956882,0.0,0.19302356109398766,0.0,0.0,0.0,0.0,0.0,0.0,0.0,0.0,0.0,0.0,0.006839048849999999
6556.0,0.9760474493250568,0.0,0.323663626,0.0,0.8190415084554844,0.0,0.1570059408695725,0.0,0.0,0.0,0.0,0.0,0.0,0.0,0.0,0.0,0.0,0.006839048849999999
6557.0,0.9091796142605691,0.0,0.30914765,0.0,0.7823083511752664,0.0,0.1268712630853026,0.0,0.0,0.0,0.0,0.0,0.0,0.0,0.0,0.0,0.0,0.006839048849999999
6558.0,0.8611403297476299,0.0,0.291669744,0.0,0.7380799320853713,0.0,0.12306039766225867,0.0,0.0,0.0,0.0,0.0,0.0,0.0,0.0,0.0,0.0,0.006839048849999999
6559.0,0.8208109168211579,0.0,0.275799944,0.0,0.697920878405095,0.0,0.12289003841606298,0.0,0.0,0.0,0.0,0.0,0.0,0.0,0.0,0.0,0.0,0.006839048849999999
6560.0,0.7957788672805997,0.0,0.26398328,0.0,0.6680184194013401,0.0,0.12776044787925953,0.0,0.0,0.0,0.0,0.0,0.0,0.0,0.0,0.0,0.0,0.006839048849999999
6561.0,0.7860619817858878,0.0,0.249888482,0.0,0.6323510669775761,0.0,0.15371091480831164,0.0,0.0,0.0,0.0,0.0,0.0,0.0,0.0,0.0,0.0,0.006839048849999999
6562.0,0.8029302459114597,1.07e-05,0.238380437,5.1837157092820935e-06,0.6032295785586903,0.0,0.1996954836370602,0.0,0.0,0.0,0.0,0.0,0.0,0.0,0.0,0.0,0.0,0.006839048849999999
6563.0,0.8570217228040529,0.002096585,0.231019279,0.0010157103364808598,0.5846019248219706,0.0,0.2714040876456014,0.0,0.0,0.0,0.0,0.0,0.0,0.0,0.0,0.0,0.0,0.006839048849999999
6564.0,0.9110976248691481,0.025900283,0.222580204,0.01254763587494878,0.5632465664723457,0.0,0.33530342252185374,0.0,0.0,0.0,0.0,0.0,0.0,0.0,0.0,0.0,0.0,0.006839048849999999
6565.0,0.9332993844792186,0.103608172,0.225409303,0.050193954094056185,0.5704056950440868,0.0,0.31269973534107554,0.0,0.0,0.0,0.0,0.0,0.0,0.0,0.0,0.0,0.0,0.006839048849999999
6566.0,0.9580199244707976,0.229155322,0.246961397,0.11101645257168191,0.6249439815926481,0.0,0.22205949030646766,0.0,0.0,0.0,0.0,0.0,0.0,0.0,0.0,0.0,0.0,0.006839048849999999
6567.0,0.9863628797601874,0.369033325,0.267638984,0.1787816676683275,0.6772692992596371,0.0,0.13031191283222276,0.0,0.0,0.0,0.0,0.0,0.0,0.0,0.0,0.0,0.0,0.006839048849999999
6568.0,1.0057410229373767,0.488238328,0.291477711,0.23653165333899287,0.7375939862287514,0.0,0.03161538336963245,0.0,0.0,0.0,0.0,0.0,0.0,0.0,0.0,0.0,0.0,0.006839048849999999
6569.0,1.027435465739204,0.569458455,0.318008962,0.2758795083146739,0.7515559574245301,0.0,0.0,0.0,0.0,0.0,0.0,0.0,0.0,0.0,0.053176236791334104,0.0,0.0,3.675e-09
6570.0,1.0469359887034142,0.601176509,0.344551351,0.2912456181079129,0.7556903705955013,0.0,0.0,0.0,0.0,0.0,0.0,0.0,0.0,0.0,0.11620821668478552,0.0,0.0,3.675e-09
6571.0,1.0617060107885659,0.578788168,0.370402522,0.28039937558955175,0.7813066351990141,0.0,0.0,0.0,0.0,0.0,0.0,0.0,0.0,0.0,0.15600919513959716,0.0,0.0,3.675e-09
6572.0,1.0735923399635054,0.505574529,0.396050171,0.24493033908319584,0.8286620008803097,0.0,0.0,0.0,0.0,0.0,0.0,0.0,0.0,0.0,0.17355605336558985,0.0,0.0,3.675e-09
6573.0,1.0839611713785107,0.392985853,0.421893026,0.19038569530109567,0.8935754760774149,0.0,0.0,0.0,0.0,0.0,0.0,0.0,0.0,0.0,0.1740387773138169,0.0,0.0,3.675e-09
6574.0,1.090683111338316,0.259908876,0.440867767,0.12591530126196745,0.9647678100763485,0.0,0.0,0.0,0.0,0.0,0.0,0.0,0.0,0.0,0.15086265286940442,0.0,0.0,3.675e-09
6575.0,1.089345844010298,0.127687038,0.45241967,0.06185918736002801,1.02748665665027,0.0,0.0,0.0,0.0,0.0,0.0,0.0,0.0,0.0,0.11737627883365857,0.0,0.0,3.675e-09
6576.0,1.093818236320252,0.039620768,0.48837183,0.0191946539715347,1.0746235823487174,0.0,0.0,0.0,0.0,0.0,0.0,0.0,0.0,0.0,0.16121748287609547,0.0,0.0,3.675e-09
6577.0,1.0897485816914534,0.00452559,0.520193297,0.0021924646707261637,1.087556117020727,0.0,0.0,0.0,0.0,0.0,0.0,0.0,0.0,0.0,0.22881022271530432,0.0,0.0,3.675e-09
6578.0,1.0551798770880996,7.3e-07,0.5341276,3.5365537082018025e-07,1.0551795234327288,0.0,0.0,0.0,0.0,0.0,0.0,0.0,0.0,0.0,0.29644803082234106,0.0,0.0,3.675e-09
6579.0,1.000124943726309,0.0,0.530334314,0.0,1.000124943726309,0.0,0.0,0.0,0.0,0.0,0.0,0.0,0.0,0.0,0.3419035748699219,0.0,0.0,3.675e-09
6580.0,0.9391179454470817,0.0,0.515548575,0.0,0.9391179454470817,0.0,0.0,0.0,0.0,0.0,0.0,0.0,0.0,0.0,0.3654947716769469,0.0,0.0,3.675e-09
6581.0,0.8790966529620814,0.0,0.496804184,0.0,0.8790966529620814,0.0,0.0,0.0,0.0,0.0,0.0,0.0,0.0,0.0,0.37808276289960707,0.0,0.0,3.675e-09
6582.0,0.8288879247689143,0.0,0.472904839,0.0,0.8288879247689143,0.0,0.0,0.0,0.0,0.0,0.0,0.0,0.0,0.0,0.3678134082701526,0.0,0.0,3.675e-09
6583.0,0.7923010810948391,0.0,0.455110151,0.0,0.7923010810948391,0.0,0.0,0.0,0.0,0.0,0.0,0.0,0.0,0.0,0.3593702055280305,0.0,0.0,3.675e-09
6584.0,0.7685617982323907,0.0,0.438114475,0.0,0.7685617982323907,0.0,0.0,0.0,0.0,0.0,0.0,0.0,0.0,0.0,0.34010136826189624,0.0,0.0,3.675e-09
6585.0,0.7604669896247013,0.0,0.416116952,0.0,0.7604669896247013,0.0,0.0,0.0,0.0,0.0,0.0,0.0,0.0,0.0,0.2925307175071417,0.0,0.0,3.675e-09
6586.0,0.7778826205434787,7.48e-06,0.400400819,3.6237564023766416e-06,0.7778789967870763,0.0,0.0,0.0,0.0,0.0,0.0,0.0,0.0,0.0,0.23534851608942894,0.0,0.0,3.675e-09
6587.0,0.8328596767680058,0.00153827,0.390736446,0.0007452293798240529,0.8321144473881816,0.0,0.0,0.0,0.0,0.0,0.0,0.0,0.0,0.0,0.15665705003171973,0.0,0.0,3.675e-09
6588.0,0.8879991627645163,0.021385366,0.380406056,0.010360341839527772,0.8776388209249883,0.0,0.0,0.0,0.0,0.0,0.0,0.0,0.0,0.0,0.0849912829960542,0.0,0.0,3.675e-09
6589.0,0.9127197017561706,0.09426881,0.392039214,0.04566941227031111,0.8670502894858594,0.0,0.0,0.0,0.0,0.0,0.0,0.0,0.0,0.0,0.12501790543778796,0.0,0.0,3.675e-09
6590.0,0.9362008770494389,0.216799832,0.455651854,0.10503071915029147,0.8311701578991474,0.0,0.0,0.0,0.0,0.0,0.0,0.0,0.0,0.0,0.32187192607817955,0.0,0.0,3.675e-09
6591.0,0.9610793971479804,0.354716765,0.497491225,0.17184587542768454,0.7892335217202958,0.0,0.0,0.0,0.0,0.0,0.0,0.0,0.0,0.0,0.46968447411086633,0.0,0.0,3.675e-09
6592.0,0.977400293480422,0.472270738,0.541141438,0.2287960040752194,0.7486042894052026,0.0,0.0,0.0,0.0,0.0,0.0,0.0,0.0,0.0,0.6207720138414587,0.0,0.0,3.675e-09
6593.0,0.9896648851790525,0.552993222,0.581146006,0.2679027712156935,0.721762113963359,0.0,0.0,0.0,0.0,0.0,0.0,0.0,0.0,0.0,0.7488470714726342,0.0,0.0,3.675e-09
6594.0,1.002692675422671,0.585457081,0.621281721,0.28363019326076067,0.7190624821619104,0.0,0.0,0.0,0.0,0.0,0.0,0.0,0.0,0.0,0.853111457283665,0.0,0.0,3.675e-09
6595.0,1.0127277459638182,0.566577904,0.6642343,0.2744839982707404,0.7382437476930779,0.0,0.0,0.0,0.0,0.0,0.0,0.0,0.0,0.0,0.9426231132617359,0.0,0.0,3.675e-09
6596.0,1.016966506861981,0.499712359,0.703348507,0.24209035565146853,0.7748761512105126,0.0,0.0,0.0,0.0,0.0,0.0,0.0,0.0,0.0,1.0049705039808026,0.0,0.0,3.675e-09
6597.0,1.023425887587736,0.391812978,0.730714452,0.18981748496814949,0.8336084026195865,0.0,0.0,0.0,0.0,0.0,0.0,0.0,0.0,0.0,1.0154886813273833,0.0,0.0,3.675e-09
6598.0,1.0270060270681494,0.260860206,0.733064453,0.12637618203446382,0.9006298450336856,0.0,0.0,0.0,0.0,0.0,0.0,0.0,0.0,0.0,0.9544139941532812,0.0,0.0,3.675e-09
6599.0,1.0247119787683898,0.130283171,0.700303136,0.06311690842689582,0.9615950703414939,0.0,0.0,0.0,0.0,0.0,0.0,0.0,0.0,0.0,0.8105451728304289,0.0,0.0,3.675e-09
6600.0,1.0233257601255183,0.042130815,0.675093291,0.020410669865453986,1.0029150902600643,0.0,0.0,0.0,0.0,0.0,0.0,0.0,0.0,0.0,0.7054308065038102,0.0,0.0,3.675e-09
6601.0,1.0143698483432841,0.00492616,0.658450423,0.002386524577424026,1.0119833237658602,0.0,0.0,0.0,0.0,0.0,0.0,0.0,0.0,0.0,0.6542472451800362,0.0,0.0,3.675e-09
6602.0,0.9862538509680786,3e-07,0.630635105,1.453378236247316e-07,0.986253705630255,0.0,0.0,0.0,0.0,0.0,0.0,0.0,0.0,0.0,0.6095892813236844,0.0,0.0,3.675e-09
6603.0,0.9433188791929432,0.0,0.606558947,0.0,0.9433188791929432,0.0,0.0,0.0,0.0,0.0,0.0,0.0,0.0,0.0,0.5915985937950478,0.0,0.0,3.675e-09
6604.0,0.8928253414407716,0.0,0.582542337,0.0,0.8928253414407716,0.0,0.0,0.0,0.0,0.0,0.0,0.0,0.0,0.0,0.5813173057643957,0.0,0.0,3.675e-09
6605.0,0.8415819551385995,0.0,0.557016774,0.0,0.8415819551385995,0.0,0.0,0.0,0.0,0.0,0.0,0.0,0.0,0.0,0.5679674108194017,0.0,0.0,3.675e-09
6606.0,0.7997706447721347,0.0,0.534955775,0.0,0.7997706447721347,0.0,0.0,0.0,0.0,0.0,0.0,0.0,0.0,0.0,0.5539526337064076,0.0,0.0,3.675e-09
6607.0,0.7679343274695616,0.0,0.514153821,0.0,0.7679343274695615,0.0,0.0,0.0,0.0,0.0,0.0,0.0,0.0,0.0,0.5331489185359414,0.0,0.0,3.675e-09
6608.0,0.7457192178645037,0.0,0.489929817,0.0,0.7457192178645037,0.0,0.0,0.0,0.0,0.0,0.0,0.0,0.0,0.0,0.49406438498310035,0.0,0.0,3.675e-09
6609.0,0.7339686174716479,0.0,0.457525765,0.0,0.7339686174716479,0.0,0.0,0.0,0.0,0.0,0.0,0.0,0.0,0.0,0.4238154602574,0.0,0.0,3.675e-09
6610.0,0.7341866750558657,5.56e-06,0.428286273,2.693594331178359e-06,0.7341839814615344,0.0,0.0,0.0,0.0,0.0,0.0,0.0,0.0,0.0,0.34960859487417467,0.0,0.0,3.675e-09
6611.0,0.7499735535901646,0.001719587,0.404766449,0.0008330701070446045,0.74914048348312,0.0,0.0,0.0,0.0,0.0,0.0,0.0,0.0,0.0,0.27513440047041343,0.0,0.0,3.675e-09
6612.0,0.7768457376019632,0.019851238,0.386560533,0.009617119090588567,0.7672286185113745,0.0,0.0,0.0,0.0,0.0,0.0,0.0,0.0,0.0,0.21097559297353308,0.0,0.0,3.675e-09
6613.0,0.8064881340669944,0.084209991,0.374895268,0.040796322731327446,0.765691811335667,0.0,0.0,0.0,0.0,0.0,0.0,0.0,0.0,0.0,0.1829930613214264,0.0,0.0,3.675e-09
6614.0,0.8441808384898069,0.195228977,0.420336782,0.09458051541887592,0.7496003230709309,0.0,0.0,0.0,0.0,0.0,0.0,0.0,0.0,0.0,0.314075803416647,0.0,0.0,3.675e-09
6615.0,0.8762685878641039,0.325310432,0.436275291,0.15759970063100412,0.7186688872330997,0.0,0.0,0.0,0.0,0.0,0.0,0.0,0.0,0.0,0.3853401633313138,0.0,0.0,3.675e-09
6616.0,0.8967192163025994,0.438392156,0.432176212,0.2123832061573127,0.6843360101452868,0.0,0.0,0.0,0.0,0.0,0.0,0.0,0.0,0.0,0.40930018546186875,0.0,0.0,3.675e-09
6617.0,0.9092152155804352,0.516474254,0.436533363,0.2502108134485561,0.6590044021318792,0.0,0.0,0.0,0.0,0.0,0.0,0.0,0.0,0.0,0.44565770816242234,0.0,0.0,3.675e-09
6618.0,0.9161997137743663,0.547973774,0.451494788,0.2654710523886351,0.650728661385731,0.0,0.0,0.0,0.0,0.0,0.0,0.0,0.0,0.0,0.4917938296133319,0.0,0.0,3.675e-09
6619.0,0.9215621340813501,0.525738469,0.471181328,0.25469894960086137,0.6668631844804888,0.0,0.0,0.0,0.0,0.0,0.0,0.0,0.0,0.0,0.5254767469802629,0.0,0.0,3.675e-09
6620.0,0.9266108210067691,0.459928023,0.489681994,0.22281645962281832,0.7037943613839507,0.0,0.0,0.0,0.0,0.0,0.0,0.0,0.0,0.0,0.5353621171671777,0.0,0.0,3.675e-09
6621.0,0.9335908685357545,0.361123819,0.498961098,0.174949833041705,0.7586410354940496,0.0,0.0,0.0,0.0,0.0,0.0,0.0,0.0,0.0,0.5039965225691626,0.0,0.0,3.675e-09
6622.0,0.941245113309912,0.24177211,0.500036949,0.1171287742685307,0.8241163390413814,0.0,0.0,0.0,0.0,0.0,0.0,0.0,0.0,0.0,0.44124369555341775,0.0,0.0,3.675e-09
6623.0,0.9470436487853315,0.123556007,0.486153097,0.05985787051047367,0.8871857782748579,0.0,0.0,0.0,0.0,0.0,0.0,0.0,0.0,0.0,0.34304070972470924,0.0,0.0,3.675e-09
6624.0,0.956504650543449,0.041630115,0.480093206,0.02016810103782431,0.9363365495056246,0.0,0.0,0.0,0.0,0.0,0.0,0.0,0.0,0.0,0.27855518393083384,0.0,0.0,3.675e-09
6625.0,0.9537566874152456,0.004638797,0.477551434,0.00224730886738978,0.9515093785478559,0.0,0.0,0.0,0.0,0.0,0.0,0.0,0.0,0.0,0.25695031679164976,0.0,0.0,3.675e-09
6626.0,0.9313146208959282,1.02e-07,0.470297261,4.941486003240874e-08,0.9313145714810682,0.0,0.0,0.0,0.0,0.0,0.0,0.0,0.0,0.0,0.2587881992019823,0.0,0.0,3.675e-09
6627.0,0.895355247984682,0.0,0.456677763,0.0,0.895355247984682,0.0,0.0,0.0,0.0,0.0,0.0,0.0,0.0,0.0,0.26028293264175695,0.0,0.0,3.675e-09
6628.0,0.8517149283094538,0.0,0.432457283,0.0,0.8517149283094538,0.0,0.0,0.0,0.0,0.0,0.0,0.0,0.0,0.0,0.24263252675761732,0.0,0.0,3.675e-09
6629.0,0.806216675502902,0.0,0.402221188,0.0,0.806216675502902,0.0,0.0,0.0,0.0,0.0,0.0,0.0,0.0,0.0,0.21161734132380494,0.0,0.0,3.675e-09
6630.0,0.7688399312940144,0.0,0.375015698,0.0,0.7688399312940144,0.0,0.0,0.0,0.0,0.0,0.0,0.0,0.0,0.0,0.1801496934604409,0.0,0.0,3.675e-09
6631.0,0.7393443897734687,0.0,0.351745467,0.0,0.7393443897734687,0.0,0.0,0.0,0.0,0.0,0.0,0.0,0.0,0.0,0.15075914593881665,0.0,0.0,3.675e-09
6632.0,0.7199729210938108,0.0,0.327217838,0.0,0.7199729210938108,0.0,0.0,0.0,0.0,0.0,0.0,0.0,0.0,0.0,0.10806263835784753,0.0,0.0,3.675e-09
6633.0,0.708262371685842,0.0,0.295508978,0.0,0.708262371685842,0.0,0.0,0.0,0.0,0.0,0.0,0.0,0.0,0.0,0.039532868991769776,0.0,0.0,3.675e-09
6634.0,0.7071542861045942,5.36e-06,0.271895813,2.5967024487618715e-06,0.6880413458083495,0.0,0.01911034359379602,0.0,0.0,0.0,0.0,0.0,0.0,0.0,0.0,0.0,0.0,0.006839048849999999
6635.0,0.7171092546759672,0.00243089,0.260937819,0.0011776675402370791,0.6603117796339716,0.0,0.055619807501758545,0.0,0.0,0.0,0.0,0.0,0.0,0.0,0.0,0.0,0.0,0.006839048849999999
6636.0,0.7333211222163,0.024409435,0.253426293,0.011825380529364502,0.6413036147009042,0.0,0.08019212698603113,0.0,0.0,0.0,0.0,0.0,0.0,0.0,0.0,0.0,0.0,0.006839048849999999
6637.0,0.7593322030535539,0.090094602,0.248898675,0.0436471779167213,0.6298463276332799,0.0,0.08583869750355261,0.0,0.0,0.0,0.0,0.0,0.0,0.0,0.0,0.0,0.0,0.006839048849999999
6638.0,0.7942635933532509,0.20253638,0.244113001,0.09812065558010538,0.6177360213242966,0.0,0.07840691644884899,0.0,0.0,0.0,0.0,0.0,0.0,0.0,0.0,0.0,0.0,0.006839048849999999
6639.0,0.8222683381037618,0.337737792,0.255087965,0.16362025215034096,0.6455085306448363,0.0,0.013139555308584473,0.0,0.0,0.0,0.0,0.0,0.0,0.0,0.0,0.0,0.0,0.006839048849999999
6640.0,0.839786322317192,0.453858529,0.272085609,0.21987603612794043,0.6199102861892516,0.0,0.0,0.0,0.0,0.0,0.0,0.0,0.0,0.0,0.06861134467324487,0.0,0.0,3.675e-09
6641.0,0.8562496239290982,0.533246814,0.275194944,0.2583364380052735,0.5979131859238247,0.0,0.0,0.0,0.0,0.0,0.0,0.0,0.0,0.0,0.0984767199752168,0.0,0.0,3.675e-09
6642.0,0.8675262840010667,0.56573211,0.274204315,0.2740742454067575,0.5934520385943091,0.0,0.0,0.0,0.0,0.0,0.0,0.0,0.0,0.0,0.10043104786225428,0.0,0.0,3.675e-09
6643.0,0.8785047845190432,0.546507358,0.272063439,0.26476063335540684,0.6137441511636363,0.0,0.0,0.0,0.0,0.0,0.0,0.0,0.0,0.0,0.07472137778074585,0.0,0.0,3.675e-09
6644.0,0.8862302309330083,0.477668747,0.266913195,0.23141112034177513,0.6548191105912331,0.0,0.0,0.0,0.0,0.0,0.0,0.0,0.0,0.0,0.020613555603617065,0.0,0.0,3.675e-09
6645.0,0.8985014981290949,0.369996042,0.259632723,0.17924806498014928,0.6570091910492436,0.0,0.062244242099701905,0.0,0.0,0.0,0.0,0.0,0.0,0.0,0.0,0.0,0.0,0.006839048849999999
6646.0,0.9144797332577119,0.244025914,0.249403012,0.11822065082931975,0.6311225690891237,0.0,0.16513651333926854,0.0,0.0,0.0,0.0,0.0,0.0,0.0,0.0,0.0,0.0,0.006839048849999999
6647.0,0.9287068382146788,0.121735498,0.246050936,0.058975907790642886,0.6226400299251539,0.0,0.24709090049888197,0.0,0.0,0.0,0.0,0.0,0.0,0.0,0.0,0.0,0.0,0.006839048849999999
6648.0,0.9512245570387495,0.039826557,0.252740714,0.019294350389487732,0.6395687343707759,0.0,0.29236147227848586,0.0,0.0,0.0,0.0,0.0,0.0,0.0,0.0,0.0,0.0,0.006839048849999999
6649.0,0.9596041742055187,0.00418837,0.253889823,0.002029095267783724,0.642476592693848,0.0,0.315098486243887,0.0,0.0,0.0,0.0,0.0,0.0,0.0,0.0,0.0,0.0,0.006839048849999999
6650.0,0.9353419997073292,2.28e-08,0.251702537,1.1045674595479601e-08,0.6369415931419874,0.0,0.29840039551966724,0.0,0.0,0.0,0.0,0.0,0.0,0.0,0.0,0.0,0.0,0.006839048849999999
6651.0,0.8933259827515588,0.0,0.245585438,0.0,0.6214620718431327,0.0,0.27186391090842615,0.0,0.0,0.0,0.0,0.0,0.0,0.0,0.0,0.0,0.0,0.006839048849999999
6652.0,0.8430616277460821,0.0,0.235830564,0.0,0.5967770406133547,0.0,0.2462845871327273,0.0,0.0,0.0,0.0,0.0,0.0,0.0,0.0,0.0,0.0,0.006839048849999999
6653.0,0.7950379180606408,0.0,0.223360661,0.0,0.5652215387188861,0.0,0.22981637934175475,0.0,0.0,0.0,0.0,0.0,0.0,0.0,0.0,0.0,0.0,0.006839048849999999
6654.0,0.7589739660223066,0.0,0.213058308,0.0,0.5391510937756508,0.0,0.21982287224665575,0.0,0.0,0.0,0.0,0.0,0.0,0.0,0.0,0.0,0.0,0.006839048849999999
6655.0,0.7334168000134967,0.0,0.203434841,0.0,0.5147985923047208,0.0,0.21861820770877594,0.0,0.0,0.0,0.0,0.0,0.0,0.0,0.0,0.0,0.0,0.006839048849999999
6656.0,0.7190673172693582,0.0,0.194358043,0.0,0.491829454815463,0.0,0.22723786245389532,0.0,0.0,0.0,0.0,0.0,0.0,0.0,0.0,0.0,0.0,0.006839048849999999
6657.0,0.7189516129797933,0.0,0.179855668,0.0,0.45513071531550103,0.0,0.2638208976642922,0.0,0.0,0.0,0.0,0.0,0.0,0.0,0.0,0.0,0.0,0.006839048849999999
6658.0,0.7446890104204442,1.58e-06,0.167367613,7.65445871090253e-07,0.42352927918478467,0.0,0.3211589657897885,0.0,0.0,0.0,0.0,0.0,0.0,0.0,0.0,0.0,0.0,0.006839048849999999
6659.0,0.8056047805674955,0.001935074,0.157198386,0.000937464812376013,0.39779571398674096,0.0,0.40687160176837855,0.0,0.0,0.0,0.0,0.0,0.0,0.0,0.0,0.0,0.0,0.006839048849999999
6660.0,0.8648650983400935,0.026088216,0.145286306,0.01263868178563967,0.36765180163978356,0.0,0.4845746149146703,0.0,0.0,0.0,0.0,0.0,0.0,0.0,0.0,0.0,0.0,0.006839048849999999
6661.0,0.8948790818313593,0.095843283,0.134987138,0.04643218053423079,0.34158941644436946,0.0,0.506857484852759,0.0,0.0,0.0,0.0,0.0,0.0,0.0,0.0,0.0,0.0,0.006839048849999999
6662.0,0.9193481887512895,0.21232536,0.132368243,0.10286301907579214,0.3349622160456242,0.0,0.48152295362987324,0.0,0.0,0.0,0.0,0.0,0.0,0.0,0.0,0.0,0.0,0.006839048849999999
6663.0,0.9451278620093382,0.353909826,0.142635581,0.17145494623415813,0.3609440543734885,0.0,0.41272886140169146,0.0,0.0,0.0,0.0,0.0,0.0,0.0,0.0,0.0,0.0,0.006839048849999999
6664.0,0.9639808897182006,0.476953024,0.153804858,0.23106438159798126,0.3892082791660425,0.0,0.34370822895417674,0.0,0.0,0.0,0.0,0.0,0.0,0.0,0.0,0.0,0.0,0.006839048849999999
6665.0,0.9786596836711763,0.558558025,0.15774468,0.27059869240542805,0.3991781290185128,0.0,0.3088828622472355,0.0,0.0,0.0,0.0,0.0,0.0,0.0,0.0,0.0,0.0,0.006839048849999999
6666.0,0.9934208044264365,0.591888163,0.155677219,0.2867457914655346,0.39394635059150823,0.0,0.3127286623693936,0.0,0.0,0.0,0.0,0.0,0.0,0.0,0.0,0.0,0.0,0.006839048849999999
6667.0,1.0047197158232837,0.57213576,0.150259121,0.2771765539209392,0.3802356744376186,0.0,0.3473074874647259,0.0,0.0,0.0,0.0,0.0,0.0,0.0,0.0,0.0,0.0,0.006839048849999999
6668.0,1.0042101741825302,0.501542289,0.143202812,0.24297688246342053,0.36237945117610204,0.0,0.3988538405430077,0.0,0.0,0.0,0.0,0.0,0.0,0.0,0.0,0.0,0.0,0.006839048849999999
6669.0,1.022531409925685,0.389937335,0.132883039,0.18890881206309293,0.3362649243468247,0.0,0.49735767351576743,0.0,0.0,0.0,0.0,0.0,0.0,0.0,0.0,0.0,0.0,0.006839048849999999
6670.0,1.0290797939511052,0.256080733,0.122684873,0.12406072135481995,0.31045812805233025,0.0,0.5945609445439548,0.0,0.0,0.0,0.0,0.0,0.0,0.0,0.0,0.0,0.0,0.006839048849999999
6671.0,1.031542947520304,0.125789109,0.122659203,0.0609397177925138,0.3103931692684783,0.0,0.6602100604593117,0.0,0.0,0.0,0.0,0.0,0.0,0.0,0.0,0.0,0.0,0.006839048849999999
6672.0,1.0459970093915307,0.037684378,0.139103488,0.018256551610572384,0.35200597623824237,0.0,0.6757344815427161,0.0,0.0,0.0,0.0,0.0,0.0,0.0,0.0,0.0,0.0,0.006839048849999999
6673.0,1.0438542657012775,0.003716504,0.157852786,0.0018004953428420315,0.39945169482634657,0.0,0.6426020755320888,0.0,0.0,0.0,0.0,0.0,0.0,0.0,0.0,0.0,0.0,0.006839048849999999
6674.0,1.0120557745510812,2.4e-09,0.158416489,1.1627025889978526e-09,0.40087816390829667,0.0,0.6111776094800818,0.0,0.0,0.0,0.0,0.0,0.0,0.0,0.0,0.0,0.0,0.006839048849999999
6675.0,0.9590034054325141,0.0,0.148978171,0.0,0.3769941881043472,0.0,0.5820092173281668,0.0,0.0,0.0,0.0,0.0,0.0,0.0,0.0,0.0,0.0,0.006839048849999999
6676.0,0.8972599085982736,0.0,0.138336445,0.0,0.35006494856227416,0.0,0.5471949600359995,0.0,0.0,0.0,0.0,0.0,0.0,0.0,0.0,0.0,0.0,0.006839048849999999
6677.0,0.8379417391808556,0.0,0.127404555,0.0,0.3224014394230995,0.0,0.5155402997577561,0.0,0.0,0.0,0.0,0.0,0.0,0.0,0.0,0.0,0.0,0.006839048849999999
6678.0,0.7941056132462885,0.0,0.119484405,0.0,0.3023592379457123,0.0,0.4917463753005762,0.0,0.0,0.0,0.0,0.0,0.0,0.0,0.0,0.0,0.0,0.006839048849999999
6679.0,0.7623160234259833,0.0,0.113823265,0.0,0.2880335359739446,0.0,0.4742824874520387,0.0,0.0,0.0,0.0,0.0,0.0,0.0,0.0,0.0,0.0,0.006839048849999999
6680.0,0.7433250421025267,0.0,0.107801882,0.0,0.2727962271782129,0.0,0.47052881492431387,0.0,0.0,0.0,0.0,0.0,0.0,0.0,0.0,0.0,0.0,0.006839048849999999
6681.0,0.7390373298895102,0.0,0.099219958,0.0,0.25107938471037766,0.0,0.48795794517913255,0.0,0.0,0.0,0.0,0.0,0.0,0.0,0.0,0.0,0.0,0.006839048849999999
6682.0,0.7616396013483007,1.75e-06,0.091726809,8.478039711442676e-07,0.23211772338349848,0.0,0.529521030160831,0.0,0.0,0.0,0.0,0.0,0.0,0.0,0.0,0.0,0.0,0.006839048849999999
6683.0,0.8197540073872742,0.002504788,0.086921783,0.0012134681218711474,0.21995844619858607,0.0,0.598582093066817,0.0,0.0,0.0,0.0,0.0,0.0,0.0,0.0,0.0,0.0,0.006839048849999999
6684.0,0.8776147555220885,0.027899336,0.077331789,0.013516095916050417,0.19569064926103633,0.0,0.6684080103450017,0.0,0.0,0.0,0.0,0.0,0.0,0.0,0.0,0.0,0.0,0.006839048849999999
6685.0,0.9025600275954166,0.106307039,0.065233747,0.05150144561416488,0.16507615392371408,0.0,0.6859824280575376,0.0,0.0,0.0,0.0,0.0,0.0,0.0,0.0,0.0,0.0,0.006839048849999999
6686.0,0.9253914818009018,0.241403876,0.050749194,0.11695037984138192,0.1284225135840875,0.0,0.6800185883754324,0.0,0.0,0.0,0.0,0.0,0.0,0.0,0.0,0.0,0.0,0.006839048849999999
6687.0,0.9529445365554793,0.397511406,0.054015365,0.19257814204682358,0.13668766730486293,0.0,0.6236787272037927,0.0,0.0,0.0,0.0,0.0,0.0,0.0,0.0,0.0,0.0,0.006839048849999999
6688.0,0.9739225072946616,0.526417826,0.056241886,0.2550280704936755,0.14232195232164083,0.0,0.5765724844793452,0.0,0.0,0.0,0.0,0.0,0.0,0.0,0.0,0.0,0.0,0.006839048849999999
6689.0,0.9955946987716101,0.607332198,0.059311833,0.2942277995818152,0.15009055472170907,0.0,0.5512763444680858,0.0,0.0,0.0,0.0,0.0,0.0,0.0,0.0,0.0,0.0,0.006839048849999999
6690.0,1.0187309880285433,0.633194788,0.065544652,0.30675717472814434,0.16586290930717615,0.0,0.5461109039932228,0.0,0.0,0.0,0.0,0.0,0.0,0.0,0.0,0.0,0.0,0.006839048849999999
6691.0,1.0381002318756907,0.600312688,0.073123086,0.29082713189410847,0.1850403871467476,0.0,0.5622327128348347,0.0,0.0,0.0,0.0,0.0,0.0,0.0,0.0,0.0,0.0,0.006839048849999999
6692.0,1.053964988547178,0.514675147,0.079526938,0.2493392191290627,0.20124554639440945,0.0,0.6033802230237059,0.0,0.0,0.0,0.0,0.0,0.0,0.0,0.0,0.0,0.0,0.006839048849999999
6693.0,1.065399628726109,0.390442246,0.081203288,0.18915342094930687,0.20548760550271142,0.0,0.6707586022740906,0.0,0.0,0.0,0.0,0.0,0.0,0.0,0.0,0.0,0.0,0.006839048849999999
6694.0,1.0705195172913353,0.248369143,0.079537076,0.12032476899719913,0.20127120093865136,0.0,0.7489235473554848,0.0,0.0,0.0,0.0,0.0,0.0,0.0,0.0,0.0,0.0,0.006839048849999999
6695.0,1.0684991523881786,0.115349924,0.085119336,0.05588235636479398,0.21539729446202652,0.0,0.7972195015613581,0.0,0.0,0.0,0.0,0.0,0.0,0.0,0.0,0.0,0.0,0.006839048849999999
6696.0,1.0756905820039258,0.032911431,0.114941694,0.015944252513051746,0.29086375754249477,0.0,0.7688825719483793,0.0,0.0,0.0,0.0,0.0,0.0,0.0,0.0,0.0,0.0,0.006839048849999999
6697.0,1.0713583691410014,0.002945417,0.151760109,0.0014269349881576201,0.38403397420607505,0.0,0.6858974599467687,0.0,0.0,0.0,0.0,0.0,0.0,0.0,0.0,0.0,0.0,0.006839048849999999
6698.0,1.0358195335709188,0.0,0.170150657,0.0,0.43057186405608555,0.0,0.6052476695148332,0.0,0.0,0.0,0.0,0.0,0.0,0.0,0.0,0.0,0.0,0.006839048849999999
6699.0,0.9778853589637865,0.0,0.175084712,0.0,0.44305765339221054,0.0,0.534827705571576,0.0,0.0,0.0,0.0,0.0,0.0,0.0,0.0,0.0,0.0,0.006839048849999999
6700.0,0.9102854740093818,0.0,0.174972302,0.0,0.4427731961700527,0.0,0.467512277839329,0.0,0.0,0.0,0.0,0.0,0.0,0.0,0.0,0.0,0.0,0.006839048849999999
6701.0,0.8477609769702955,0.0,0.172406369,0.0,0.43628001786364734,0.0,0.41148095910664817,0.0,0.0,0.0,0.0,0.0,0.0,0.0,0.0,0.0,0.0,0.006839048849999999
6702.0,0.8024985814079698,0.0,0.167619553,0.0,0.4241668216859006,0.0,0.3783317597220693,0.0,0.0,0.0,0.0,0.0,0.0,0.0,0.0,0.0,0.0,0.006839048849999999
6703.0,0.7683771171355287,0.0,0.165650349,0.0,0.4191836858465444,0.0,0.3491934312889843,0.0,0.0,0.0,0.0,0.0,0.0,0.0,0.0,0.0,0.0,0.006839048849999999
6704.0,0.7471254629997436,0.0,0.164916724,0.0,0.4173272235246378,0.0,0.3297982394751057,0.0,0.0,0.0,0.0,0.0,0.0,0.0,0.0,0.0,0.0,0.006839048849999999
6705.0,0.7440748906525274,0.0,0.159798429,0.0,0.40437520877609096,0.0,0.3396996818764365,0.0,0.0,0.0,0.0,0.0,0.0,0.0,0.0,0.0,0.0,0.006839048849999999
6706.0,0.7640738290950895,6.66e-07,0.157967985,3.2264996844690415e-07,0.39974320970523064,0.0,0.3643302967398903,0.0,0.0,0.0,0.0,0.0,0.0,0.0,0.0,0.0,0.0,0.006839048849999999
6707.0,0.8222282871188747,0.001958387,0.156307495,0.0009487590146498906,0.39554128485138484,0.0,0.42573824325284004,0.0,0.0,0.0,0.0,0.0,0.0,0.0,0.0,0.0,0.0,0.006839048849999999
6708.0,0.8776370068469671,0.029268888,0.148365692,0.014179588272786743,0.3754442897414793,0.0,0.4880131288327011,0.0,0.0,0.0,0.0,0.0,0.0,0.0,0.0,0.0,0.0,0.006839048849999999
6709.0,0.9052746142362642,0.11181935,0.127585497,0.054171936560440434,0.32285931913746363,0.0,0.5282433585383601,0.0,0.0,0.0,0.0,0.0,0.0,0.0,0.0,0.0,0.0,0.006839048849999999
6710.0,0.9321401227506068,0.24285657,0.104961124,0.1176541511225576,0.2656075951214337,0.0,0.5488783765066155,0.0,0.0,0.0,0.0,0.0,0.0,0.0,0.0,0.0,0.0,0.006839048849999999
6711.0,0.9630953113861914,0.389147622,0.092877226,0.18852622816739908,0.23502889164382323,0.0,0.5395401915749691,0.0,0.0,0.0,0.0,0.0,0.0,0.0,0.0,0.0,0.0,0.006839048849999999
6712.0,0.992670955876436,0.506563263,0.107818204,0.24540934057554176,0.27283753053894644,0.0,0.47442408476194775,0.0,0.0,0.0,0.0,0.0,0.0,0.0,0.0,0.0,0.0,0.006839048849999999
6713.0,1.0212809190649723,0.578681701,0.12630109,0.2803477966493256,0.3196090847513767,0.0,0.42132403766427,0.0,0.0,0.0,0.0,0.0,0.0,0.0,0.0,0.0,0.0,0.006839048849999999
6714.0,1.050173466980003,0.596844253,0.141950915,0.28914681591316227,0.35921148442005113,0.0,0.4018151666467894,0.0,0.0,0.0,0.0,0.0,0.0,0.0,0.0,0.0,0.0,0.006839048849999999
6715.0,1.0747983291743852,0.561246642,0.154985761,0.2719012182165629,0.392196593257474,0.0,0.4107005177003484,0.0,0.0,0.0,0.0,0.0,0.0,0.0,0.0,0.0,0.0,0.006839048849999999
6716.0,1.0917934217520744,0.477331642,0.16529201,0.2312478066516651,0.41827689715754157,0.0,0.4422687179428676,0.0,0.0,0.0,0.0,0.0,0.0,0.0,0.0,0.0,0.0,0.006839048849999999
6717.0,1.1048278884930738,0.355869201,0.172198263,0.1724041838947072,0.43575339874902785,0.0,0.49667030584933863,0.0,0.0,0.0,0.0,0.0,0.0,0.0,0.0,0.0,0.0,0.006839048849999999
6718.0,1.1103060130896225,0.222171474,0.172737947,0.1076330616755288,0.4371190869572212,0.0,0.5655538644568726,0.0,0.0,0.0,0.0,0.0,0.0,0.0,0.0,0.0,0.0,0.006839048849999999
6719.0,1.1026139421630885,0.102888229,0.179045067,0.04984517093154331,0.4530794626801631,0.0,0.5996893085513819,0.0,0.0,0.0,0.0,0.0,0.0,0.0,0.0,0.0,0.0,0.006839048849999999
6720.0,1.1067436742691423,0.029007019,0.210420599,0.014052723371004128,0.532476283927767,0.0,0.5602146669703711,0.0,0.0,0.0,0.0,0.0,0.0,0.0,0.0,0.0,0.0,0.006839048849999999
6721.0,1.0981504501831012,0.00216789,0.239415441,0.001050254714859398,0.6058486904060546,0.0,0.49125150506218723,0.0,0.0,0.0,0.0,0.0,0.0,0.0,0.0,0.0,0.0,0.006839048849999999
6722.0,1.059383036666396,0.0,0.245821158,0.0,0.6220585690978879,0.0,0.4373244675685082,0.0,0.0,0.0,0.0,0.0,0.0,0.0,0.0,0.0,0.0,0.006839048849999999
6723.0,0.9994596478110278,0.0,0.242864079,0.0,0.6145755829041227,0.0,0.38488406490690513,0.0,0.0,0.0,0.0,0.0,0.0,0.0,0.0,0.0,0.0,0.006839048849999999
6724.0,0.933410638103838,0.0,0.23431685,0.0,0.5929465372810767,0.0,0.34046410082276135,0.0,0.0,0.0,0.0,0.0,0.0,0.0,0.0,0.0,0.0,0.006839048849999999
6725.0,0.8678956451948662,0.0,0.224322203,0.0,0.5676547525460194,0.0,0.3002408926488468,0.0,0.0,0.0,0.0,0.0,0.0,0.0,0.0,0.0,0.0,0.006839048849999999
6726.0,0.8198875123367723,0.0,0.213430022,0.0,0.5400917283444363,0.0,0.27979578399233596,0.0,0.0,0.0,0.0,0.0,0.0,0.0,0.0,0.0,0.0,0.006839048849999999
6727.0,0.7838814119432582,0.0,0.203474744,0.0,0.5148995681657275,0.0,0.2689818437775307,0.0,0.0,0.0,0.0,0.0,0.0,0.0,0.0,0.0,0.0,0.006839048849999999
6728.0,0.7615305735561165,0.0,0.197990543,0.0,0.5010216161844533,0.0,0.2605089573716633,0.0,0.0,0.0,0.0,0.0,0.0,0.0,0.0,0.0,0.0,0.006839048849999999
6729.0,0.7556185596235672,0.0,0.188295762,0.0,0.4764886522783221,0.0,0.27912990734524507,0.0,0.0,0.0,0.0,0.0,0.0,0.0,0.0,0.0,0.0,0.006839048849999999
6730.0,0.7752503617048403,4.86e-07,0.181521105,2.3544727427206517e-07,0.4593451587164335,0.0,0.31590496754113256,0.0,0.0,0.0,0.0,0.0,0.0,0.0,0.0,0.0,0.0,0.006839048849999999
6731.0,0.8315713607548415,0.002162849,0.181006985,0.0010478125549630904,0.45804416105558693,0.0,0.3724793871442915,0.0,0.0,0.0,0.0,0.0,0.0,0.0,0.0,0.0,0.0,0.006839048849999999
6732.0,0.8879146101297964,0.026802354,0.175039716,0.012984652661265398,0.44294378952628927,0.0,0.43198616794224176,0.0,0.0,0.0,0.0,0.0,0.0,0.0,0.0,0.0,0.0,0.006839048849999999
6733.0,0.9142950521608498,0.093645948,0.152716501,0.045367660911982625,0.3864541557879089,0.0,0.48247323546095827,0.0,0.0,0.0,0.0,0.0,0.0,0.0,0.0,0.0,0.0,0.006839048849999999
6734.0,0.9437994950112868,0.207175972,0.133561628,0.10036834959272778,0.33798211625080865,0.0,0.5054490291677503,0.0,0.0,0.0,0.0,0.0,0.0,0.0,0.0,0.0,0.0,0.006839048849999999
6735.0,0.9799168480294954,0.340429135,0.145949075,0.16492409859783314,0.3693289605106341,0.0,0.44566378892102815,0.0,0.0,0.0,0.0,0.0,0.0,0.0,0.0,0.0,0.0,0.006839048849999999
6736.0,1.0120980513684033,0.453655993,0.169642867,0.2197779156564549,0.42928688466955844,0.0,0.36303325104238976,0.0,0.0,0.0,0.0,0.0,0.0,0.0,0.0,0.0,0.0,0.006839048849999999
6737.0,1.0428930350645151,0.529502958,0.177350589,0.2565226917285922,0.448791530068407,0.0,0.3375788132675159,0.0,0.0,0.0,0.0,0.0,0.0,0.0,0.0,0.0,0.0,0.006839048849999999
6738.0,1.0741374829241253,0.555786398,0.179849018,0.26925595161849625,0.4551138872705998,0.0,0.34976764403502925,0.0,0.0,0.0,0.0,0.0,0.0,0.0,0.0,0.0,0.0,0.006839048849999999
6739.0,1.099109454987428,0.530486099,0.183236801,0.25699898363944634,0.4636867841788234,0.0,0.37842368716915825,0.0,0.0,0.0,0.0,0.0,0.0,0.0,0.0,0.0,0.0,0.006839048849999999
6740.0,1.113979605534722,0.457503525,0.187047512,0.22164188874714327,0.4733299143763696,0.0,0.419007802411209,0.0,0.0,0.0,0.0,0.0,0.0,0.0,0.0,0.0,0.0,0.006839048849999999
6741.0,1.1274145841244414,0.348815648,0.189546288,0.16898702375523486,0.47965314967353695,0.0,0.4787744106956696,0.0,0.0,0.0,0.0,0.0,0.0,0.0,0.0,0.0,0.0,0.006839048849999999
6742.0,1.1317734989771904,0.226909459,0.188924986,0.10992842310308423,0.47808092441741123,0.0,0.543764151456695,0.0,0.0,0.0,0.0,0.0,0.0,0.0,0.0,0.0,0.0,0.006839048849999999
6743.0,1.127681593023513,0.110847906,0.194841467,0.05370131137132942,0.49305277523325863,0.0,0.5809275064189248,0.0,0.0,0.0,0.0,0.0,0.0,0.0,0.0,0.0,0.0,0.006839048849999999
6744.0,1.1327681051013836,0.033303576,0.213140804,0.016134230849202815,0.5393598526316168,0.0,0.577274021620564,0.0,0.0,0.0,0.0,0.0,0.0,0.0,0.0,0.0,0.0,0.006839048849999999
6745.0,1.1221589667771315,0.002504596,0.230864632,0.0012133751056640275,0.5842105854746258,0.0,0.5367350061968416,0.0,0.0,0.0,0.0,0.0,0.0,0.0,0.0,0.0,0.0,0.006839048849999999
6746.0,1.0853473910213072,0.0,0.231630869,0.0,0.5861495735409412,0.0,0.49919781748036596,0.0,0.0,0.0,0.0,0.0,0.0,0.0,0.0,0.0,0.0,0.006839048849999999
6747.0,1.0271595575100907,0.0,0.229032943,0.0,0.5795754358900959,0.0,0.4475841216199949,0.0,0.0,0.0,0.0,0.0,0.0,0.0,0.0,0.0,0.0,0.006839048849999999
6748.0,0.9531603683072618,0.0,0.224386503,0.0,0.5678174658222825,0.0,0.38534290248497927,0.0,0.0,0.0,0.0,0.0,0.0,0.0,0.0,0.0,0.0,0.006839048849999999
6749.0,0.8905157183135144,0.0,0.220105399,0.0,0.556983990583348,0.0,0.33353172773016637,0.0,0.0,0.0,0.0,0.0,0.0,0.0,0.0,0.0,0.0,0.006839048849999999
6750.0,0.840436043404975,0.0,0.218593743,0.0,0.5531586950881237,0.0,0.2872773483168513,0.0,0.0,0.0,0.0,0.0,0.0,0.0,0.0,0.0,0.0,0.006839048849999999
6751.0,0.8031772283181629,0.0,0.218207664,0.0,0.5521817094118184,0.0,0.25099551890634436,0.0,0.0,0.0,0.0,0.0,0.0,0.0,0.0,0.0,0.0,0.006839048849999999
6752.0,0.7784633638240398,0.0,0.21761671,0.0,0.5506862807732361,0.0,0.2277770830508037,0.0,0.0,0.0,0.0,0.0,0.0,0.0,0.0,0.0,0.0,0.006839048849999999
6753.0,0.7698990655604087,0.0,0.215323337,0.0,0.5448828245598059,0.0,0.22501624100060286,0.0,0.0,0.0,0.0,0.0,0.0,0.0,0.0,0.0,0.0,0.006839048849999999
6754.0,0.7875550043883578,2.08e-07,0.215816041,1.0076755771314725e-07,0.5461296283244712,0.0,0.24142527529632885,0.0,0.0,0.0,0.0,0.0,0.0,0.0,0.0,0.0,0.0,0.006839048849999999
6755.0,0.8408009549337536,0.001384918,0.220642238,0.0006709365600623868,0.5583424794249633,0.0,0.28178753894872804,0.0,0.0,0.0,0.0,0.0,0.0,0.0,0.0,0.0,0.0,0.006839048849999999
6756.0,0.8959359912652431,0.018979722,0.221885775,0.009194904961608127,0.5614892909245669,0.0,0.3252517953790681,0.0,0.0,0.0,0.0,0.0,0.0,0.0,0.0,0.0,0.0,0.006839048849999999
6757.0,0.926283735630367,0.077385279,0.219761766,0.037490026768175484,0.5561144159136411,0.0,0.3326792929485504,0.0,0.0,0.0,0.0,0.0,0.0,0.0,0.0,0.0,0.0,0.006839048849999999
6758.0,0.956486849883516,0.187191213,0.226411355,0.09068654499697855,0.5729414207657989,0.0,0.2928588841207385,0.0,0.0,0.0,0.0,0.0,0.0,0.0,0.0,0.0,0.0,0.006839048849999999
6759.0,0.9918699301791464,0.322316563,0.220237801,0.1561492926154123,0.5573190382225984,0.0,0.27840159934113573,0.0,0.0,0.0,0.0,0.0,0.0,0.0,0.0,0.0,0.0,0.006839048849999999
6760.0,1.0213276455473155,0.441789844,0.221855869,0.21402924808823226,0.5614136128026396,0.0,0.24588478465644362,0.0,0.0,0.0,0.0,0.0,0.0,0.0,0.0,0.0,0.0,0.006839048849999999
6761.0,1.046831410576251,0.522442981,0.239012687,0.2531024194218567,0.6048295080908429,0.0,0.1888994830635515,0.0,0.0,0.0,0.0,0.0,0.0,0.0,0.0,0.0,0.0,0.006839048849999999
6762.0,1.0733275568968694,0.550551514,0.246686217,0.2667198627935365,0.6242476295030353,0.0,0.1823600646002976,0.0,0.0,0.0,0.0,0.0,0.0,0.0,0.0,0.0,0.0,0.006839048849999999
6763.0,1.0890944109386493,0.530100051,0.244072052,0.25681195905233073,0.617632398525701,0.0,0.21465005336061768,0.0,0.0,0.0,0.0,0.0,0.0,0.0,0.0,0.0,0.0,0.006839048849999999
6764.0,1.0993008115817464,0.463172646,0.240521814,0.2243883477738275,0.6086484038679386,0.0,0.26626405993998037,0.0,0.0,0.0,0.0,0.0,0.0,0.0,0.0,0.0,0.0,0.006839048849999999
6765.0,1.1041425660854245,0.361150434,0.238488425,0.1749627269289576,0.6035028457636221,0.0,0.32567699339284495,0.0,0.0,0.0,0.0,0.0,0.0,0.0,0.0,0.0,0.0,0.006839048849999999
6766.0,1.102633967655532,0.239898084,0.226535171,0.11622088473434349,0.5732547412481288,0.0,0.4131583416730597,0.0,0.0,0.0,0.0,0.0,0.0,0.0,0.0,0.0,0.0,0.006839048849999999
6767.0,1.0916665923000324,0.119869975,0.212455257,0.05807213761483662,0.5376250532785467,0.0,0.49596940140664897,0.0,0.0,0.0,0.0,0.0,0.0,0.0,0.0,0.0,0.0,0.006839048849999999
6768.0,1.0875235101989909,0.035453022,0.230067312,0.017175550194665764,0.582192940848962,0.0,0.488155019155363,0.0,0.0,0.0,0.0,0.0,0.0,0.0,0.0,0.0,0.0,0.006839048849999999
6769.0,1.0731473264649527,0.002819545,0.258358155,0.0013659551130399794,0.6537838545780112,0.0,0.4179975167739015,0.0,0.0,0.0,0.0,0.0,0.0,0.0,0.0,0.0,0.0,0.006839048849999999
6770.0,1.0388923572430135,0.0,0.277848739,0.0,0.703105421901855,0.0,0.33578693534115855,0.0,0.0,0.0,0.0,0.0,0.0,0.0,0.0,0.0,0.0,0.006839048849999999
6771.0,0.9892777223253951,0.0,0.29640881,0.0,0.7500722953091278,0.0,0.23920542701626735,0.0,0.0,0.0,0.0,0.0,0.0,0.0,0.0,0.0,0.0,0.006839048849999999
6772.0,0.9329856490978041,0.0,0.309973877,0.0,0.7843991459203228,0.0,0.14858650317748132,0.0,0.0,0.0,0.0,0.0,0.0,0.0,0.0,0.0,0.0,0.006839048849999999
6773.0,0.8733025681516075,0.0,0.316635884,0.0,0.8012575749321171,0.0,0.07204499321949023,0.0,0.0,0.0,0.0,0.0,0.0,0.0,0.0,0.0,0.0,0.006839048849999999
6774.0,0.8266294777890211,0.0,0.320698629,0.0,0.8115384855008878,0.0,0.015090992288133301,0.0,0.0,0.0,0.0,0.0,0.0,0.0,0.0,0.0,0.0,0.006839048849999999
6775.0,0.7961304278144661,0.0,0.324477182,0.0,0.7961304278144661,0.0,0.0,0.0,0.0,0.0,0.0,0.0,0.0,0.0,0.024969811001571654,0.0,0.0,3.675e-09
6776.0,0.7628856415440675,0.0,0.329559368,0.0,0.7628856415440675,0.0,0.0,0.0,0.0,0.0,0.0,0.0,0.0,0.0,0.07107523700196997,0.0,0.0,3.675e-09
6777.0,0.7486985885719123,0.0,0.32423094,0.0,0.7486985885719124,0.0,0.0,0.0,0.0,0.0,0.0,0.0,0.0,0.0,0.0717785267204303,0.0,0.0,3.675e-09
6778.0,0.7473412947515262,7.12e-08,0.322003602,3.449351014026963e-08,0.7473412602580161,0.0,0.0,0.0,0.0,0.0,0.0,0.0,0.0,0.0,0.0674995025720321,0.0,0.0,3.675e-09
6779.0,0.7610566332352291,0.001514341,0.323513827,0.0007336367505523323,0.7603229964846767,0.0,0.0,0.0,0.0,0.0,0.0,0.0,0.0,0.0,0.05833944064777564,0.0,0.0,3.675e-09
6780.0,0.7849027200572759,0.020579334,0.32399844,0.00996985205068814,0.7749328680065878,0.0,0.0,0.0,0.0,0.0,0.0,0.0,0.0,0.0,0.04495589834747803,0.0,0.0,3.675e-09
6781.0,0.8120797381205977,0.09360319,0.307439849,0.0453469463964408,0.766732791724157,0.0,0.0,0.0,0.0,0.0,0.0,0.0,0.0,0.0,0.011253912547290405,0.0,0.0,3.675e-09
6782.0,0.8461433507482187,0.229211994,0.264695438,0.11104390785548346,0.669820558769879,0.0,0.06527888412285608,0.0,0.0,0.0,0.0,0.0,0.0,0.0,0.0,0.0,0.0,0.006839048849999999
6783.0,0.8774278495927159,0.391071715,0.267660281,0.189458373130971,0.6773231920223832,0.0,0.010646284439361694,0.0,0.0,0.0,0.0,0.0,0.0,0.0,0.0,0.0,0.0,0.006839048849999999
6784.0,0.9006687169768123,0.52604347,0.293564631,0.25484671020600597,0.6458220067708063,0.0,0.0,0.0,0.0,0.0,0.0,0.0,0.0,0.0,0.09705299952791724,0.0,0.0,3.675e-09
6785.0,0.918322430972251,0.616918647,0.350283808,0.2988720450283135,0.6194503859439375,0.0,0.0,0.0,0.0,0.0,0.0,0.0,0.0,0.0,0.2669543733349172,0.0,0.0,3.675e-09
6786.0,0.9338979284197129,0.653257062,0.392684851,0.3164765321952212,0.6174213962244917,0.0,0.0,0.0,0.0,0.0,0.0,0.0,0.0,0.0,0.37628060447748757,0.0,0.0,3.675e-09
6787.0,0.9486345740175087,0.631408866,0.431473212,0.3058919680059993,0.6427426060115092,0.0,0.0,0.0,0.0,0.0,0.0,0.0,0.0,0.0,0.44911462484894277,0.0,0.0,3.675e-09
6788.0,0.962461166125831,0.552831755,0.457946998,0.2678245470078028,0.6946366191180281,0.0,0.0,0.0,0.0,0.0,0.0,0.0,0.0,0.0,0.46421340264679223,0.0,0.0,3.675e-09
6789.0,0.9780032870859372,0.426564881,0.462247363,0.20665337146427543,0.7713499156216619,0.0,0.0,0.0,0.0,0.0,0.0,0.0,0.0,0.0,0.3983823219795132,0.0,0.0,3.675e-09
6790.0,0.9881763122416034,0.274467949,0.44133628,0.13296858120801275,0.8552077310335906,0.0,0.0,0.0,0.0,0.0,0.0,0.0,0.0,0.0,0.2616083195513833,0.0,0.0,3.675e-09
6791.0,0.992884562795708,0.128207457,0.425904979,0.06211130924280454,0.9307732535529034,0.0,0.0,0.0,0.0,0.0,0.0,0.0,0.0,0.0,0.14699337957151637,0.0,0.0,3.675e-09
6792.0,1.000694561844393,0.033819548,0.431142112,0.016384198340973814,0.9843103635034192,0.0,0.0,0.0,0.0,0.0,0.0,0.0,0.0,0.0,0.10670900785826551,0.0,0.0,3.675e-09
6793.0,0.9952342379077772,0.002132222,0.456435733,0.0010329750165492416,0.994201262891228,0.0,0.0,0.0,0.0,0.0,0.0,0.0,0.0,0.0,0.1608244528167976,0.0,0.0,3.675e-09
6794.0,0.9660880320885875,0.0,0.480434812,0.0,0.9660880320885875,0.0,0.0,0.0,0.0,0.0,0.0,0.0,0.0,0.0,0.24966814662704945,0.0,0.0,3.675e-09
6795.0,0.9266197213367355,0.0,0.504174074,0.0,0.9266197213367356,0.0,0.0,0.0,0.0,0.0,0.0,0.0,0.0,0.0,0.34920944487642114,0.0,0.0,3.675e-09
6796.0,0.8781710236451852,0.0,0.522890412,0.0,0.8781710236451852,0.0,0.0,0.0,0.0,0.0,0.0,0.0,0.0,0.0,0.44502045478615904,0.0,0.0,3.675e-09
6797.0,0.8278999931422523,0.0,0.525355698,0.0,0.8278999931422523,0.0,0.0,0.0,0.0,0.0,0.0,0.0,0.0,0.0,0.501529973033817,0.0,0.0,3.675e-09
6798.0,0.7866872267162817,0.0,0.519957873,0.0,0.7866872267162817,0.0,0.0,0.0,0.0,0.0,0.0,0.0,0.0,0.0,0.5290833648027826,0.0,0.0,3.675e-09
6799.0,0.753733924502419,0.0,0.513126814,0.0,0.753733924502419,0.0,0.0,0.0,0.0,0.0,0.0,0.0,0.0,0.0,0.5447504463286634,0.0,0.0,3.675e-09
6800.0,0.7302749995341048,0.0,0.505886004,0.0,0.7302749995341047,0.0,0.0,0.0,0.0,0.0,0.0,0.0,0.0,0.0,0.5498862621539082,0.0,0.0,3.675e-09
6801.0,0.7162503773338577,0.0,0.484857449,0.0,0.7162503773338577,0.0,0.0,0.0,0.0,0.0,0.0,0.0,0.0,0.0,0.5106974305574067,0.0,0.0,3.675e-09
6802.0,0.7132799069564156,4e-09,0.47213117,1.937837648329755e-09,0.713279905018578,0.0,0.0,0.0,0.0,0.0,0.0,0.0,0.0,0.0,0.48146363303241296,0.0,0.0,3.675e-09
6803.0,0.7227030825621564,0.001045566,0.473249966,0.000506534289653387,0.7221965482725029,0.0,0.0,0.0,0.0,0.0,0.0,0.0,0.0,0.0,0.4753781400526743,0.0,0.0,3.675e-09
6804.0,0.7409508908330684,0.023238557,0.466588255,0.011258137661864238,0.7296927531712042,0.0,0.0,0.0,0.0,0.0,0.0,0.0,0.0,0.0,0.4510242551799664,0.0,0.0,3.675e-09
6805.0,0.7663256015774514,0.103749386,0.437245857,0.05026236654547399,0.7160632350319774,0.0,0.0,0.0,0.0,0.0,0.0,0.0,0.0,0.0,0.39040186488997375,0.0,0.0,3.675e-09
6806.0,0.7991810011616068,0.243897431,0.382925437,0.11815840603067715,0.6810225951309297,0.0,0.0,0.0,0.0,0.0,0.0,0.0,0.0,0.0,0.28798288572114344,0.0,0.0,3.675e-09
6807.0,0.8276863862229802,0.403355455,0.440459514,0.19540934658954454,0.6322770396334356,0.0,0.0,0.0,0.0,0.0,0.0,0.0,0.0,0.0,0.4823203255957655,0.0,0.0,3.675e-09
6808.0,0.8534171081661751,0.541738761,0.537689094,0.26245044165632875,0.5909666665098463,0.0,0.0,0.0,0.0,0.0,0.0,0.0,0.0,0.0,0.7696733660831974,0.0,0.0,3.675e-09
6809.0,0.8821539008067536,0.634181262,0.598831944,0.307235081342219,0.5749188194645345,0.0,0.0,0.0,0.0,0.0,0.0,0.0,0.0,0.0,0.9404452169165265,0.0,0.0,3.675e-09
6810.0,0.9104256534564112,0.67074868,0.6549307,0.32495051116787177,0.5854751422885396,0.0,0.0,0.0,0.0,0.0,0.0,0.0,0.0,0.0,1.07184865121616,0.0,0.0,3.675e-09
6811.0,0.9375314698799254,0.646177767,0.706568924,0.31304690110156297,0.6244845687783624,0.0,0.0,0.0,0.0,0.0,0.0,0.0,0.0,0.0,1.1635114581237418,0.0,0.0,3.675e-09
6812.0,0.963856285098669,0.563537154,0.740826068,0.2730108783134507,0.6908454067852183,0.0,0.0,0.0,0.0,0.0,0.0,0.0,0.0,0.0,1.1838394558192227,0.0,0.0,3.675e-09
6813.0,0.9908641978925514,0.43399316,0.75341296,0.2102520711413997,0.7806121267511517,0.0,0.0,0.0,0.0,0.0,0.0,0.0,0.0,0.0,1.1259242822808337,0.0,0.0,3.675e-09
6814.0,1.0137245779204467,0.276038985,0.759626316,0.1337296843849331,0.8799948935355135,0.0,0.0,0.0,0.0,0.0,0.0,0.0,0.0,0.0,1.042264618316839,0.0,0.0,3.675e-09
6815.0,1.0237462984666064,0.127728699,0.780096929,0.06187937042359477,0.9618669280430115,0.0,0.0,0.0,0.0,0.0,0.0,0.0,0.0,0.0,1.0121941469251436,0.0,0.0,3.675e-09
6816.0,1.038916832400478,0.034660847,0.801529427,0.01679177355989936,1.0221250588405786,0.0,0.0,0.0,0.0,0.0,0.0,0.0,0.0,0.0,1.0061716610433542,0.0,0.0,3.675e-09
6817.0,1.0362445225769528,0.002371863,0.812433729,0.001149071354520089,1.0350954512224326,0.0,0.0,0.0,0.0,0.0,0.0,0.0,0.0,0.0,1.020794965454399,0.0,0.0,3.675e-09
6818.0,1.0010728243680838,0.0,0.803933451,0.0,1.0010728243680838,0.0,0.0,0.0,0.0,0.0,0.0,0.0,0.0,0.0,1.033307357743771,0.0,0.0,3.675e-09
6819.0,0.9521056847058132,0.0,0.792543742,0.0,0.9521056847058132,0.0,0.0,0.0,0.0,0.0,0.0,0.0,0.0,0.0,1.0534524621482737,0.0,0.0,3.675e-09
6820.0,0.8976337204570188,0.0,0.782510108,0.0,0.8976337204570188,0.0,0.0,0.0,0.0,0.0,0.0,0.0,0.0,0.0,1.0825339837692942,0.0,0.0,3.675e-09
6821.0,0.8423340285211106,0.0,0.771525041,0.0,0.8423340285211106,0.0,0.0,0.0,0.0,0.0,0.0,0.0,0.0,0.0,1.1100356004090781,0.0,0.0,3.675e-09
6822.0,0.7983109976570956,0.0,0.759493907,0.0,0.7983109976570956,0.0,0.0,0.0,0.0,0.0,0.0,0.0,0.0,0.0,1.1236134488422753,0.0,0.0,3.675e-09
6823.0,0.7667550402485063,0.0,0.749604355,0.0,0.7667550402485063,0.0,0.0,0.0,0.0,0.0,0.0,0.0,0.0,0.0,1.1301435678885738,0.0,0.0,3.675e-09
6824.0,0.7461419820380272,0.0,0.743312553,0.0,0.7461419820380272,0.0,0.0,0.0,0.0,0.0,0.0,0.0,0.0,0.0,1.134835013081644,0.0,0.0,3.675e-09
6825.0,0.7416606883981821,0.0,0.723276828,0.0,0.7416606883981821,0.0,0.0,0.0,0.0,0.0,0.0,0.0,0.0,0.0,1.0886152420705013,0.0,0.0,3.675e-09
6826.0,0.7609654051030532,5.84e-09,0.695767327,2.829242966561442e-09,0.7609654022738103,0.0,0.0,0.0,0.0,0.0,0.0,0.0,0.0,0.0,0.9996968262341291,0.0,0.0,3.675e-09
6827.0,0.8151191843054121,0.001475774,0.686287847,0.0007149526044065488,0.8144042317010056,0.0,0.0,0.0,0.0,0.0,0.0,0.0,0.0,0.0,0.9222698592008453,0.0,0.0,3.675e-09
6828.0,0.870169668002182,0.024944112,0.664952385,0.012084409834438503,0.8580852581677435,0.0,0.0,0.0,0.0,0.0,0.0,0.0,0.0,0.0,0.824598740625102,0.0,0.0,3.675e-09
6829.0,0.901362939714428,0.100004426,0.616513373,0.048448085425601736,0.8529148542888264,0.0,0.0,0.0,0.0,0.0,0.0,0.0,0.0,0.0,0.7071926228636994,0.0,0.0,3.675e-09
6830.0,0.934282865440935,0.234093565,0.627073884,0.11340883087218215,0.8208740345687529,0.0,0.0,0.0,0.0,0.0,0.0,0.0,0.0,0.0,0.7659571648827401,0.0,0.0,3.675e-09
6831.0,0.9706472018657715,0.392902517,0.778936232,0.19034532239153037,0.7803018794742411,0.0,0.0,0.0,0.0,0.0,0.0,0.0,0.0,0.0,1.1908220133536513,0.0,0.0,3.675e-09
6832.0,1.0027816787223363,0.526283597,0.851447925,0.2549630419912511,0.7478186367310852,0.0,0.0,0.0,0.0,0.0,0.0,0.0,0.0,0.0,1.406798493039599,0.0,0.0,3.675e-09
6833.0,1.0290975946110381,0.612827666,0.853704683,0.29689013077821313,0.732207463832825,0.0,0.0,0.0,0.0,0.0,0.0,0.0,0.0,0.0,1.4281204666830098,0.0,0.0,3.675e-09
6834.0,1.0604955719126652,0.645569451,0.83846491,0.31275219668984267,0.7477433752228225,0.0,0.0,0.0,0.0,0.0,0.0,0.0,0.0,0.0,1.3740198057698787,0.0,0.0,3.675e-09
6835.0,1.084595316638871,0.62123419,0.823840464,0.30096275045291,0.7836325661859612,0.0,0.0,0.0,0.0,0.0,0.0,0.0,0.0,0.0,1.3011229706046519,0.0,0.0,3.675e-09
6836.0,1.104798961670739,0.543155776,0.804556658,0.26313692791014076,0.8416620337605982,0.0,0.0,0.0,0.0,0.0,0.0,0.0,0.0,0.0,1.1942951942728766,0.0,0.0,3.675e-09
6837.0,1.1219364595278927,0.419926871,0.770197342,0.20343752504227805,0.9184989344856145,0.0,0.0,0.0,0.0,0.0,0.0,0.0,0.0,0.0,1.0305109082209138,0.0,0.0,3.675e-09
6838.0,1.136038959865328,0.271022853,0.698519272,0.1312995720252852,1.0047393878400428,0.0,0.0,0.0,0.0,0.0,0.0,0.0,0.0,0.0,0.7628867284913203,0.0,0.0,3.675e-09
6839.0,1.132523347527191,0.129099309,0.586094123,0.06254337533838908,1.069979972188802,0.0,0.0,0.0,0.0,0.0,0.0,0.0,0.0,0.0,0.41315058693931656,0.0,0.0,3.675e-09
6840.0,1.1394989453911555,0.03516805,0.531134463,0.017037492827085807,1.12246145256407,0.0,0.0,0.0,0.0,0.0,0.0,0.0,0.0,0.0,0.2215918695358738,0.0,0.0,3.675e-09
6841.0,1.1246221203463302,0.002196697,0.497814336,0.0010642105371432569,1.123557909809187,0.0,0.0,0.0,0.0,0.0,0.0,0.0,0.0,0.0,0.13617772909206347,0.0,0.0,3.675e-09
6842.0,1.0814223655045587,0.0,0.453583221,0.0,1.0814223655045587,0.0,0.0,0.0,0.0,0.0,0.0,0.0,0.0,0.0,0.06638497426100794,0.0,0.0,3.675e-09
6843.0,1.0203174635956995,0.0,0.423791105,0.0,1.0203174635956995,0.0,0.0,0.0,0.0,0.0,0.0,0.0,0.0,0.0,0.05209994147043713,0.0,0.0,3.675e-09
6844.0,0.9489460845664128,0.0,0.409150314,0.0,0.9489460845664128,0.0,0.0,0.0,0.0,0.0,0.0,0.0,0.0,0.0,0.08642231473464147,0.0,0.0,3.675e-09
6845.0,0.883500068464738,0.0,0.391633038,0.0,0.883500068464738,0.0,0.0,0.0,0.0,0.0,0.0,0.0,0.0,0.0,0.10754028465953931,0.0,0.0,3.675e-09
6846.0,0.8327105969910099,0.0,0.375790513,0.0,0.8327105969910099,0.0,0.0,0.0,0.0,0.0,0.0,0.0,0.0,0.0,0.118239722742417,0.0,0.0,3.675e-09
6847.0,0.7948287618063142,0.0,0.362624466,0.0,0.7948287618063142,0.0,0.0,0.0,0.0,0.0,0.0,0.0,0.0,0.0,0.12280444062065393,0.0,0.0,3.675e-09
6848.0,0.7697744619408018,0.0,0.354755483,0.0,0.7697744619408018,0.0,0.0,0.0,0.0,0.0,0.0,0.0,0.0,0.0,0.1279460187942622,0.0,0.0,3.675e-09
6849.0,0.7632794788952562,0.0,0.34199974,0.0,0.7632794788952562,0.0,0.0,0.0,0.0,0.0,0.0,0.0,0.0,0.0,0.10216217237322302,0.0,0.0,3.675e-09
6850.0,0.7840282668877437,4.48e-10,0.329818688,2.1703781661293252e-10,0.7840282666707059,0.0,0.0,0.0,0.0,0.0,0.0,0.0,0.0,0.0,0.05058882971048828,0.0,0.0,3.675e-09
6851.0,0.840068907043686,0.000838957,0.318111806,0.00040644061498244647,0.8049924443586948,0.0,0.03467002207000879,0.0,0.0,0.0,0.0,0.0,0.0,0.0,0.0,0.0,0.0,0.006839048849999999
6852.0,0.8963253789514108,0.018488172,0.301803253,0.008956768937599004,0.7637231117032971,0.0,0.12364549831051477,0.0,0.0,0.0,0.0,0.0,0.0,0.0,0.0,0.0,0.0,0.006839048849999999
6853.0,0.9216978638633587,0.089866062,0.278942793,0.04353645956268398,0.7058739617268761,0.0,0.17228744257379872,0.0,0.0,0.0,0.0,0.0,0.0,0.0,0.0,0.0,0.0,0.006839048849999999
6854.0,0.9474641871264199,0.228619267,0.2643089,0.11075675568153807,0.6688424115788958,0.0,0.1678650198659861,0.0,0.0,0.0,0.0,0.0,0.0,0.0,0.0,0.0,0.0,0.006839048849999999
6855.0,0.9789645177226995,0.393204643,0.255710081,0.1904916901758652,0.647082815754879,0.0,0.14139001179195532,0.0,0.0,0.0,0.0,0.0,0.0,0.0,0.0,0.0,0.0,0.006839048849999999
6856.0,1.005307134601301,0.53072354,0.271667849,0.2571140141667106,0.6874644753680687,0.0,0.06072864506652173,0.0,0.0,0.0,0.0,0.0,0.0,0.0,0.0,0.0,0.0,0.006839048849999999
6857.0,1.0307018708381275,0.620692335,0.292076212,0.3007002436981761,0.7300016271399514,0.0,0.0,0.0,0.0,0.0,0.0,0.0,0.0,0.0,0.009106885660445435,0.0,0.0,3.675e-09
6858.0,1.0561811597096737,0.655327798,0.310863026,0.31747971974035916,0.7387014399693146,0.0,0.0,0.0,0.0,0.0,0.0,0.0,0.0,0.0,0.04794772689776013,0.0,0.0,3.675e-09
6859.0,1.0784007189797524,0.633311174,0.329956364,0.30681355902127905,0.7715871599584734,0.0,0.0,0.0,0.0,0.0,0.0,0.0,0.0,0.0,0.06337833009337097,0.0,0.0,3.675e-09
6860.0,1.0982617028077957,0.556662009,0.340596855,0.2696801496087692,0.8285815531990265,0.0,0.0,0.0,0.0,0.0,0.0,0.0,0.0,0.0,0.03331005118655212,0.0,0.0,3.675e-09
6861.0,1.1140597075044962,0.432976398,0.334436806,0.209759491220652,0.8463033966914595,0.0,0.05799681959238489,0.0,0.0,0.0,0.0,0.0,0.0,0.0,0.0,0.0,0.0,0.006839048849999999
6862.0,1.1238411201414844,0.278961434,0.300949744,0.13514549230931402,0.7615632789550837,0.0,0.22713234887708666,0.0,0.0,0.0,0.0,0.0,0.0,0.0,0.0,0.0,0.0,0.006839048849999999
6863.0,1.12387449662884,0.129239774,0.265049471,0.06261142492970724,0.6707164509834915,0.0,0.3905466207156412,0.0,0.0,0.0,0.0,0.0,0.0,0.0,0.0,0.0,0.0,0.006839048849999999
6864.0,1.1309635729499343,0.033111809,0.264910439,0.016041327521126,0.6703646259100013,0.0,0.444557619518807,0.0,0.0,0.0,0.0,0.0,0.0,0.0,0.0,0.0,0.0,0.006839048849999999
6865.0,1.1166051888759045,0.001876394,0.271873268,0.0009090367340750154,0.6879842949403348,0.0,0.42771185720149485,0.0,0.0,0.0,0.0,0.0,0.0,0.0,0.0,0.0,0.0,0.006839048849999999
6866.0,1.0659892723366367,0.0,0.267124217,0.0,0.6759666643438955,0.0,0.3900226079927411,0.0,0.0,0.0,0.0,0.0,0.0,0.0,0.0,0.0,0.0,0.006839048849999999
6867.0,1.005858952059452,0.0,0.258918096,0.0,0.6552008037945601,0.0,0.35065814826489183,0.0,0.0,0.0,0.0,0.0,0.0,0.0,0.0,0.0,0.0,0.006839048849999999
6868.0,0.9317485102319285,0.0,0.247644854,0.0,0.6266734921316064,0.0,0.305075018100322,0.0,0.0,0.0,0.0,0.0,0.0,0.0,0.0,0.0,0.0,0.006839048849999999
6869.0,0.870325423276634,0.0,0.234750944,0.0,0.594045026502635,0.0,0.276280396773999,0.0,0.0,0.0,0.0,0.0,0.0,0.0,0.0,0.0,0.0,0.006839048849999999
6870.0,0.820034366281333,0.0,0.222408998,0.0,0.5628133240279302,0.0,0.2572210422534028,0.0,0.0,0.0,0.0,0.0,0.0,0.0,0.0,0.0,0.0,0.006839048849999999
6871.0,0.7835409765718688,0.0,0.21307503,0.0,0.5391934093496116,0.0,0.2443475672222572,0.0,0.0,0.0,0.0,0.0,0.0,0.0,0.0,0.0,0.0,0.006839048849999999
6872.0,0.7611701116923589,0.0,0.207646575,0.0,0.5254565244647382,0.0,0.23571358722762067,0.0,0.0,0.0,0.0,0.0,0.0,0.0,0.0,0.0,0.0,0.006839048849999999
6873.0,0.755416077866772,0.0,0.197466731,0.0,0.49969609259711306,0.0,0.25571998526965894,0.0,0.0,0.0,0.0,0.0,0.0,0.0,0.0,0.0,0.0,0.006839048849999999
6874.0,0.7774064553900807,0.0,0.187661591,0.0,0.47488386159214613,0.0,0.30252259379793456,0.0,0.0,0.0,0.0,0.0,0.0,0.0,0.0,0.0,0.0,0.006839048849999999
6875.0,0.8340189384966177,0.001046991,0.181951201,0.0005072246443156045,0.4604335308667865,0.0,0.37307818298551565,0.0,0.0,0.0,0.0,0.0,0.0,0.0,0.0,0.0,0.0,0.006839048849999999
6876.0,0.8902576097444095,0.022054707,0.171663534,0.010684610386870446,0.4344002493321858,0.0,0.44517275002535317,0.0,0.0,0.0,0.0,0.0,0.0,0.0,0.0,0.0,0.0,0.006839048849999999
6877.0,0.9155433171891272,0.101171414,0.149825177,0.049013443745989003,0.3791375647960205,0.0,0.4873923086471177,0.0,0.0,0.0,0.0,0.0,0.0,0.0,0.0,0.0,0.0,0.006839048849999999
6878.0,0.9390066918224623,0.243599167,0.106762073,0.1180139092285918,0.2701649561194576,0.0,0.5508278264744129,0.0,0.0,0.0,0.0,0.0,0.0,0.0,0.0,0.0,0.0,0.006839048849999999
6879.0,0.9651757527666787,0.404035549,0.085694817,0.19573882452894534,0.21685356816244988,0.0,0.5525833600752834,0.0,0.0,0.0,0.0,0.0,0.0,0.0,0.0,0.0,0.0,0.006839048849999999
6880.0,0.9878826023526324,0.539044174,0.127921232,0.2611450236225038,0.3237089076570006,0.0,0.40302867107312795,0.0,0.0,0.0,0.0,0.0,0.0,0.0,0.0,0.0,0.0,0.006839048849999999
6881.0,1.0109143134824023,0.627735808,0.168865148,0.3041125204867746,0.42731884102255785,0.0,0.2794829519730698,0.0,0.0,0.0,0.0,0.0,0.0,0.0,0.0,0.0,0.0,0.006839048849999999
6882.0,1.0369765704670202,0.662158829,0.194408278,0.320789077002536,0.4919565761441267,0.0,0.2242309173203574,0.0,0.0,0.0,0.0,0.0,0.0,0.0,0.0,0.0,0.0,0.006839048849999999
6883.0,1.0619018170479049,0.637683157,0.215023893,0.30893160733509345,0.5441250716158345,0.0,0.20884513809697705,0.0,0.0,0.0,0.0,0.0,0.0,0.0,0.0,0.0,0.0,0.006839048849999999
6884.0,1.0830978443713801,0.556690345,0.22789992,0.26969387725066996,0.5767082837219534,0.0,0.23669568339875682,0.0,0.0,0.0,0.0,0.0,0.0,0.0,0.0,0.0,0.0,0.006839048849999999
6885.0,1.1012099228602836,0.427419648,0.223548913,0.20706747138256287,0.5656979166299764,0.0,0.3284445348477445,0.0,0.0,0.0,0.0,0.0,0.0,0.0,0.0,0.0,0.0,0.006839048849999999
6886.0,1.109464936407446,0.268255537,0.199278996,0.12995891974287885,0.5042820891073329,0.0,0.4752239275572343,0.0,0.0,0.0,0.0,0.0,0.0,0.0,0.0,0.0,0.0,0.006839048849999999
6887.0,1.109226853330785,0.118643869,0.197812952,0.057478139022925874,0.5005722162863995,0.0,0.5511764980214595,0.0,0.0,0.0,0.0,0.0,0.0,0.0,0.0,0.0,0.0,0.006839048849999999
6888.0,1.1132920582945625,0.028052533,0.241294476,0.01359031364460321,0.6106036506092151,0.0,0.4890980940407441,0.0,0.0,0.0,0.0,0.0,0.0,0.0,0.0,0.0,0.0,0.006839048849999999
6889.0,1.0985175865443901,0.001366178,0.285671984,0.0006618577906799619,0.7229024020723014,0.0,0.3749533266814088,0.0,0.0,0.0,0.0,0.0,0.0,0.0,0.0,0.0,0.0,0.006839048849999999
6890.0,1.0545457318277391,0.0,0.305903886,0.0,0.7740998991089426,0.0,0.28044583271879653,0.0,0.0,0.0,0.0,0.0,0.0,0.0,0.0,0.0,0.0,0.006839048849999999
6891.0,0.9960330377726314,0.0,0.31611494,0.0,0.7999393089136156,0.0,0.19609372885901588,0.0,0.0,0.0,0.0,0.0,0.0,0.0,0.0,0.0,0.0,0.006839048849999999
6892.0,0.9290494984185788,0.0,0.319102123,0.0,0.8074984742748557,0.0,0.12155102414372303,0.0,0.0,0.0,0.0,0.0,0.0,0.0,0.0,0.0,0.0,0.006839048849999999
6893.0,0.8693753178023487,0.0,0.314044857,0.0,0.7947008954289071,0.0,0.07467442237344153,0.0,0.0,0.0,0.0,0.0,0.0,0.0,0.0,0.0,0.0,0.006839048849999999
6894.0,0.8230804889635283,0.0,0.306178714,0.0,0.7747953604509157,0.0,0.048285128512612546,0.0,0.0,0.0,0.0,0.0,0.0,0.0,0.0,0.0,0.0,0.006839048849999999
6895.0,0.800249034758043,0.0,0.297057367,0.0,0.7517134902440178,0.0,0.04853554451402515,0.0,0.0,0.0,0.0,0.0,0.0,0.0,0.0,0.0,0.0,0.006839048849999999
6896.0,0.7642674105219182,0.0,0.29084703,0.0,0.7359980271029823,0.0,0.028269383418935912,0.0,0.0,0.0,0.0,0.0,0.0,0.0,0.0,0.0,0.0,0.006839048849999999
6897.0,0.7592253990939554,0.0,0.279183918,0.0,0.706484136512863,0.0,0.05274126258109228,0.0,0.0,0.0,0.0,0.0,0.0,0.0,0.0,0.0,0.0,0.006839048849999999
6898.0,0.7808642160833977,0.0,0.272717555,0.0,0.6901207911125964,0.0,0.09074342497080128,0.0,0.0,0.0,0.0,0.0,0.0,0.0,0.0,0.0,0.0,0.006839048849999999
6899.0,0.838104168952839,0.001276892,0.27425999,0.0006186023476127693,0.6940239738851164,0.0,0.14346159272010986,0.0,0.0,0.0,0.0,0.0,0.0,0.0,0.0,0.0,0.0,0.006839048849999999
6900.0,0.8962897776315448,0.023458058,0.270114363,0.011364476987275747,0.6835333276746158,0.0,0.2013919729696532,0.0,0.0,0.0,0.0,0.0,0.0,0.0,0.0,0.0,0.0,0.006839048849999999
6901.0,0.9181399757078241,0.10167147,0.233306469,0.0492557005817573,0.5903897347494422,0.0,0.2784945403766245,0.0,0.0,0.0,0.0,0.0,0.0,0.0,0.0,0.0,0.0,0.006839048849999999
6902.0,0.9387018567710144,0.23605413,0.180870671,0.11435864503943155,0.457699213970975,0.0,0.36664399776060785,0.0,0.0,0.0,0.0,0.0,0.0,0.0,0.0,0.0,0.0,0.006839048849999999
6903.0,0.9642278721249037,0.391370106,0.243453045,0.1896029314594017,0.616065980842966,0.0,0.1585589598225359,0.0,0.0,0.0,0.0,0.0,0.0,0.0,0.0,0.0,0.0,0.006839048849999999
6904.0,0.9835948911395406,0.523086983,0.348319389,0.2534144122521566,0.7301804788873839,0.0,0.0,0.0,0.0,0.0,0.0,0.0,0.0,0.0,0.15125325315284424,0.0,0.0,3.675e-09
6905.0,1.0054517637133513,0.608656295,0.401957043,0.29486927083597536,0.710582492877376,0.0,0.0,0.0,0.0,0.0,0.0,0.0,0.0,0.0,0.30658309629212194,0.0,0.0,3.675e-09
6906.0,1.0270082529005844,0.639879686,0.431678955,0.3099957364830555,0.7170125164175288,0.0,0.0,0.0,0.0,0.0,0.0,0.0,0.0,0.0,0.3753653539079033,0.0,0.0,3.675e-09
6907.0,1.0537625067903826,0.611850256,0.458552049,0.29641661530424956,0.7573458914861331,0.0,0.0,0.0,0.0,0.0,0.0,0.0,0.0,0.0,0.40303523184192724,0.0,0.0,3.675e-09
6908.0,1.0719813892388848,0.528380942,0.477323517,0.2559791205168851,0.8160022687219997,0.0,0.0,0.0,0.0,0.0,0.0,0.0,0.0,0.0,0.3918806751122792,0.0,0.0,3.675e-09
6909.0,1.0864310004451656,0.398720178,0.47386043,0.19316374301928527,0.8932672574258804,0.0,0.0,0.0,0.0,0.0,0.0,0.0,0.0,0.0,0.305852230238033,0.0,0.0,3.675e-09
6910.0,1.09369140686821,0.244204379,0.446058969,0.11830710987829703,0.9753842969899129,0.0,0.0,0.0,0.0,0.0,0.0,0.0,0.0,0.0,0.153382674278765,0.0,0.0,3.675e-09
6911.0,1.0898420346561395,0.104714702,0.416816905,0.05073002296730777,1.0391120116888317,0.0,0.0,0.0,0.0,0.0,0.0,0.0,0.0,0.0,0.015656949655457032,0.0,0.0,3.675e-09
6912.0,1.0928147288661674,0.024055656,0.426661579,0.011653988963017389,1.0796812344435602,0.0,0.0014795054595897216,0.0,0.0,0.0,0.0,0.0,0.0,0.0,0.0,0.0,0.0,0.006839048849999999
6913.0,1.0807704195842653,0.001200258,0.449091585,0.0005814762850272437,1.0801889432992382,0.0,0.0,0.0,0.0,0.0,0.0,0.0,0.0,0.0,0.056252163039551877,0.0,0.0,3.675e-09
6914.0,1.0422166129868324,0.0,0.464603311,0.0,1.0422166129868324,0.0,0.0,0.0,0.0,0.0,0.0,0.0,0.0,0.0,0.13347742893449427,0.0,0.0,3.675e-09
6915.0,0.9887704065170767,0.0,0.46627586,0.0,0.9887704065170767,0.0,0.0,0.0,0.0,0.0,0.0,0.0,0.0,0.0,0.19115607595636083,0.0,0.0,3.675e-09
6916.0,0.9252446268564163,0.0,0.457996154,0.0,0.9252446268564163,0.0,0.0,0.0,0.0,0.0,0.0,0.0,0.0,0.0,0.2337297857918877,0.0,0.0,3.675e-09
6917.0,0.8631161930009539,0.0,0.447409541,0.0,0.8631161930009539,0.0,0.0,0.0,0.0,0.0,0.0,0.0,0.0,0.0,0.26906844537424585,0.0,0.0,3.675e-09
6918.0,0.8172975293155313,0.0,0.428054346,0.0,0.8172975293155313,0.0,0.0,0.0,0.0,0.0,0.0,0.0,0.0,0.0,0.26590814807734875,0.0,0.0,3.675e-09
6919.0,0.7831226630632909,0.0,0.410415487,0.0,0.7831226630632909,0.0,0.0,0.0,0.0,0.0,0.0,0.0,0.0,0.0,0.25544729835082325,0.0,0.0,3.675e-09
6920.0,0.7623315982534812,0.0,0.392566052,0.0,0.7623315982534812,0.0,0.0,0.0,0.0,0.0,0.0,0.0,0.0,0.0,0.2310697776505697,0.0,0.0,3.675e-09
6921.0,0.7574787185873262,0.0,0.356395214,0.0,0.7574787185873262,0.0,0.0,0.0,0.0,0.0,0.0,0.0,0.0,0.0,0.14439115566562793,0.0,0.0,3.675e-09
6922.0,0.7786435942559563,0.0,0.322768053,0.0,0.7786435942559563,0.0,0.0,0.0,0.0,0.0,0.0,0.0,0.0,0.0,0.038131637108348264,0.0,0.0,3.675e-09
6923.0,0.8332646392816715,0.000598178,0.306832344,0.00028979296220064894,0.7764493927800589,0.0,0.05652545353941199,0.0,0.0,0.0,0.0,0.0,0.0,0.0,0.0,0.0,0.0,0.006839048849999999
6924.0,0.8893319804275133,0.017186334,0.294631153,0.008326081265492427,0.7455738754873203,0.0,0.13543202367470056,0.0,0.0,0.0,0.0,0.0,0.0,0.0,0.0,0.0,0.0,0.006839048849999999
6925.0,0.9137699356925983,0.085011225,0.265935846,0.041184488083907914,0.6729594522315133,0.0,0.19962599537717712,0.0,0.0,0.0,0.0,0.0,0.0,0.0,0.0,0.0,0.0,0.006839048849999999
6926.0,0.9363499568264348,0.209427832,0.287461305,0.10145928436441974,0.7274303380318122,0.0,0.10746033443020288,0.0,0.0,0.0,0.0,0.0,0.0,0.0,0.0,0.0,0.0,0.006839048849999999
6927.0,0.9617535933932277,0.356088984,0.320701082,0.17251065983767291,0.789242933555555,0.0,0.0,0.0,0.0,0.0,0.0,0.0,0.0,0.0,0.022301759342948365,0.0,0.0,3.675e-09
6928.0,0.9789778687176117,0.484103443,0.329404488,0.23452846938286437,0.7444493993347473,0.0,0.0,0.0,0.0,0.0,0.0,0.0,0.0,0.0,0.08911955024974048,0.0,0.0,3.675e-09
6929.0,0.9908196962427188,0.568855918,0.320055196,0.27558760359389595,0.715232092648823,0.0,0.0,0.0,0.0,0.0,0.0,0.0,0.0,0.0,0.09467816436861426,0.0,0.0,3.675e-09
6930.0,1.0027416277374492,0.599970534,0.311102887,0.29066137216842675,0.7120802555690224,0.0,0.0,0.0,0.0,0.0,0.0,0.0,0.0,0.0,0.07517588749024146,0.0,0.0,3.675e-09
6931.0,1.0120891510384369,0.571167058,0.303567062,0.27670725711953614,0.7353818939189007,0.0,0.0,0.0,0.0,0.0,0.0,0.0,0.0,0.0,0.032804594784280154,0.0,0.0,3.675e-09
6932.0,1.018989096597648,0.485423357,0.293660331,0.23516791414330374,0.7431171783133173,0.0,0.0407040041410271,0.0,0.0,0.0,0.0,0.0,0.0,0.0,0.0,0.0,0.0,0.006839048849999999
6933.0,1.0238976030761129,0.3575001,0.278126373,0.17319428826541303,0.7038079839196162,0.0,0.14689533089108375,0.0,0.0,0.0,0.0,0.0,0.0,0.0,0.0,0.0,0.0,0.006839048849999999
6934.0,1.0227450158450324,0.214148069,0.256921329,0.10374604760632951,0.6501479188722546,0.0,0.2688510493664484,0.0,0.0,0.0,0.0,0.0,0.0,0.0,0.0,0.0,0.0,0.006839048849999999
6935.0,1.016608269830734,0.08747423,0.250689829,0.04237771403816402,0.6343789020599041,0.0,0.3398516537326658,0.0,0.0,0.0,0.0,0.0,0.0,0.0,0.0,0.0,0.0,0.006839048849999999
6936.0,1.0169108800496716,0.019808063,0.284092342,0.009596202555471906,0.7189050657559258,0.0,0.2884096117382738,0.0,0.0,0.0,0.0,0.0,0.0,0.0,0.0,0.0,0.0,0.006839048849999999
6937.0,1.0080372960696466,0.001025713,0.308191736,0.0004969163169453143,0.7798893791882391,0.0,0.22765100056446216,0.0,0.0,0.0,0.0,0.0,0.0,0.0,0.0,0.0,0.0,0.006839048849999999
6938.0,0.9784727777418037,0.0,0.304217093,0.0,0.769831413643813,0.0,0.20864136409799072,0.0,0.0,0.0,0.0,0.0,0.0,0.0,0.0,0.0,0.0,0.006839048849999999
6939.0,0.9389021136952991,0.0,0.293805835,0.0,0.7434853809968227,0.0,0.19541673269847631,0.0,0.0,0.0,0.0,0.0,0.0,0.0,0.0,0.0,0.0,0.006839048849999999
6940.0,0.8892986039401576,0.0,0.281788233,0.0,0.713074441739479,0.0,0.1762241622006786,0.0,0.0,0.0,0.0,0.0,0.0,0.0,0.0,0.0,0.0,0.006839048849999999
6941.0,0.8399954795714433,0.0,0.271533799,0.0,0.6871252574103224,0.0,0.15287022216112084,0.0,0.0,0.0,0.0,0.0,0.0,0.0,0.0,0.0,0.0,0.006839048849999999
6942.0,0.8017264815330903,0.0,0.260836445,0.0,0.6600552493747505,0.0,0.14167123215833985,0.0,0.0,0.0,0.0,0.0,0.0,0.0,0.0,0.0,0.0,0.006839048849999999
6943.0,0.7716501967319835,0.0,0.252704044,0.0,0.6394759397231776,0.0,0.13217425700880592,0.0,0.0,0.0,0.0,0.0,0.0,0.0,0.0,0.0,0.0,0.006839048849999999
6944.0,0.7521607989302502,0.0,0.247554152,0.0,0.6264439677212856,0.0,0.1257168312089646,0.0,0.0,0.0,0.0,0.0,0.0,0.0,0.0,0.0,0.0,0.006839048849999999
6945.0,0.7433361672650037,0.0,0.237104347,0.0,0.6000003906161288,0.0,0.143335776648875,0.0,0.0,0.0,0.0,0.0,0.0,0.0,0.0,0.0,0.0,0.006839048849999999
6946.0,0.7483359018756442,0.0,0.230141976,0.0,0.5823818805699404,0.0,0.16595402130570386,0.0,0.0,0.0,0.0,0.0,0.0,0.0,0.0,0.0,0.0,0.006839048849999999
6947.0,0.767191154417017,0.000668819,0.228025858,0.0003240156595295645,0.5770269739954531,0.0,0.1898401647620343,0.0,0.0,0.0,0.0,0.0,0.0,0.0,0.0,0.0,0.0,0.006839048849999999
6948.0,0.7946863575267743,0.019169437,0.219755911,0.009286814178971347,0.5560995996425289,0.0,0.22929994370527418,0.0,0.0,0.0,0.0,0.0,0.0,0.0,0.0,0.0,0.0,0.006839048849999999
6949.0,0.8246335890432536,0.088463784,0.196689273,0.04285711278722784,0.4977287094192431,0.0,0.2840477668367825,0.0,0.0,0.0,0.0,0.0,0.0,0.0,0.0,0.0,0.0,0.006839048849999999
6950.0,0.8517928064466423,0.208648655,0.198930258,0.10108180473309157,0.5033995960663145,0.0,0.24731140564723628,0.0,0.0,0.0,0.0,0.0,0.0,0.0,0.0,0.0,0.0,0.006839048849999999
6951.0,0.8727017993786027,0.349960381,0.22702622,0.16954160043140623,0.5744973569805668,0.0,0.12866284196662964,0.0,0.0,0.0,0.0,0.0,0.0,0.0,0.0,0.0,0.0,0.006839048849999999
6952.0,0.883816028678663,0.471445746,0.252601441,0.2283963289359267,0.6392162994388163,0.0,0.016203400303920045,0.0,0.0,0.0,0.0,0.0,0.0,0.0,0.0,0.0,0.0,0.006839048849999999
6953.0,0.8929276947354245,0.551256719,0.259441849,0.2670615059932341,0.6258661887421905,0.0,0.0,0.0,0.0,0.0,0.0,0.0,0.0,0.0,0.030659989338259034,0.0,0.0,3.675e-09
6954.0,0.8977138224267929,0.578204867,0.258439504,0.2801167899300246,0.6175970324967683,0.0,0.0,0.0,0.0,0.0,0.0,0.0,0.0,0.0,0.036392678415780026,0.0,0.0,3.675e-09
6955.0,0.9032787254904967,0.547885631,0.256505351,0.26542835068267595,0.6378503748078208,0.0,0.0,0.0,0.0,0.0,0.0,0.0,0.0,0.0,0.01124489797993286,0.0,0.0,3.675e-09
6956.0,0.9086344712999493,0.465641668,0.253455144,0.2255844887203661,0.6413766231104451,0.0,0.04167335946913819,0.0,0.0,0.0,0.0,0.0,0.0,0.0,0.0,0.0,0.0,0.006839048849999999
6957.0,0.9147267166643398,0.34265938,0.251174727,0.16600456177933295,0.6356059524834418,0.0,0.11311620240156506,0.0,0.0,0.0,0.0,0.0,0.0,0.0,0.0,0.0,0.0,0.006839048849999999
6958.0,0.9215332082589401,0.202592244,0.248905494,0.09814771942070197,0.6298635833382696,0.0,0.19352190549996862,0.0,0.0,0.0,0.0,0.0,0.0,0.0,0.0,0.0,0.0,0.006839048849999999
6959.0,0.9301642594972827,0.080881224,0.267539606,0.039183670227548026,0.6770178199444196,0.0,0.21396276932531505,0.0,0.0,0.0,0.0,0.0,0.0,0.0,0.0,0.0,0.0,0.006839048849999999
6960.0,0.9519477045988506,0.01704671,0.341598266,0.008258439104539828,0.8644257080355944,0.0,0.07926355745871642,0.0,0.0,0.0,0.0,0.0,0.0,0.0,0.0,0.0,0.0,0.006839048849999999
6961.0,0.9460846429810796,0.00080772,0.386639986,0.00039130755632722737,0.9456933354247523,0.0,0.0,0.0,0.0,0.0,0.0,0.0,0.0,0.0,0.032711934503995725,0.0,0.0,3.675e-09
6962.0,0.9306738001381116,0.0,0.389706961,0.0,0.9306738001381115,0.0,0.0,0.0,0.0,0.0,0.0,0.0,0.0,0.0,0.055492551446427126,0.0,0.0,3.675e-09
6963.0,0.8995272559081334,0.0,0.384959048,0.0,0.8995272559081334,0.0,0.0,0.0,0.0,0.0,0.0,0.0,0.0,0.0,0.07462434482659741,0.0,0.0,3.675e-09
6964.0,0.8615964694085843,0.0,0.370964577,0.0,0.8615964694085843,0.0,0.0,0.0,0.0,0.0,0.0,0.0,0.0,0.0,0.07714165969348144,0.0,0.0,3.675e-09
6965.0,0.8178960732560255,0.0,0.357951577,0.0,0.8178960732560255,0.0,0.0,0.0,0.0,0.0,0.0,0.0,0.0,0.0,0.0879122290340177,0.0,0.0,3.675e-09
6966.0,0.7864068678222229,0.0,0.345834829,0.0,0.7864068678222229,0.0,0.0,0.0,0.0,0.0,0.0,0.0,0.0,0.0,0.08873960297893066,0.0,0.0,3.675e-09
6967.0,0.7603690859950694,0.0,0.338731976,0.0,0.7603690859950694,0.0,0.0,0.0,0.0,0.0,0.0,0.0,0.0,0.0,0.09680338041345728,0.0,0.0,3.675e-09
6968.0,0.744272921744377,0.0,0.335543678,0.0,0.744272921744377,0.0,0.0,0.0,0.0,0.0,0.0,0.0,0.0,0.0,0.10483145114496753,0.0,0.0,3.675e-09
6969.0,0.7371415696058851,0.0,0.323922859,0.0,0.7371415696058851,0.0,0.0,0.0,0.0,0.0,0.0,0.0,0.0,0.0,0.08255593652837916,0.0,0.0,3.675e-09
6970.0,0.7404569250197375,0.0,0.314277775,0.0,0.7404569250197375,0.0,0.0,0.0,0.0,0.0,0.0,0.0,0.0,0.0,0.05483337711026868,0.0,0.0,3.675e-09
6971.0,0.7553960523743285,0.000867311,0.309333341,0.00042017697715263194,0.7549758753971759,0.0,0.0,0.0,0.0,0.0,0.0,0.0,0.0,0.0,0.027802372993994018,0.0,0.0,3.675e-09
6972.0,0.7792332388664088,0.019829601,0.301696866,0.009606636842289337,0.7634538958818071,0.0,0.006172706142312378,0.0,0.0,0.0,0.0,0.0,0.0,0.0,0.0,0.0,0.0,0.006839048849999999
6973.0,0.8082014390861926,0.088603937,0.289906536,0.04292501122720944,0.7336180759358613,0.0,0.03165835192312195,0.0,0.0,0.0,0.0,0.0,0.0,0.0,0.0,0.0,0.0,0.006839048849999999
6974.0,0.8315624604248749,0.20833686,0.269312324,0.10093075271070134,0.6815037414634048,0.0,0.0491279662507688,0.0,0.0,0.0,0.0,0.0,0.0,0.0,0.0,0.0,0.0,0.006839048849999999
6975.0,0.8448661598975313,0.347324013,0.325055662,0.16826438714009326,0.6766017727574382,0.0,0.0,0.0,0.0,0.0,0.0,0.0,0.0,0.0,0.1459623288276936,0.0,0.0,3.675e-09
6976.0,0.8526027324738983,0.467732462,0.390284263,0.2265973935523916,0.6260053389215067,0.0,0.0,0.0,0.0,0.0,0.0,0.0,0.0,0.0,0.361621894464172,0.0,0.0,3.675e-09
6977.0,0.8634966803571551,0.54673636,0.423979171,0.26487157552969254,0.5986251048274627,0.0,0.0,0.0,0.0,0.0,0.0,0.0,0.0,0.0,0.47426820747061366,0.0,0.0,3.675e-09
6978.0,0.8722523342151797,0.572139198,0.44818135,0.27717821949239796,0.5950741147227817,0.0,0.0,0.0,0.0,0.0,0.0,0.0,0.0,0.0,0.5390636118489875,0.0,0.0,3.675e-09
6979.0,0.8767202768601127,0.540817092,0.468995386,0.26200393043445414,0.6147163464256584,0.0,0.0,0.0,0.0,0.0,0.0,0.0,0.0,0.0,0.5720919865196761,0.0,0.0,3.675e-09
6980.0,0.881748938293088,0.459108695,0.482593267,0.22241952846163565,0.6593294098314524,0.0,0.0,0.0,0.0,0.0,0.0,0.0,0.0,0.0,0.5618888106371656,0.0,0.0,3.675e-09
6981.0,0.8915370254276074,0.337513657,0.486284144,0.16351166784001386,0.7280253575875935,0.0,0.0,0.0,0.0,0.0,0.0,0.0,0.0,0.0,0.5025327491789172,0.0,0.0,3.675e-09
6982.0,0.9074485085814378,0.197357776,0.467058976,0.09561183213085764,0.8118366764505801,0.0,0.0,0.0,0.0,0.0,0.0,0.0,0.0,0.0,0.37007150695682545,0.0,0.0,3.675e-09
6983.0,0.9282061969038918,0.077189855,0.484995687,0.037395351772028684,0.8908108451318631,0.0,0.0,0.0,0.0,0.0,0.0,0.0,0.0,0.0,0.3364867785896359,0.0,0.0,3.675e-09
6984.0,0.9585383654415931,0.017114647,0.535950201,0.008291351823618473,0.9502470136179746,0.0,0.0,0.0,0.0,0.0,0.0,0.0,0.0,0.0,0.40599269273710425,0.0,0.0,3.675e-09
6985.0,0.9692965845427661,0.00089049,0.554339758,0.00043140626186529075,0.9688651782809009,0.0,0.0,0.0,0.0,0.0,0.0,0.0,0.0,0.0,0.43390991016591823,0.0,0.0,3.675e-09
6986.0,0.9476065914059597,0.0,0.560477162,0.0,0.9476065914059597,0.0,0.0,0.0,0.0,0.0,0.0,0.0,0.0,0.0,0.47069940081365674,0.0,0.0,3.675e-09
6987.0,0.9104345537863777,0.0,0.558891711,0.0,0.9104345537863777,0.0,0.0,0.0,0.0,0.0,0.0,0.0,0.0,0.0,0.5038594022502719,0.0,0.0,3.675e-09
6988.0,0.8639995465004526,0.0,0.542997885,0.0,0.8639995465004526,0.0,0.0,0.0,0.0,0.0,0.0,0.0,0.0,0.0,0.5100745572684326,0.0,0.0,3.675e-09
6989.0,0.8202546486980612,0.0,0.533875732,0.0,0.8202546486980612,0.0,0.0,0.0,0.0,0.0,0.0,0.0,0.0,0.0,0.5307355452542736,0.0,0.0,3.675e-09
6990.0,0.7885852118324173,0.0,0.520202993,0.0,0.7885852118324173,0.0,0.0,0.0,0.0,0.0,0.0,0.0,0.0,0.0,0.52780566395224,0.0,0.0,3.675e-09
6991.0,0.7682035612011434,0.0,0.510300857,0.0,0.7682035612011434,0.0,0.0,0.0,0.0,0.0,0.0,0.0,0.0,0.0,0.5231296319930973,0.0,0.0,3.675e-09
6992.0,0.7587803855954027,0.0,0.499211239,0.0,0.7587803855954027,0.0,0.0,0.0,0.0,0.0,0.0,0.0,0.0,0.0,0.5044901625399362,0.0,0.0,3.675e-09
6993.0,0.7647880773251488,0.0,0.473525659,0.0,0.7647880773251488,0.0,0.0,0.0,0.0,0.0,0.0,0.0,0.0,0.0,0.43348426125310513,0.0,0.0,3.675e-09
6994.0,0.7976390262443586,0.0,0.449122827,0.0,0.7976390262443586,0.0,0.0,0.0,0.0,0.0,0.0,0.0,0.0,0.0,0.3388811390085375,0.0,0.0,3.675e-09
6995.0,0.8686922212271346,0.000853053,0.431621593,0.00041326955485516053,0.8682789516722795,0.0,0.0,0.0,0.0,0.0,0.0,0.0,0.0,0.0,0.2239537622153142,0.0,0.0,3.675e-09
6996.0,0.933944654902056,0.020655453,0.409422787,0.010006728616676445,0.9239379262853796,0.0,0.0,0.0,0.0,0.0,0.0,0.0,0.0,0.0,0.11211997495227283,0.0,0.0,3.675e-09
6997.0,0.9566003283406458,0.08947247,0.359298131,0.043345780213763625,0.9092158017146983,0.0,0.004038746412183838,0.0,0.0,0.0,0.0,0.0,0.0,0.0,0.0,0.0,0.0,0.006839048849999999
6998.0,0.9651401514468124,0.204898132,0.363923354,0.09926482856550992,0.8658753228813025,0.0,0.0,0.0,0.0,0.0,0.0,0.0,0.0,0.0,0.055044758581108154,0.0,0.0,3.675e-09
6999.0,0.9698372768384402,0.339769053,0.502490342,0.16460431566018693,0.8052329611782533,0.0,0.0,0.0,0.0,0.0,0.0,0.0,0.0,0.0,0.4663354655314945,0.0,0.0,3.675e-09
7000.0,0.9737222503703767,0.457003518,0.537320447,0.22139965564988617,0.7523225947204905,0.0,0.0,0.0,0.0,0.0,0.0,0.0,0.0,0.0,0.6073845644486873,0.0,0.0,3.675e-09
7001.0,0.9740293102543353,0.5344897,0.537137905,0.25893856582611896,0.7150907444282162,0.0,0.0,0.0,0.0,0.0,0.0,0.0,0.0,0.0,0.6441544861736886,0.0,0.0,3.675e-09
7002.0,0.9766571194279526,0.561856376,0.533931869,0.2721966095917296,0.704460509836223,0.0,0.0,0.0,0.0,0.0,0.0,0.0,0.0,0.0,0.646671740650942,0.0,0.0,3.675e-09
7003.0,0.9806244207620987,0.533126907,0.531478017,0.25827834793054893,0.7223460728315497,0.0,0.0,0.0,0.0,0.0,0.0,0.0,0.0,0.0,0.6225766240259885,0.0,0.0,3.675e-09
7004.0,0.9824000280910626,0.451581838,0.523478773,0.21877307174458707,0.7636269563464756,0.0,0.0,0.0,0.0,0.0,0.0,0.0,0.0,0.0,0.5610533890512063,0.0,0.0,3.675e-09
7005.0,0.9877223974131594,0.331978385,0.511673097,0.16083005322117747,0.826892344191982,0.0,0.0,0.0,0.0,0.0,0.0,0.0,0.0,0.0,0.46791334769929466,0.0,0.0,3.675e-09
7006.0,0.9976195133397877,0.196166196,0.49837884,0.09503455998460843,0.9025849533551793,0.0,0.0,0.0,0.0,0.0,0.0,0.0,0.0,0.0,0.3585791815850084,0.0,0.0,3.675e-09
7007.0,1.0106406300857997,0.079576692,0.506765097,0.0385516774217853,0.9720889526640144,0.0,0.0,0.0,0.0,0.0,0.0,0.0,0.0,0.0,0.31029688293022045,0.0,0.0,3.675e-09
7008.0,1.0330804717726065,0.018233272,0.525680042,0.00883328023345919,1.0242471915391473,0.0,0.0,0.0,0.0,0.0,0.0,0.0,0.0,0.0,0.30600353785428286,0.0,0.0,3.675e-09
7009.0,1.0334832094537618,0.000788476,0.528347223,0.0003819846194011129,1.0331012248343607,0.0,0.0,0.0,0.0,0.0,0.0,0.0,0.0,0.0,0.3038988942775294,0.0,0.0,3.675e-09
7010.0,1.005158054824305,0.0,0.513115056,0.0,1.005158054824305,0.0,0.0,0.0,0.0,0.0,0.0,0.0,0.0,0.0,0.2932965619989655,0.0,0.0,3.675e-09
7011.0,0.9561486393446369,0.0,0.504123049,0.0,0.9561486393446368,0.0,0.0,0.0,0.0,0.0,0.0,0.0,0.0,0.0,0.31955140641873253,0.0,0.0,3.675e-09
7012.0,0.89804313363563,0.0,0.488388334,0.0,0.89804313363563,0.0,0.0,0.0,0.0,0.0,0.0,0.0,0.0,0.0,0.33783969550693443,0.0,0.0,3.675e-09
7013.0,0.8458385156967708,0.0,0.468315176,0.0,0.8458385156967708,0.0,0.0,0.0,0.0,0.0,0.0,0.0,0.0,0.0,0.33924852335047645,0.0,0.0,3.675e-09
7014.0,0.8079989573293973,0.0,0.44533148,0.0,0.8079989573293973,0.0,0.0,0.0,0.0,0.0,0.0,0.0,0.0,0.0,0.31892707896827843,0.0,0.0,3.675e-09
7015.0,0.7810399958503687,0.0,0.422780717,0.0,0.7810399958503687,0.0,0.0,0.0,0.0,0.0,0.0,0.0,0.0,0.0,0.2888205889704021,0.0,0.0,3.675e-09
7016.0,0.7659250887288067,0.0,0.405162565,0.0,0.7659250887288067,0.0,0.0,0.0,0.0,0.0,0.0,0.0,0.0,0.0,0.25935217986143394,0.0,0.0,3.675e-09
7017.0,0.7683860174654952,0.0,0.379282479,0.0,0.7683860174654951,0.0,0.0,0.0,0.0,0.0,0.0,0.0,0.0,0.0,0.19140083770276403,0.0,0.0,3.675e-09
7018.0,0.7949489157609001,0.0,0.358336365,0.0,0.7949489157609001,0.0,0.0,0.0,0.0,0.0,0.0,0.0,0.0,0.0,0.11183310528725757,0.0,0.0,3.675e-09
7019.0,0.8592846204488918,0.000441934,0.343701832,0.00021409908581924045,0.8590705213630725,0.0,0.0,0.0,0.0,0.0,0.0,0.0,0.0,0.0,0.010678329995941406,0.0,0.0,3.675e-09
7020.0,0.9199267071993403,0.016030332,0.328952392,0.007766045216206304,0.8324249057066418,0.0,0.07973575627649218,0.0,0.0,0.0,0.0,0.0,0.0,0.0,0.0,0.0,0.0,0.006839048849999999
7021.0,0.9402527320182291,0.078140915,0.287827219,0.037856101740483816,0.7283562955088042,0.0,0.17404033476894115,0.0,0.0,0.0,0.0,0.0,0.0,0.0,0.0,0.0,0.0,0.006839048849999999
7022.0,0.9496024801517272,0.187450809,0.272881539,0.0908123087225175,0.6905357580471959,0.0,0.1682544133820138,0.0,0.0,0.0,0.0,0.0,0.0,0.0,0.0,0.0,0.0,0.006839048849999999
7023.0,0.9607100349542561,0.320298875,0.332113053,0.1551718046731665,0.8055382302810896,0.0,0.0,0.0,0.0,0.0,0.0,0.0,0.0,0.0,0.034884832602338135,0.0,0.0,3.675e-09
7024.0,0.9671004388727139,0.438098035,0.353059025,0.21224071647057163,0.7548597224021422,0.0,0.0,0.0,0.0,0.0,0.0,0.0,0.0,0.0,0.1385678152656914,0.0,0.0,3.675e-09
7025.0,0.9724762111745346,0.515704316,0.344027127,0.24983780973773617,0.7226384014367985,0.0,0.0,0.0,0.0,0.0,0.0,0.0,0.0,0.0,0.14793361967652394,0.0,0.0,3.675e-09
7026.0,0.980880304498693,0.542249303,0.338884584,0.26269777853349213,0.7181825259652009,0.0,0.0,0.0,0.0,0.0,0.0,0.0,0.0,0.0,0.13937612003374525,0.0,0.0,3.675e-09
7027.0,0.9894312527673368,0.511913897,0.342689993,0.24800150557745007,0.7414297471898867,0.0,0.0,0.0,0.0,0.0,0.0,0.0,0.0,0.0,0.12575861212027992,0.0,0.0,3.675e-09
7028.0,0.9965403545808746,0.433838334,0.350481605,0.21017706422846466,0.7863632903524099,0.0,0.0,0.0,0.0,0.0,0.0,0.0,0.0,0.0,0.10054200077566773,0.0,0.0,3.675e-09
7029.0,1.0031198892612152,0.32106215,0.358268089,0.15554158043092373,0.8475783088302915,0.0,0.0,0.0,0.0,0.0,0.0,0.0,0.0,0.0,0.059030937542125246,0.0,0.0,3.675e-09
7030.0,1.0090185531987772,0.195989072,0.360206217,0.09494875059570272,0.9115137433661561,0.0,0.002556059236918335,0.0,0.0,0.0,0.0,0.0,0.0,0.0,0.0,0.0,0.0,0.006839048849999999
7031.0,1.0159986007277626,0.085727341,0.36715922,0.04153141722025074,0.9291085473785647,0.0,0.045358636128947145,0.0,0.0,0.0,0.0,0.0,0.0,0.0,0.0,0.0,0.0,0.006839048849999999
7032.0,1.0362667729019066,0.022099944,0.389831982,0.010706525877294816,0.9864827213592152,0.0,0.03907752566539661,0.0,0.0,0.0,0.0,0.0,0.0,0.0,0.0,0.0,0.0,0.006839048849999999
7033.0,1.033282952529477,0.000983161,0.400114924,0.00047630160004238247,1.0125040461250703,0.0,0.0203026048043645,0.0,0.0,0.0,0.0,0.0,0.0,0.0,0.0,0.0,0.0,0.006839048849999999
7034.0,1.00400991825817,0.0,0.401266431,0.0,1.00400991825817,0.0,0.0,0.0,0.0,0.0,0.0,0.0,0.0,0.0,0.011408054408268921,0.0,0.0,3.675e-09
7035.0,0.954517662127648,0.0,0.395015997,0.0,0.954517662127648,0.0,0.0,0.0,0.0,0.0,0.0,0.0,0.0,0.0,0.04508338061333374,0.0,0.0,3.675e-09
7036.0,0.8966569139928338,0.0,0.385867107,0.0,0.8966569139928338,0.0,0.0,0.0,0.0,0.0,0.0,0.0,0.0,0.0,0.07979256006896215,0.0,0.0,3.675e-09
7037.0,0.8425276099479393,0.0,0.378283094,0.0,0.8425276099479393,0.0,0.0,0.0,0.0,0.0,0.0,0.0,0.0,0.0,0.11473026843029956,0.0,0.0,3.675e-09
7038.0,0.8040895076400716,0.0,0.370813142,0.0,0.8040895076400716,0.0,0.0,0.0,0.0,0.0,0.0,0.0,0.0,0.0,0.13426541018686317,0.0,0.0,3.675e-09
7039.0,0.7769013644142727,0.0,0.365437673,0.0,0.7769013644142727,0.0,0.0,0.0,0.0,0.0,0.0,0.0,0.0,0.0,0.1478507513529221,0.0,0.0,3.675e-09
7040.0,0.7606472200566179,0.0,0.358590264,0.0,0.7606472200566179,0.0,0.0,0.0,0.0,0.0,0.0,0.0,0.0,0.0,0.14677730080693555,0.0,0.0,3.675e-09
7041.0,0.7610966842201161,0.0,0.33916351,0.0,0.7610966842201161,0.0,0.0,0.0,0.0,0.0,0.0,0.0,0.0,0.0,0.09716779324531519,0.0,0.0,3.675e-09
7042.0,0.7877841871350526,0.0,0.318751259,0.0,0.7877841871350526,0.0,0.0,0.0,0.0,0.0,0.0,0.0,0.0,0.0,0.018826414185482546,0.0,0.0,3.675e-09
7043.0,0.8510629823891604,0.000523337,0.304371906,0.0002535355353409872,0.7702231730596473,0.0,0.08058627379417224,0.0,0.0,0.0,0.0,0.0,0.0,0.0,0.0,0.0,0.0,0.006839048849999999
7044.0,0.9118964257339272,0.015728318,0.288551096,0.007619731691325638,0.7301880901943653,0.0,0.1740886038482362,0.0,0.0,0.0,0.0,0.0,0.0,0.0,0.0,0.0,0.0,0.006839048849999999
7045.0,0.9355734072865346,0.071054039,0.252627704,0.034422797960022664,0.6392827588287775,0.0,0.26186785049773437,0.0,0.0,0.0,0.0,0.0,0.0,0.0,0.0,0.0,0.0,0.006839048849999999
7046.0,0.9506237882657449,0.171626813,0.245252232,0.08314622492356263,0.6206188830417244,0.0,0.24685868030045788,0.0,0.0,0.0,0.0,0.0,0.0,0.0,0.0,0.0,0.0,0.006839048849999999
7047.0,0.9684911081805311,0.306236299,0.292005435,0.14835905737184188,0.7389294092614531,0.0,0.08120264154723608,0.0,0.0,0.0,0.0,0.0,0.0,0.0,0.0,0.0,0.0,0.006839048849999999
7048.0,0.9792804779366245,0.426761698,0.31191986,0.20674872131238323,0.7725317566242412,0.0,0.0,0.0,0.0,0.0,0.0,0.0,0.0,0.0,0.01679176362706897,0.0,0.0,3.675e-09
7049.0,0.9897828133012031,0.506560199,0.30445243,0.24540785619190317,0.7443749571092999,0.0,0.0,0.0,0.0,0.0,0.0,0.0,0.0,0.0,0.026051984595103272,0.0,0.0,3.675e-09
7050.0,1.0043525784620702,0.536515824,0.300450646,0.2599201406679651,0.7444324377941051,0.0,0.0,0.0,0.0,0.0,0.0,0.0,0.0,0.0,0.015867857167877197,0.0,0.0,3.675e-09
7051.0,1.0159073725955867,0.510720904,0.304662704,0.2474235488900516,0.768483823705535,0.0,0.0,0.0,0.0,0.0,0.0,0.0,0.0,0.0,0.0024752233091787108,0.0,0.0,3.675e-09
7052.0,1.024260289772381,0.435768875,0.309485795,0.2111123329863257,0.7831640382794971,0.0,0.029983918506558228,0.0,0.0,0.0,0.0,0.0,0.0,0.0,0.0,0.0,0.0,0.006839048849999999
7053.0,1.0311758101590904,0.321549281,0.311126902,0.15577757562879085,0.7873169138108885,0.0,0.08808132071941101,0.0,0.0,0.0,0.0,0.0,0.0,0.0,0.0,0.0,0.0,0.006839048849999999
7054.0,1.0360442656526678,0.1924605,0.30340878,0.0932393006790922,0.7677859508681343,0.0,0.1750190141054414,0.0,0.0,0.0,0.0,0.0,0.0,0.0,0.0,0.0,0.0,0.006839048849999999
7055.0,1.0406145615922535,0.082723176,0.305585667,0.0400760212105521,0.7732946354066222,0.0,0.22724390497507924,0.0,0.0,0.0,0.0,0.0,0.0,0.0,0.0,0.0,0.0,0.006839048849999999
7056.0,1.0553067065401416,0.020598367,0.323407131,0.009979072766678304,0.8183924393762445,0.0,0.22693519439721874,0.0,0.0,0.0,0.0,0.0,0.0,0.0,0.0,0.0,0.0,0.006839048849999999
7057.0,1.0496884014966383,0.000771346,0.335849692,0.00037368582967214073,0.8498787514355717,0.0,0.19943596423139454,0.0,0.0,0.0,0.0,0.0,0.0,0.0,0.0,0.0,0.0,0.006839048849999999
7058.0,1.0181235437580824,0.0,0.339361204,0.0,0.8587647486697482,0.0,0.15935879508833423,0.0,0.0,0.0,0.0,0.0,0.0,0.0,0.0,0.0,0.0,0.006839048849999999
7059.0,0.9668890567859522,0.0,0.338586725,0.0,0.8568049039498873,0.0,0.11008415283606482,0.0,0.0,0.0,0.0,0.0,0.0,0.0,0.0,0.0,0.0,0.006839048849999999
7060.0,0.9064717021172527,0.0,0.336472752,0.0,0.8514554253688306,0.0,0.05501627674842212,0.0,0.0,0.0,0.0,0.0,0.0,0.0,0.0,0.0,0.0,0.006839048849999999
7061.0,0.8500238746151344,0.0,0.334502446,0.0,0.8464695008820337,0.0,0.003554373733100708,0.0,0.0,0.0,0.0,0.0,0.0,0.0,0.0,0.0,0.0,0.006839048849999999
7062.0,0.6713706939602436,0.0,0.329938766,0.0,0.6713706939602436,0.0,0.0,0.0,0.0,0.0,0.0,0.0,0.0,0.0,0.1635502637706726,0.0,0.0,3.675e-09
7063.0,0.6517989683563011,0.0,0.317119525,0.0,0.6517989683563011,0.0,0.0,0.0,0.0,0.0,0.0,0.0,0.0,0.0,0.1506824761192876,0.0,0.0,3.675e-09
7064.0,0.6283222437279784,0.0,0.305638505,0.0,0.6283222437279784,0.0,0.0,0.0,0.0,0.0,0.0,0.0,0.0,0.0,0.1451060999848833,0.0,0.0,3.675e-09
7065.0,0.6258034633464697,0.0,0.280042505,0.0,0.6258034633464697,0.0,0.0,0.0,0.0,0.0,0.0,0.0,0.0,0.0,0.08285335596152539,0.0,0.0,3.675e-09
7066.0,0.6475468574631507,0.0,0.25718726,0.0,0.6475468574631507,0.0,0.0,0.0,0.0,0.0,0.0,0.0,0.0,0.0,0.0032740085983723145,0.0,0.0,3.675e-09
7067.0,0.6975620052294139,0.000321652,0.243519665,0.0001558273388151406,0.6162345649559466,0.0,0.0811716129346521,0.0,0.0,0.0,0.0,0.0,0.0,0.0,0.0,0.0,0.0,0.006839048849999999
7068.0,0.7444331266838499,0.014017488,0.228447289,0.006790903995352639,0.5780934190767731,0.0,0.159548803611724,0.0,0.0,0.0,0.0,0.0,0.0,0.0,0.0,0.0,0.0,0.006839048849999999
7069.0,0.7644565412838011,0.069073304,0.193965997,0.03346321224643156,0.49083736944834194,0.0,0.24015595958902772,0.0,0.0,0.0,0.0,0.0,0.0,0.0,0.0,0.0,0.0,0.006839048849999999
7070.0,0.7824440161530979,0.170446832,0.184290719,0.08257457202203419,0.46635375852863303,0.0,0.23351568560243066,0.0,0.0,0.0,0.0,0.0,0.0,0.0,0.0,0.0,0.0,0.006839048849999999
7071.0,0.8014238723140775,0.298865193,0.205834749,0.14478805569268455,0.5208716388585353,0.0,0.13576417776285774,0.0,0.0,0.0,0.0,0.0,0.0,0.0,0.0,0.0,0.0,0.006839048849999999
7072.0,0.814854401238776,0.411043632,0.225007967,0.19913395629895025,0.5693901010247653,0.0,0.046330343915060426,0.0,0.0,0.0,0.0,0.0,0.0,0.0,0.0,0.0,0.0,0.006839048849999999
7073.0,0.8249139479373123,0.48477415,0.251416737,0.23485339970176394,0.5900605482355484,0.0,0.0,0.0,0.0,0.0,0.0,0.0,0.0,0.0,0.04615781855564539,0.0,0.0,3.675e-09
7074.0,0.8363908639336407,0.511165828,0.265702571,0.24763909650951296,0.5887517674241278,0.0,0.0,0.0,0.0,0.0,0.0,0.0,0.0,0.0,0.0836173747059812,0.0,0.0,3.675e-09
7075.0,0.8458162653718168,0.485867561,0.272574288,0.2353831129519884,0.6104331524198283,0.0,0.0,0.0,0.0,0.0,0.0,0.0,0.0,0.0,0.07932509681173536,0.0,0.0,3.675e-09
7076.0,0.8513900687654871,0.414896196,0.272582379,0.20100036718940023,0.6503897015760868,0.0,0.0,0.0,0.0,0.0,0.0,0.0,0.0,0.0,0.03938902219852893,0.0,0.0,3.675e-09
7077.0,0.8563519772237511,0.307335051,0.259874493,0.14889135811978632,0.6576209980290594,0.0,0.04983962107490552,0.0,0.0,0.0,0.0,0.0,0.0,0.0,0.0,0.0,0.0,0.006839048849999999
7078.0,0.857500113789886,0.183351353,0.241361985,0.08882628867889968,0.6107744843660932,0.0,0.1578993407448932,0.0,0.0,0.0,0.0,0.0,0.0,0.0,0.0,0.0,0.0,0.006839048849999999
7079.0,0.860176874278357,0.081456855,0.251691976,0.03946254008338445,0.6369148681822577,0.0,0.18379946601271485,0.0,0.0,0.0,0.0,0.0,0.0,0.0,0.0,0.0,0.0,0.006839048849999999
7080.0,0.8726061205814813,0.0204197,0.284413836,0.009892515856899773,0.7197186169540434,0.0,0.1429949877705382,0.0,0.0,0.0,0.0,0.0,0.0,0.0,0.0,0.0,0.0,0.006839048849999999
7081.0,0.8660043345762619,0.000705143,0.306420187,0.00034161316321404704,0.7754064158624103,0.0,0.0902563055506377,0.0,0.0,0.0,0.0,0.0,0.0,0.0,0.0,0.0,0.0,0.006839048849999999
7082.0,0.8414106240367248,0.0,0.309764982,0.0,0.7838705302151129,0.0,0.05754009382161194,0.0,0.0,0.0,0.0,0.0,0.0,0.0,0.0,0.0,0.0,0.006839048849999999
7083.0,0.8006562231041437,0.0,0.312418788,0.0,0.79058607405379,0.0,0.01007014905035376,0.0,0.0,0.0,0.0,0.0,0.0,0.0,0.0,0.0,0.0,0.006839048849999999
7084.0,0.7507501041299895,0.0,0.310612754,0.0,0.7507501041299895,0.0,0.0,0.0,0.0,0.0,0.0,0.0,0.0,0.0,0.035265741165126464,0.0,0.0,3.675e-09
7085.0,0.7050582698966089,0.0,0.30381622,0.0,0.7050582698966089,0.0,0.0,0.0,0.0,0.0,0.0,0.0,0.0,0.0,0.06375872136469311,0.0,0.0,3.675e-09
7086.0,0.805751635511981,0.0,0.295743619,0.0,0.7483890074871868,0.0,0.057362628024794186,0.0,0.0,0.0,0.0,0.0,0.0,0.0,0.0,0.0,0.0,0.006839048849999999
7087.0,0.7743870336977852,0.0,0.291070501,0.0,0.7365635278581893,0.0,0.037823505839595824,0.0,0.0,0.0,0.0,0.0,0.0,0.0,0.0,0.0,0.0,0.006839048849999999
7088.0,0.7562215532290824,0.0,0.295692701,0.0,0.7482601578044378,0.0,0.007961395424644654,0.0,0.0,0.0,0.0,0.0,0.0,0.0,0.0,0.0,0.0,0.006839048849999999
7089.0,0.7530508269272803,0.0,0.289776086,0.0,0.7332879678971593,0.0,0.019762859030120972,0.0,0.0,0.0,0.0,0.0,0.0,0.0,0.0,0.0,0.0,0.006839048849999999
7090.0,0.7737929394223118,0.0,0.288513596,0.0,0.7300931952043206,0.0,0.043699744217991214,0.0,0.0,0.0,0.0,0.0,0.0,0.0,0.0,0.0,0.0,0.006839048849999999
7091.0,0.8301028133098358,0.0004738,0.292063517,0.00022953686944465944,0.7390763876831004,0.0,0.09079688875729078,0.0,0.0,0.0,0.0,0.0,0.0,0.0,0.0,0.0,0.0,0.006839048849999999
7092.0,0.8882750709936296,0.015659191,0.295219586,0.007586242465546614,0.7470629246520386,0.0,0.1336259038760443,0.0,0.0,0.0,0.0,0.0,0.0,0.0,0.0,0.0,0.0,0.006839048849999999
7093.0,0.9186472915161426,0.064774139,0.286054888,0.03138044129808616,0.7238713533061162,0.0,0.1633954969119402,0.0,0.0,0.0,0.0,0.0,0.0,0.0,0.0,0.0,0.0,0.006839048849999999
7094.0,0.9415477225289248,0.15642217,0.279582527,0.07578019251485926,0.7074928297685086,0.0,0.158274700245557,0.0,0.0,0.0,0.0,0.0,0.0,0.0,0.0,0.0,0.0,0.006839048849999999
7095.0,0.9645060061864521,0.282821061,0.319923123,0.13701532493659152,0.8095760419235661,0.0,0.017914639326294432,0.0,0.0,0.0,0.0,0.0,0.0,0.0,0.0,0.0,0.0,0.006839048849999999
7096.0,0.9778831331313513,0.394234909,0.380372614,0.1909908122365137,0.7868923208948376,0.0,0.0,0.0,0.0,0.0,0.0,0.0,0.0,0.0,0.17565315693934974,0.0,0.0,3.675e-09
7097.0,0.9857487599922706,0.468038978,0.405101492,0.22674588811354543,0.7590028718787252,0.0,0.0,0.0,0.0,0.0,0.0,0.0,0.0,0.0,0.2661198494654624,0.0,0.0,3.675e-09
7098.0,0.9958884086605811,0.494091884,0.410994591,0.23936746363734449,0.7565209450232367,0.0,0.0,0.0,0.0,0.0,0.0,0.0,0.0,0.0,0.28351445821260557,0.0,0.0,3.675e-09
7099.0,1.0012775309573894,0.472706207,0.414798861,0.22900697113093954,0.7722705598264499,0.0,0.0,0.0,0.0,0.0,0.0,0.0,0.0,0.0,0.2773916744434486,0.0,0.0,3.675e-09
7100.0,1.0055229663530838,0.403683794,0.415478506,0.19556841350844828,0.8099545528446356,0.0,0.0,0.0,0.0,0.0,0.0,0.0,0.0,0.0,0.2414275455721665,0.0,0.0,3.675e-09
7101.0,1.0074209514692192,0.298017853,0.408515447,0.1443775538544506,0.8630433976147686,0.0,0.0,0.0,0.0,0.0,0.0,0.0,0.0,0.0,0.17071844974909448,0.0,0.0,3.675e-09
7102.0,1.0060747838112347,0.180258954,0.391789847,0.08732814687743534,0.9187466369337994,0.0,0.0,0.0,0.0,0.0,0.0,0.0,0.0,0.0,0.07269052655031555,0.0,0.0,3.675e-09
7103.0,1.005249282956481,0.080224848,0.369898718,0.03886568269648301,0.9360409376568927,0.0,0.030342662603105225,0.0,0.0,0.0,0.0,0.0,0.0,0.0,0.0,0.0,0.0,0.006839048849999999
7104.0,1.0108965128224692,0.016300291,0.369738165,0.007896829394632666,0.9356346529812491,0.0,0.06736503044658727,0.0,0.0,0.0,0.0,0.0,0.0,0.0,0.0,0.0,0.0,0.006839048849999999
7105.0,0.9989189555153537,0.000380808,0.372890556,0.0001844860197962893,0.9436118826495637,0.0,0.055122586845993776,0.0,0.0,0.0,0.0,0.0,0.0,0.0,0.0,0.0,0.0,0.006839048849999999
7106.0,0.9732349600545018,0.0,0.372994699,0.0,0.9438754199548495,0.0,0.029359540099652345,0.0,0.0,0.0,0.0,0.0,0.0,0.0,0.0,0.0,0.0,0.006839048849999999
7107.0,0.9386640306186377,0.0,0.381850546,0.0,0.9386640306186377,0.0,0.0,0.0,0.0,0.0,0.0,0.0,0.0,0.0,0.02762140301359363,0.0,0.0,3.675e-09
7108.0,0.8919041617888963,0.0,0.388533628,0.0,0.8919041617888963,0.0,0.0,0.0,0.0,0.0,0.0,0.0,0.0,0.0,0.09129303183953455,0.0,0.0,3.675e-09
7109.0,0.841751060408039,0.0,0.39123484,0.0,0.841751060408039,0.0,0.0,0.0,0.0,0.0,0.0,0.0,0.0,0.0,0.1482816395096837,0.0,0.0,3.675e-09
7110.0,0.8007964025511732,0.0,0.396861143,0.0,0.8007964025511732,0.0,0.0,0.0,0.0,0.0,0.0,0.0,0.0,0.0,0.2034738431578325,0.0,0.0,3.675e-09
7111.0,0.7689289345936797,0.0,0.403994416,0.0,0.7689289345936797,0.0,0.0,0.0,0.0,0.0,0.0,0.0,0.0,0.0,0.2533922943238772,0.0,0.0,3.675e-09
7112.0,0.7468517796031409,0.0,0.409941471,0.0,0.7468517796031409,0.0,0.0,0.0,0.0,0.0,0.0,0.0,0.0,0.0,0.2905186686482799,0.0,0.0,3.675e-09
7113.0,0.7369368630165795,0.0,0.396759184,0.0,0.7369368630165795,0.0,0.0,0.0,0.0,0.0,0.0,0.0,0.0,0.0,0.26707537207136045,0.0,0.0,3.675e-09
7114.0,0.7410932951126082,0.0,0.382630332,0.0,0.7410932951126082,0.0,0.0,0.0,0.0,0.0,0.0,0.0,0.0,0.0,0.22716541277847496,0.0,0.0,3.675e-09
7115.0,0.7585022515338543,0.000385276,0.380667944,0.0001866505844494736,0.7583156009494049,0.0,0.0,0.0,0.0,0.0,0.0,0.0,0.0,0.0,0.20497721921571252,0.0,0.0,3.675e-09
7116.0,0.7847469647828239,0.011192531,0.378919612,0.0054223269879744695,0.7793246377948494,0.0,0.0,0.0,0.0,0.0,0.0,0.0,0.0,0.0,0.17954397043067577,0.0,0.0,3.675e-09
7117.0,0.8183833635719004,0.047282968,0.367642071,0.022906678878792764,0.7954766846931076,0.0,0.0,0.0,0.0,0.0,0.0,0.0,0.0,0.0,0.13485373310780494,0.0,0.0,3.675e-09
7118.0,0.8519685872135379,0.126700434,0.362883715,0.06138121776622982,0.790587369447308,0.0,0.0,0.0,0.0,0.0,0.0,0.0,0.0,0.0,0.127701871146969,0.0,0.0,3.675e-09
7119.0,0.8805451749146433,0.240922942,0.383736176,0.11671738683849148,0.7638277880761518,0.0,0.0,0.0,0.0,0.0,0.0,0.0,0.0,0.0,0.2072292946248225,0.0,0.0,3.675e-09
7120.0,0.8986617030685679,0.345487347,0.408976156,0.16737459700954146,0.7312871060590264,0.0,0.0,0.0,0.0,0.0,0.0,0.0,0.0,0.0,0.30364058066399596,0.0,0.0,3.675e-09
7121.0,0.9082384091162502,0.415203438,0.414933792,0.20114921346808726,0.707089195648163,0.0,0.0,0.0,0.0,0.0,0.0,0.0,0.0,0.0,0.3429144859791145,0.0,0.0,3.675e-09
7122.0,0.9105369070810305,0.44280831,0.406868296,0.21452265352781824,0.6960142535532122,0.0,0.0,0.0,0.0,0.0,0.0,0.0,0.0,0.0,0.33357942373739724,0.0,0.0,3.675e-09
7123.0,0.9091173119508033,0.42758924,0.396955966,0.20714963182317675,0.7019676801276264,0.0,0.0,0.0,0.0,0.0,0.0,0.0,0.0,0.0,0.3025425183184725,0.0,0.0,3.675e-09
7124.0,0.9066541583816043,0.371930552,0.383482715,0.1801852565574169,0.7264689018241876,0.0,0.0,0.0,0.0,0.0,0.0,0.0,0.0,0.0,0.24394678943487474,0.0,0.0,3.675e-09
7125.0,0.9070680212252366,0.283437302,0.363212187,0.13731386868915263,0.769754152536084,0.0,0.0,0.0,0.0,0.0,0.0,0.0,0.0,0.0,0.14936629731605822,0.0,0.0,3.675e-09
7126.0,0.9123236395724715,0.177066368,0.334121282,0.08578146854085274,0.8265421710316188,0.0,0.0,0.0,0.0,0.0,0.0,0.0,0.0,0.0,0.018962781744138305,0.0,0.0,3.675e-09
7127.0,0.9225166902205811,0.077096046,0.31985103,0.03734990511904065,0.8093936082031052,0.0,0.0757731768984353,0.0,0.0,0.0,0.0,0.0,0.0,0.0,0.0,0.0,0.0,0.006839048849999999
7128.0,0.9368461474722762,0.015307922,0.321603772,0.007416066892323828,0.813828979793527,0.0,0.11560110078642541,0.0,0.0,0.0,0.0,0.0,0.0,0.0,0.0,0.0,0.0,0.006839048849999999
7129.0,0.9312923705709741,0.00038576,0.328292179,0.00018688506280492153,0.8307542148783129,0.0,0.10035127062985633,0.0,0.0,0.0,0.0,0.0,0.0,0.0,0.0,0.0,0.0,0.006839048849999999
7130.0,0.912991160320263,0.0,0.3314648,0.0,0.8387826372305903,0.0,0.0742085230896726,0.0,0.0,0.0,0.0,0.0,0.0,0.0,0.0,0.0,0.0,0.006839048849999999
7131.0,0.8775502283798122,0.0,0.342829203,0.0,0.867540634818543,0.0,0.010009593561269165,0.0,0.0,0.0,0.0,0.0,0.0,0.0,0.0,0.0,0.0,0.006839048849999999
7132.0,0.8422072000689934,0.0,0.352451374,0.0,0.8422072000689934,0.0,0.0,0.0,0.0,0.0,0.0,0.0,0.0,0.0,0.04968265664962366,0.0,0.0,3.675e-09
7133.0,0.8003536128852062,0.0,0.354652512,0.0,0.8003536128852061,0.0,0.0,0.0,0.0,0.0,0.0,0.0,0.0,0.0,0.0971062963293274,0.0,0.0,3.675e-09
7134.0,0.7644498667862698,0.0,0.353219097,0.0,0.7644498667862698,0.0,0.0,0.0,0.0,0.0,0.0,0.0,0.0,0.0,0.12938273837080164,0.0,0.0,3.675e-09
7135.0,0.7353548371144442,0.0,0.347565654,0.0,0.7353548371144442,0.0,0.0,0.0,0.0,0.0,0.0,0.0,0.0,0.0,0.14417154358388293,0.0,0.0,3.675e-09
7136.0,0.7142433624256884,0.0,0.340890695,0.0,0.7142433624256884,0.0,0.0,0.0,0.0,0.0,0.0,0.0,0.0,0.0,0.1483918137965493,0.0,0.0,3.675e-09
7137.0,0.7034495430045741,0.0,0.327783074,0.0,0.7034495430045741,0.0,0.0,0.0,0.0,0.0,0.0,0.0,0.0,0.0,0.12601636483622755,0.0,0.0,3.675e-09
7138.0,0.7035407711367498,0.0,0.316079763,0.0,0.7035407711367498,0.0,0.0,0.0,0.0,0.0,0.0,0.0,0.0,0.0,0.0963095212151377,0.0,0.0,3.675e-09
7139.0,0.7153870493268025,0.000101393,0.308212617,4.91207931692747e-05,0.7153379285336332,0.0,0.0,0.0,0.0,0.0,0.0,0.0,0.0,0.0,0.06460429071559595,0.0,0.0,3.675e-09
7140.0,0.7380694237552917,0.006644353,0.300411854,0.0032189193480481877,0.7348505044072435,0.0,0.0,0.0,0.0,0.0,0.0,0.0,0.0,0.0,0.025351626115970458,0.0,0.0,3.675e-09
7141.0,0.7667995418983389,0.043183755,0.282047731,0.020920776558812068,0.7137311100095217,0.0,0.032147655330005125,0.0,0.0,0.0,0.0,0.0,0.0,0.0,0.0,0.0,0.0,0.006839048849999999
7142.0,0.8011702144099184,0.132733908,0.262830284,0.0643041910330845,0.6651007248962334,0.0,0.07176529848060059,0.0,0.0,0.0,0.0,0.0,0.0,0.0,0.0,0.0,0.0,0.006839048849999999
7143.0,0.8281291748890224,0.251274686,0.248268696,0.1217323866507594,0.6282521449417244,0.0,0.07814464329653845,0.0,0.0,0.0,0.0,0.0,0.0,0.0,0.0,0.0,0.0,0.006839048849999999
7144.0,0.8465549887593404,0.361281056,0.258757625,0.1750260079862826,0.6547947266226282,0.0,0.016734254150429687,0.0,0.0,0.0,0.0,0.0,0.0,0.0,0.0,0.0,0.0,0.006839048849999999
7145.0,0.8603726805376961,0.436141799,0.269355364,0.21129299952811711,0.6490796810095791,0.0,0.0,0.0,0.0,0.0,0.0,0.0,0.0,0.0,0.032532974597066285,0.0,0.0,3.675e-09
7146.0,0.8691261095632103,0.464700749,0.275095178,0.2251286516548089,0.6439974579084013,0.0,0.0,0.0,0.0,0.0,0.0,0.0,0.0,0.0,0.052139986828592284,0.0,0.0,3.675e-09
7147.0,0.871640440279698,0.444264637,0.281489753,0.21522818485003803,0.6564122554296599,0.0,0.0,0.0,0.0,0.0,0.0,0.0,0.0,0.0,0.055906872799725095,0.0,0.0,3.675e-09
7148.0,0.873300343319097,0.378158035,0.287662643,0.18320221931035024,0.6900981240087468,0.0,0.0,0.0,0.0,0.0,0.0,0.0,0.0,0.0,0.037841706489881714,0.0,0.0,3.675e-09
7149.0,0.8769961860891506,0.277003826,0.289487354,0.13419711068854615,0.7325573220234107,0.0,0.010241753377193725,0.0,0.0,0.0,0.0,0.0,0.0,0.0,0.0,0.0,0.0,0.006839048849999999
7150.0,0.8846081540459859,0.161416629,0.288721994,0.07819980518566913,0.7306205532345958,0.0,0.07578779562572106,0.0,0.0,0.0,0.0,0.0,0.0,0.0,0.0,0.0,0.0,0.006839048849999999
7151.0,0.9068788904633536,0.0635654,0.31102341,0.030794856312785043,0.7870550238826299,0.0,0.0890290102679386,0.0,0.0,0.0,0.0,0.0,0.0,0.0,0.0,0.0,0.0,0.006839048849999999
7152.0,0.9364100333037654,0.012625831,0.36093429,0.006116702663312229,0.91335615616847,0.0,0.016937174471983153,0.0,0.0,0.0,0.0,0.0,0.0,0.0,0.0,0.0,0.0,0.006839048849999999
7153.0,0.9402238051958944,0.000396163,0.386107177,0.00019192489406881513,0.9400318803018256,0.0,0.0,0.0,0.0,0.0,0.0,0.0,0.0,0.0,0.0370250988335708,0.0,0.0,3.675e-09
7154.0,0.9171008669338733,0.0,0.383007692,0.0,0.9171008669338733,0.0,0.0,0.0,0.0,0.0,0.0,0.0,0.0,0.0,0.052112762915696415,0.0,0.0,3.675e-09
7155.0,0.8827524447472478,0.0,0.37471064,0.0,0.8827524447472478,0.0,0.0,0.0,0.0,0.0,0.0,0.0,0.0,0.0,0.06546522065059326,0.0,0.0,3.675e-09
7156.0,0.8329820555551022,0.0,0.366794278,0.0,0.8329820555551022,0.0,0.0,0.0,0.0,0.0,0.0,0.0,0.0,0.0,0.09520299402461267,0.0,0.0,3.675e-09
7157.0,0.793144382609526,0.0,0.357448295,0.0,0.793144382609526,0.0,0.0,0.0,0.0,0.0,0.0,0.0,0.0,0.0,0.11139034793706006,0.0,0.0,3.675e-09
7158.0,0.7576633996841883,0.0,0.346898005,0.0,0.7576633996841883,0.0,0.0,0.0,0.0,0.0,0.0,0.0,0.0,0.0,0.12017347314191723,0.0,0.0,3.675e-09
7159.0,0.7342089253808196,0.0,0.33673012,0.0,0.7342089253808196,0.0,0.0,0.0,0.0,0.0,0.0,0.0,0.0,0.0,0.11789777822261926,0.0,0.0,3.675e-09
7160.0,0.7208896500807406,0.0,0.325859261,0.0,0.7208896500807406,0.0,0.0,0.0,0.0,0.0,0.0,0.0,0.0,0.0,0.10370798534718786,0.0,0.0,3.675e-09
7161.0,0.7231770228830439,0.0,0.305240204,0.0,0.7231770228830439,0.0,0.0,0.0,0.0,0.0,0.0,0.0,0.0,0.0,0.04924340697835742,0.0,0.0,3.675e-09
7162.0,0.7511773179685339,0.0,0.288046131,0.0,0.7289102595637548,0.0,0.022267058404779175,0.0,0.0,0.0,0.0,0.0,0.0,0.0,0.0,0.0,0.0,0.006839048849999999
7163.0,0.8135638603931011,0.000321525,0.279814118,0.0001557658124698061,0.7080788784522266,0.0,0.10532921612840467,0.0,0.0,0.0,0.0,0.0,0.0,0.0,0.0,0.0,0.0,0.006839048849999999
7164.0,0.8810791917128614,0.010030519,0.273464049,0.0048593793376217305,0.6920098188645533,0.0,0.18420999351068654,0.0,0.0,0.0,0.0,0.0,0.0,0.0,0.0,0.0,0.0,0.006839048849999999
7165.0,0.9146021120448082,0.055907303,0.258639324,0.02708481914249476,0.6544953620301676,0.0,0.23302193087214587,0.0,0.0,0.0,0.0,0.0,0.0,0.0,0.0,0.0,0.0,0.006839048849999999
7166.0,0.9337555241401729,0.145241418,0.246028473,0.07036357197429972,0.6225831865608507,0.0,0.2408087656050226,0.0,0.0,0.0,0.0,0.0,0.0,0.0,0.0,0.0,0.0,0.006839048849999999
7167.0,0.9533049984192369,0.261965887,0.252621209,0.12691183960167457,0.6392663230165017,0.0,0.18712683580106068,0.0,0.0,0.0,0.0,0.0,0.0,0.0,0.0,0.0,0.0,0.006839048849999999
7168.0,0.9623832879886426,0.370483552,0.278924021,0.17948424378813357,0.7058264585601264,0.0,0.07707258564038269,0.0,0.0,0.0,0.0,0.0,0.0,0.0,0.0,0.0,0.0,0.006839048849999999
7169.0,0.9657253453923194,0.447102058,0.302072226,0.2166028001595284,0.7491225452327909,0.0,0.0,0.0,0.0,0.0,0.0,0.0,0.0,0.0,0.015281211541366944,0.0,0.0,3.675e-09
7170.0,0.9684354813682213,0.477548379,0.30925667,0.2313528069312616,0.7370826744369597,0.0,0.0,0.0,0.0,0.0,0.0,0.0,0.0,0.0,0.04550155545336462,0.0,0.0,3.675e-09
7171.0,0.9683887548858782,0.456833261,0.315202583,0.22131717304376325,0.747071581842115,0.0,0.0,0.0,0.0,0.0,0.0,0.0,0.0,0.0,0.050558977513309816,0.0,0.0,3.675e-09
7172.0,0.9674097235891828,0.390533854,0.321006169,0.18919780130712893,0.7782119222820538,0.0,0.0,0.0,0.0,0.0,0.0,0.0,0.0,0.0,0.03410480335852271,0.0,0.0,3.675e-09
7173.0,0.9700086069403902,0.291078786,0.319891087,0.14101585753523,0.8094949737662045,0.0,0.01949777563895569,0.0,0.0,0.0,0.0,0.0,0.0,0.0,0.0,0.0,0.0,0.006839048849999999
7174.0,0.978058913898247,0.179977346,0.318712258,0.08719171923131765,0.8065119080003557,0.0,0.0843552866665736,0.0,0.0,0.0,0.0,0.0,0.0,0.0,0.0,0.0,0.0,0.006839048849999999
7175.0,0.9976417646646664,0.081137268,0.336597481,0.039307713153255264,0.8517710562278513,0.0,0.10656299528355981,0.0,0.0,0.0,0.0,0.0,0.0,0.0,0.0,0.0,0.0,0.006839048849999999
7176.0,1.0239243040660124,0.018328185,0.356723149,0.00887926172963817,0.9026997246145617,0.0,0.1123453177218125,0.0,0.0,0.0,0.0,0.0,0.0,0.0,0.0,0.0,0.0,0.006839048849999999
7177.0,1.0202573871183689,0.000435317,0.359835883,0.00021089341788949097,0.9105766009330045,0.0,0.10946989276747485,0.0,0.0,0.0,0.0,0.0,0.0,0.0,0.0,0.0,0.0,0.006839048849999999
7178.0,0.9929735650954488,0.0,0.346328755,0.0,0.8763963668772279,0.0,0.11657719821822082,0.0,0.0,0.0,0.0,0.0,0.0,0.0,0.0,0.0,0.0,0.006839048849999999
7179.0,0.9477133943656334,0.0,0.336610401,0.0,0.851803750715088,0.0,0.09590964365054541,0.0,0.0,0.0,0.0,0.0,0.0,0.0,0.0,0.0,0.0,0.006839048849999999
7180.0,0.8895389118493294,0.0,0.325742943,0.0,0.8243032888825415,0.0,0.06523562296678796,0.0,0.0,0.0,0.0,0.0,0.0,0.0,0.0,0.0,0.0,0.006839048849999999
7181.0,0.8381419951052157,0.0,0.309708212,0.0,0.7837268718528505,0.0,0.054415123252365236,0.0,0.0,0.0,0.0,0.0,0.0,0.0,0.0,0.0,0.0,0.006839048849999999
7182.0,0.8006317469467545,0.0,0.296842454,0.0,0.7511696457908055,0.0,0.049462101155949095,0.0,0.0,0.0,0.0,0.0,0.0,0.0,0.0,0.0,0.0,0.006839048849999999
7183.0,0.7742490790832662,0.0,0.288888964,0.0,0.7310430763409359,0.0,0.04320600274233032,0.0,0.0,0.0,0.0,0.0,0.0,0.0,0.0,0.0,0.0,0.006839048849999999
7184.0,0.7586580068083063,0.0,0.285150966,0.0,0.7215839487943528,0.0,0.03707405801395349,0.0,0.0,0.0,0.0,0.0,0.0,0.0,0.0,0.0,0.0,0.006839048849999999
7185.0,0.7572895878254432,0.0,0.275766541,0.0,0.6978363510090293,0.0,0.05945323681641394,0.0,0.0,0.0,0.0,0.0,0.0,0.0,0.0,0.0,0.0,0.006839048849999999
7186.0,0.7808286147635316,0.0,0.268149066,0.0,0.6785600786279556,0.0,0.10226853613557593,0.0,0.0,0.0,0.0,0.0,0.0,0.0,0.0,0.0,0.0,0.006839048849999999
7187.0,0.8428635956543077,0.000273603,0.264908783,0.00013254954852399145,0.670360435347241,0.0,0.17237061075854274,0.0,0.0,0.0,0.0,0.0,0.0,0.0,0.0,0.0,0.0,0.006839048849999999
7188.0,0.905646201262499,0.008114084,0.261576261,0.003930944364227523,0.6619273782268801,0.0,0.23978787867139123,0.0,0.0,0.0,0.0,0.0,0.0,0.0,0.0,0.0,0.0,0.006839048849999999
7189.0,0.9332660079918629,0.040230835,0.25183326,0.019490206671685596,0.6372723920162169,0.0,0.27650340930396045,0.0,0.0,0.0,0.0,0.0,0.0,0.0,0.0,0.0,0.0,0.006839048849999999
7190.0,0.948004879422094,0.119062836,0.227903895,0.05768111152942782,0.576718342590898,0.0,0.31360542530176805,0.0,0.0,0.0,0.0,0.0,0.0,0.0,0.0,0.0,0.0,0.006839048849999999
7191.0,0.9642923992671799,0.230487012,0.237491592,0.11166160232615797,0.600980326893991,0.0,0.251650470047031,0.0,0.0,0.0,0.0,0.0,0.0,0.0,0.0,0.0,0.0,0.006839048849999999
7192.0,0.9713391997708767,0.332392479,0.300758249,0.16103066495696436,0.7610786945252542,0.0,0.04922984028865808,0.0,0.0,0.0,0.0,0.0,0.0,0.0,0.0,0.0,0.0,0.006839048849999999
7193.0,0.9718086894268185,0.403764086,0.34494585,0.19560731172356322,0.7762013777032553,0.0,0.0,0.0,0.0,0.0,0.0,0.0,0.0,0.0,0.09669550234176795,0.0,0.0,3.675e-09
7194.0,0.9763990108588478,0.434218554,0.384473423,0.21036126538612665,0.7660377454727212,0.0,0.0,0.0,0.0,0.0,0.0,0.0,0.0,0.0,0.20688496514093152,0.0,0.0,3.675e-09
7195.0,0.977916509618707,0.422266478,0.423954868,0.204570969674002,0.7733455399447051,0.0,0.0,0.0,0.0,0.0,0.0,0.0,0.0,0.0,0.29948627280822304,0.0,0.0,3.675e-09
7196.0,0.9792404269517375,0.368440584,0.45585331,0.17849450871195038,0.8007459182397871,0.0,0.0,0.0,0.0,0.0,0.0,0.0,0.0,0.0,0.35280595680725807,0.0,0.0,3.675e-09
7197.0,0.985072337914588,0.27888995,0.476590694,0.13511086121270072,0.8499614767018874,0.0,0.0,0.0,0.0,0.0,0.0,0.0,0.0,0.0,0.3560670342980055,0.0,0.0,3.675e-09
7198.0,0.9971700491762894,0.171743588,0.483995879,0.08320279767140856,0.9139672515048809,0.0,0.0,0.0,0.0,0.0,0.0,0.0,0.0,0.0,0.3108003250111101,0.0,0.0,3.675e-09
7199.0,1.0182036467277813,0.071804903,0.463978824,0.03478656109201654,0.9834170856357647,0.0,0.0,0.0,0.0,0.0,0.0,0.0,0.0,0.0,0.190696671281615,0.0,0.0,3.675e-09
7200.0,1.0316519753124882,0.011578024,0.445789739,0.005609082700116365,1.026042892612372,0.0,0.0,0.0,0.0,0.0,0.0,0.0,0.0,0.0,0.10204278323844702,0.0,0.0,3.675e-09
7201.0,1.025557506115512,0.000129972,0.453357406,6.296615870717871e-05,1.0254945399568047,0.0,0.0,0.0,0.0,0.0,0.0,0.0,0.0,0.0,0.12174136748404382,0.0,0.0,3.675e-09
7202.0,0.9983137360774034,0.0,0.469196083,0.0,0.9983137360774034,0.0,0.0,0.0,0.0,0.0,0.0,0.0,0.0,0.0,0.18900246726305053,0.0,0.0,3.675e-09
7203.0,0.95168737219716,0.0,0.487633215,0.0,0.95168737219716,0.0,0.0,0.0,0.0,0.0,0.0,0.0,0.0,0.0,0.2822846033457374,0.0,0.0,3.675e-09
7204.0,0.8951905923802634,0.0,0.50164662,0.0,0.8951905923802634,0.0,0.0,0.0,0.0,0.0,0.0,0.0,0.0,0.0,0.37424276790840627,0.0,0.0,3.675e-09
7205.0,0.8423785301709433,0.0,0.51357339,0.0,0.8423785301709433,0.0,0.0,0.0,0.0,0.0,0.0,0.0,0.0,0.0,0.45723591599545044,0.0,0.0,3.675e-09
7206.0,0.8034976381971086,0.0,0.524388187,0.0,0.8034976381971086,0.0,0.0,0.0,0.0,0.0,0.0,0.0,0.0,0.0,0.5234840093999453,0.0,0.0,3.675e-09
7207.0,0.7741356006261364,0.0,0.53625955,0.0,0.7741356006261364,0.0,0.0,0.0,0.0,0.0,0.0,0.0,0.0,0.0,0.582886923602951,0.0,0.0,3.675e-09
7208.0,0.7566509919001372,0.0,0.549498014,0.0,0.7566509919001372,0.0,0.0,0.0,0.0,0.0,0.0,0.0,0.0,0.0,0.6338719032485838,0.0,0.0,3.675e-09
7209.0,0.7546195028344281,0.0,0.561443721,0.0,0.7546195028344281,0.0,0.0,0.0,0.0,0.0,0.0,0.0,0.0,0.0,0.666132398896723,0.0,0.0,3.675e-09
7210.0,0.7764363244233519,0.0,0.56703011,0.0,0.7764363244233518,0.0,0.0,0.0,0.0,0.0,0.0,0.0,0.0,0.0,0.6584521194022119,0.0,0.0,3.675e-09
7211.0,0.835140374072853,0.000146133,0.570346077,7.079550726584301e-05,0.8350695785655872,0.0,0.0,0.0,0.0,0.0,0.0,0.0,0.0,0.0,0.6082100294053987,0.0,0.0,3.675e-09
7212.0,0.8974223383702571,0.006323001,0.566246219,0.0030632373470566715,0.8943591010232005,0.0,0.0,0.0,0.0,0.0,0.0,0.0,0.0,0.0,0.5385456807052679,0.0,0.0,3.675e-09
7213.0,0.928259598883691,0.043354855,0.544776368,0.021003667564219376,0.9072559313194717,0.0,0.0,0.0,0.0,0.0,0.0,0.0,0.0,0.0,0.4713186824915349,0.0,0.0,3.675e-09
7214.0,0.9467899898812476,0.132592831,0.543486409,0.06423584495260615,0.8825541449286415,0.0,0.0,0.0,0.0,0.0,0.0,0.0,0.0,0.0,0.49275618497668544,0.0,0.0,3.675e-09
7215.0,0.9667822538262785,0.251597443,0.673568162,0.12188874931722485,0.8448935045090535,0.0,0.0,0.0,0.0,0.0,0.0,0.0,0.0,0.0,0.8595930028875733,0.0,0.0,3.675e-09
7216.0,0.9795096606833193,0.358425101,0.74566289,0.17364241370604871,0.8058672469772706,0.0,0.0,0.0,0.0,0.0,0.0,0.0,0.0,0.0,1.0810573536415085,0.0,0.0,3.675e-09
7217.0,0.986100320526137,0.430787976,0.767966084,0.2086992895851437,0.7774010309409934,0.0,0.0,0.0,0.0,0.0,0.0,0.0,0.0,0.0,1.1659625396136144,0.0,0.0,3.675e-09
7218.0,0.9936722374980854,0.458398931,0.794501685,0.22207567661147837,0.7715965608866071,0.0,0.0,0.0,0.0,0.0,0.0,0.0,0.0,0.0,1.2389162254739585,0.0,0.0,3.675e-09
7219.0,0.9990925104498141,0.439262195,0.817830432,0.21280470473974156,0.7862878057100725,0.0,0.0,0.0,0.0,0.0,0.0,0.0,0.0,0.0,1.2832591463656622,0.0,0.0,3.675e-09
7220.0,1.0037985361714086,0.375827506,0.818100961,0.1820731726011692,0.8217253635702394,0.0,0.0,0.0,0.0,0.0,0.0,0.0,0.0,0.0,1.2485061710858092,0.0,0.0,3.675e-09
7221.0,1.009775077246234,0.274792453,0.77954043,0.13312579022507115,0.8766492870211627,0.0,0.0,0.0,0.0,0.0,0.0,0.0,0.0,0.0,1.0960035488252629,0.0,0.0,3.675e-09
7222.0,1.0159674500728422,0.157161799,0.690645646,0.07613851274535839,0.9398289373274837,0.0,0.0,0.0,0.0,0.0,0.0,0.0,0.0,0.0,0.807872708046941,0.0,0.0,3.675e-09
7223.0,1.0222421507016595,0.058431236,0.595704777,0.02830756223981022,0.9939345884618492,0.0,0.0,0.0,0.0,0.0,0.0,0.0,0.0,0.0,0.5135160484170008,0.0,0.0,3.675e-09
7224.0,1.0320235623387228,0.011349555,0.56344954,0.005498398742697303,1.0265251635960255,0.0,0.0,0.0,0.0,0.0,0.0,0.0,0.0,0.0,0.3993025294427616,0.0,0.0,3.675e-09
7225.0,1.026093748746165,0.000275755,0.55397405,0.00013359210517879287,1.0259601566409862,0.0,0.0,0.0,0.0,0.0,0.0,0.0,0.0,0.0,0.375889495618653,0.0,0.0,3.675e-09
7226.0,0.9975394113700136,0.0,0.542570741,0.0,0.9975394113700136,0.0,0.0,0.0,0.0,0.0,0.0,0.0,0.0,0.0,0.3754537903821349,0.0,0.0,3.675e-09
7227.0,0.950674964413109,0.0,0.53565738,0.0,0.9506749644131088,0.0,0.0,0.0,0.0,0.0,0.0,0.0,0.0,0.0,0.40482374871850685,0.0,0.0,3.675e-09
7228.0,0.8910007837968789,0.0,0.530024384,0.0,0.8910007837968789,0.0,0.0,0.0,0.0,0.0,0.0,0.0,0.0,0.0,0.4502434466856309,0.0,0.0,3.675e-09
7229.0,0.8360704540546948,0.0,0.52226116,0.0,0.8360704540546948,0.0,0.0,0.0,0.0,0.0,0.0,0.0,0.0,0.0,0.4855286813826345,0.0,0.0,3.675e-09
7230.0,0.7962950834188846,0.0,0.517338927,0.0,0.7962950834188846,0.0,0.0,0.0,0.0,0.0,0.0,0.0,0.0,0.0,0.5128481786442478,0.0,0.0,3.675e-09
7231.0,0.766156496308012,0.0,0.50747277,0.0,0.766156496308012,0.0,0.0,0.0,0.0,0.0,0.0,0.0,0.0,0.0,0.5180201292139524,0.0,0.0,3.675e-09
7232.0,0.7488832696687745,0.0,0.495846934,0.0,0.7488832696687745,0.0,0.0,0.0,0.0,0.0,0.0,0.0,0.0,0.0,0.5058737934137079,0.0,0.0,3.675e-09
7233.0,0.7478219105698698,0.0,0.474624901,0.0,0.7478219105698698,0.0,0.0,0.0,0.0,0.0,0.0,0.0,0.0,0.0,0.4532320962389613,0.0,0.0,3.675e-09
7234.0,0.7720351337532055,0.0,0.452826644,0.0,0.7720351337532055,0.0,0.0,0.0,0.0,0.0,0.0,0.0,0.0,0.0,0.3738576628954812,0.0,0.0,3.675e-09
7235.0,0.8310017416368325,8.1e-05,0.433792817,3.924121237867753e-05,0.8309625004244539,0.0,0.0,0.0,0.0,0.0,0.0,0.0,0.0,0.0,0.2667645675928645,0.0,0.0,3.675e-09
7236.0,0.8963498541088754,0.009631442,0.414698953,0.004666042728826107,0.8916838113800493,0.0,0.0,0.0,0.0,0.0,0.0,0.0,0.0,0.0,0.1577256023921056,0.0,0.0,3.675e-09
7237.0,0.9258476214618562,0.056051226,0.382002933,0.0271545439944599,0.8986930774673962,0.0,0.0,0.0,0.0,0.0,0.0,0.0,0.0,0.0,0.06797797650744654,0.0,0.0,3.675e-09
7238.0,0.9441555062100988,0.154812315,0.402831435,0.0750002831080213,0.8691552231020774,0.0,0.0,0.0,0.0,0.0,0.0,0.0,0.0,0.0,0.15022304393769007,0.0,0.0,3.675e-09
7239.0,0.964034290698075,0.279093597,0.434474354,0.1352095199185931,0.8288247707794819,0.0,0.0,0.0,0.0,0.0,0.0,0.0,0.0,0.0,0.27062694915330443,0.0,0.0,3.675e-09
7240.0,0.97445874892539,0.391659114,0.443942116,0.18974294410516881,0.7847158048202212,0.0,0.0,0.0,0.0,0.0,0.0,0.0,0.0,0.0,0.33869439993216455,0.0,0.0,3.675e-09
7241.0,0.98028843505573,0.470803755,0.442459038,0.2280853103535045,0.7522031247022256,0.0,0.0,0.0,0.0,0.0,0.0,0.0,0.0,0.0,0.36745410212894924,0.0,0.0,3.675e-09
7242.0,0.9851390898893746,0.503003008,0.436499936,0.24368454153137817,0.7414545483579965,0.0,0.0,0.0,0.0,0.0,0.0,0.0,0.0,0.0,0.3631229738074457,0.0,0.0,3.675e-09
7243.0,0.9886636025574783,0.480677756,0.427846877,0.23286886307286592,0.7557947394846123,0.0,0.0,0.0,0.0,0.0,0.0,0.0,0.0,0.0,0.32688593074321276,0.0,0.0,3.675e-09
7244.0,0.9906016396584257,0.406985861,0.412201509,0.1971681309459251,0.7934335087125007,0.0,0.0,0.0,0.0,0.0,0.0,0.0,0.0,0.0,0.24965604043253345,0.0,0.0,3.675e-09
7245.0,0.990890898882451,0.295659045,0.381071575,0.14323480711755526,0.8476560917648956,0.0,0.0,0.0,0.0,0.0,0.0,0.0,0.0,0.0,0.11665812999293408,0.0,0.0,3.675e-09
7246.0,0.9926665052114902,0.168282052,0.346000982,0.08152582397594636,0.8755669264619773,0.0,0.03557375477356653,0.0,0.0,0.0,0.0,0.0,0.0,0.0,0.0,0.0,0.0,0.006839048849999999
7247.0,1.0154579084320883,0.063525979,0.334465491,0.030775758438301343,0.846375985032511,0.0,0.13830616496127587,0.0,0.0,0.0,0.0,0.0,0.0,0.0,0.0,0.0,0.0,0.006839048849999999
7248.0,1.0159986007277626,0.013397039,0.337918709,0.006490321637585502,0.8551144673720298,0.0,0.15439381171814734,0.0,0.0,0.0,0.0,0.0,0.0,0.0,0.0,0.0,0.0,0.006839048849999999
7249.0,1.0142074185713008,0.000279314,0.33611563,0.00013531629622639426,0.8505517163385714,0.0,0.16352038593650292,0.0,0.0,0.0,0.0,0.0,0.0,0.0,0.0,0.0,0.0,0.006839048849999999
7250.0,0.9913937650257485,0.0,0.324808626,0.0,0.8219389688181805,0.0,0.16945479620756798,0.0,0.0,0.0,0.0,0.0,0.0,0.0,0.0,0.0,0.0,0.006839048849999999
7251.0,0.9449454067449112,0.0,0.312608805,0.0,0.7910669183557448,0.0,0.15387848838916637,0.0,0.0,0.0,0.0,0.0,0.0,0.0,0.0,0.0,0.0,0.006839048849999999
7252.0,0.8901686064447442,0.0,0.308994655,0.0,0.7819211922685498,0.0,0.10824741417619434,0.0,0.0,0.0,0.0,0.0,0.0,0.0,0.0,0.0,0.0,0.006839048849999999
7253.0,0.8390275734372248,0.0,0.311399727,0.0,0.7880073064951267,0.0,0.05102026694209802,0.0,0.0,0.0,0.0,0.0,0.0,0.0,0.0,0.0,0.0,0.006839048849999999
7254.0,0.8008765045209474,0.0,0.312404236,0.0,0.7905492497365866,0.0,0.01032725478436084,0.0,0.0,0.0,0.0,0.0,0.0,0.0,0.0,0.0,0.0,0.006839048849999999
7255.0,0.772858409775449,0.0,0.314715785,0.0,0.772858409775449,0.0,0.0,0.0,0.0,0.0,0.0,0.0,0.0,0.0,0.023540291143609254,0.0,0.0,3.675e-09
7256.0,0.7580728128627995,0.0,0.321435217,0.0,0.7580728128627995,0.0,0.0,0.0,0.0,0.0,0.0,0.0,0.0,0.0,0.055329632929474855,0.0,0.0,3.675e-09
7257.0,0.7563995588284884,0.0,0.322964313,0.0,0.7563995588284884,0.0,0.0,0.0,0.0,0.0,0.0,0.0,0.0,0.0,0.06087231495571375,0.0,0.0,3.675e-09
7258.0,0.7774665318674113,0.0,0.328811535,0.0,0.7774665318674113,0.0,0.0,0.0,0.0,0.0,0.0,0.0,0.0,0.0,0.05460193054289136,0.0,0.0,3.675e-09
7259.0,0.8380107159881527,0.000149891,0.338600882,7.261610573644881e-05,0.8379380998824163,0.0,0.0,0.0,0.0,0.0,0.0,0.0,0.0,0.0,0.018902628824112793,0.0,0.0,3.675e-09
7260.0,0.9005908398395487,0.011560382,0.347195042,0.005600535867168407,0.8785885347769825,0.0,0.016401769195397705,0.0,0.0,0.0,0.0,0.0,0.0,0.0,0.0,0.0,0.0,0.006839048849999999
7261.0,0.9294722625921021,0.059881383,0.349437561,0.02901009960286334,0.88426330326178,0.0,0.016198859727458863,0.0,0.0,0.0,0.0,0.0,0.0,0.0,0.0,0.0,0.0,0.006839048849999999
7262.0,0.9446872981758064,0.143904763,0.345782244,0.06971601687884267,0.8749712812969638,0.0,0.0,0.0,0.0,0.0,0.0,0.0,0.0,0.0,4.212142281665039e-05,0.0,0.0,3.675e-09
7263.0,0.9594728950884558,0.256687921,0.346891707,0.12435487929632345,0.8351180157921323,0.0,0.0,0.0,0.0,0.0,0.0,0.0,0.0,0.0,0.042702919736711795,0.0,0.0,3.675e-09
7264.0,0.9644570548715985,0.357496626,0.432166745,0.17319260525341543,0.7912644496181831,0.0,0.0,0.0,0.0,0.0,0.0,0.0,0.0,0.0,0.3023477894324191,0.0,0.0,3.675e-09
7265.0,0.9645238068463852,0.422044402,0.503110412,0.2044633828656044,0.7600604239807808,0.0,0.0,0.0,0.0,0.0,0.0,0.0,0.0,0.0,0.513077110368353,0.0,0.0,3.675e-09
7266.0,0.9641967214699831,0.43997685,0.545932055,0.2131509260808833,0.7510457953890999,0.0,0.0,0.0,0.0,0.0,0.0,0.0,0.0,0.0,0.630453322591499,0.0,0.0,3.675e-09
7267.0,0.9638295841087694,0.413624325,0.567032433,0.20038419731249554,0.7634453867962739,0.0,0.0,0.0,0.0,0.0,0.0,0.0,0.0,0.0,0.6714489354576062,0.0,0.0,3.675e-09
7268.0,0.9625835449129273,0.347343447,0.566127413,0.1682738021243077,0.7943097427886195,0.0,0.0,0.0,0.0,0.0,0.0,0.0,0.0,0.0,0.6382943964281889,0.0,0.0,3.675e-09
7269.0,0.9612796530723403,0.250035163,0.543343806,0.12113188806691672,0.8401477650054235,0.0,0.0,0.0,0.0,0.0,0.0,0.0,0.0,0.0,0.5348017032928276,0.0,0.0,3.675e-09
7270.0,0.9603473482579881,0.144766306,0.510740269,0.07013339949410642,0.8902139487638816,0.0,0.0,0.0,0.0,0.0,0.0,0.0,0.0,0.0,0.40223119102677224,0.0,0.0,3.675e-09
7271.0,0.9671872163399441,0.062790588,0.488379377,0.030419491346790627,0.9367677249931534,0.0,0.0,0.0,0.0,0.0,0.0,0.0,0.0,0.0,0.2990924381647223,0.0,0.0,3.675e-09
7272.0,0.9787687114633605,0.013149137,0.469907775,0.0063702231804114405,0.972398488282949,0.0,0.0,0.0,0.0,0.0,0.0,0.0,0.0,0.0,0.21671867519763427,0.0,0.0,3.675e-09
7273.0,0.9719132675539819,0.000211078,0.477788118,0.00010225872378353698,0.9718110088301983,0.0,0.0,0.0,0.0,0.0,0.0,0.0,0.0,0.0,0.23724762319793982,0.0,0.0,3.675e-09
7274.0,0.9523749184373951,0.0,0.479618514,0.0,0.952374918437395,0.0,0.0,0.0,0.0,0.0,0.0,0.0,0.0,0.0,0.2613155911960164,0.0,0.0,3.675e-09
7275.0,0.9197576019299007,0.0,0.487254552,0.0,0.9197576019299007,0.0,0.0,0.0,0.0,0.0,0.0,0.0,0.0,0.0,0.313256154369923,0.0,0.0,3.675e-09
7276.0,0.877630331349511,0.0,0.492258616,0.0,0.877630331349511,0.0,0.0,0.0,0.0,0.0,0.0,0.0,0.0,0.0,0.3680463743759851,0.0,0.0,3.675e-09
7277.0,0.8307859098850499,0.0,0.492464181,0.0,0.8307859098850499,0.0,0.0,0.0,0.0,0.0,0.0,0.0,0.0,0.0,0.4154109848705403,0.0,0.0,3.675e-09
7278.0,0.7955363345389174,0.0,0.491512996,0.0,0.7955363345389174,0.0,0.0,0.0,0.0,0.0,0.0,0.0,0.0,0.0,0.44825355512052334,0.0,0.0,3.675e-09
7279.0,0.7622648462786945,0.0,0.490667388,0.0,0.7622648462786945,0.0,0.0,0.0,0.0,0.0,0.0,0.0,0.0,0.0,0.4793852043743019,0.0,0.0,3.675e-09
7280.0,0.7511061153288016,0.0,0.488308723,0.0,0.7511061153288016,0.0,0.0,0.0,0.0,0.0,0.0,0.0,0.0,0.0,0.484575255545698,0.0,0.0,3.675e-09
7281.0,0.7088164149764283,0.0,0.486440684,0.0,0.7088164149764283,0.0,0.0,0.0,0.0,0.0,0.0,0.0,0.0,0.0,0.5221378214365248,0.0,0.0,3.675e-09
7282.0,0.7301904468993851,0.0,0.475763539,0.0,0.7301904468993851,0.0,0.0,0.0,0.0,0.0,0.0,0.0,0.0,0.0,0.47374492102076465,0.0,0.0,3.675e-09
7283.0,0.7816185142984193,0.000167163,0.469252758,8.09836887019367e-05,0.7815375306097174,0.0,0.0,0.0,0.0,0.0,0.0,0.0,0.0,0.0,0.4059220906923573,0.0,0.0,3.675e-09
7284.0,0.7866894515487921,0.008491477,0.469924856,0.00411377595513155,0.7825756755936605,0.0,0.0,0.0,0.0,0.0,0.0,0.0,0.0,0.0,0.40658471192225476,0.0,0.0,3.675e-09
7285.0,0.8291794088254502,0.036688878,0.466317742,0.01777427226584432,0.8114051365596059,0.0,0.0,0.0,0.0,0.0,0.0,0.0,0.0,0.0,0.3686273296997797,0.0,0.0,3.675e-09
7286.0,0.8663870477648983,0.107690337,0.443144949,0.05217159734997969,0.8142154504149186,0.0,0.0,0.0,0.0,0.0,0.0,0.0,0.0,0.0,0.30717749688336293,0.0,0.0,3.675e-09
7287.0,0.8683673606832432,0.218622764,0.424616514,0.10591385571527774,0.7624535049679655,0.0,0.0,0.0,0.0,0.0,0.0,0.0,0.0,0.0,0.312052624867178,0.0,0.0,3.675e-09
7288.0,0.9068321639810104,0.319933911,0.51537955,0.15499499442829526,0.7518371695527151,0.0,0.0,0.0,0.0,0.0,0.0,0.0,0.0,0.0,0.5523478242195193,0.0,0.0,3.675e-09
7289.0,0.8880347640843824,0.389842335,0.585135107,0.1888627884189451,0.6991719756654374,0.0,0.0,0.0,0.0,0.0,0.0,0.0,0.0,0.0,0.7815317617620773,0.0,0.0,3.675e-09
7290.0,0.9097781582010633,0.421219614,0.625648485,0.20406380655603176,0.7057143516450316,0.0,0.0,0.0,0.0,0.0,0.0,0.0,0.0,0.0,0.8775098285020712,0.0,0.0,3.675e-09
7291.0,0.8896813161288692,0.411338,0.65699878,0.19927656564716614,0.6904047504817031,0.0,0.0,0.0,0.0,0.0,0.0,0.0,0.0,0.0,0.9721523878499699,0.0,0.0,3.675e-09
7292.0,0.8956600820362052,0.360283003,0.669501758,0.17454249181667547,0.7211175902195298,0.0,0.0,0.0,0.0,0.0,0.0,0.0,0.0,0.0,0.9730787473878313,0.0,0.0,3.675e-09
7293.0,0.9136052800881798,0.274507527,0.641353432,0.13298775514262415,0.7806175249455557,0.0,0.0,0.0,0.0,0.0,0.0,0.0,0.0,0.0,0.8423485429139878,0.0,0.0,3.675e-09
7294.0,0.8898170459108777,0.169897949,0.574660133,0.08230866048655214,0.8075083854243256,0.0,0.0,0.0,0.0,0.0,0.0,0.0,0.0,0.0,0.6466880839112472,0.0,0.0,3.675e-09
7295.0,0.9204696243275249,0.071824403,0.517293821,0.03479600805055214,0.8856736162769728,0.0,0.0,0.0,0.0,0.0,0.0,0.0,0.0,0.0,0.42335550356160095,0.0,0.0,3.675e-09
7296.0,0.9059399101515452,0.013340908,0.491410685,0.006463128446325903,0.8994767817052193,0.0,0.0,0.0,0.0,0.0,0.0,0.0,0.0,0.0,0.3440542065855159,0.0,0.0,3.675e-09
7297.0,0.9097091813937662,0.000176575,0.478757909,8.554342068845661e-05,0.9096236379730778,0.0,0.0,0.0,0.0,0.0,0.0,0.0,0.0,0.0,0.3018890822494706,0.0,0.0,3.675e-09
7298.0,0.8924604299119931,0.0,0.466678942,0.0,0.8924604299119931,0.0,0.0,0.0,0.0,0.0,0.0,0.0,0.0,0.0,0.2884860648915022,0.0,0.0,3.675e-09
7299.0,0.8660065604086971,0.0,0.468147997,0.0,0.8660065604086971,0.0,0.0,0.0,0.0,0.0,0.0,0.0,0.0,0.0,0.31865742665079905,0.0,0.0,3.675e-09
7300.0,0.8560760679947131,0.0,0.475763737,0.0,0.8560760679947131,0.0,0.0,0.0,0.0,0.0,0.0,0.0,0.0,0.0,0.3478598009709839,0.0,0.0,3.675e-09
7301.0,0.8018399609901449,0.0,0.484124484,0.0,0.8018399609901449,0.0,0.0,0.0,0.0,0.0,0.0,0.0,0.0,0.0,0.42325305473103797,0.0,0.0,3.675e-09
7302.0,0.749081300760624,0.0,0.492927798,0.0,0.7490813007606238,0.0,0.0,0.0,0.0,0.0,0.0,0.0,0.0,0.0,0.49828879214428673,0.0,0.0,3.675e-09
7303.0,0.7464824174094166,0.0,0.492416779,0.0,0.7464824174094167,0.0,0.0,0.0,0.0,0.0,0.0,0.0,0.0,0.0,0.499594525017691,0.0,0.0,3.675e-09
7304.0,0.6950498993454367,0.0,0.484901204,0.0,0.6950498993454366,0.0,0.0,0.0,0.0,0.0,0.0,0.0,0.0,0.0,0.5320086320202118,0.0,0.0,3.675e-09
7305.0,0.6578489369033693,0.0,0.468827487,0.0,0.6578489369033692,0.0,0.0,0.0,0.0,0.0,0.0,0.0,0.0,0.0,0.5285345220704049,0.0,0.0,3.675e-09
7306.0,0.6811320801048633,0.0,0.452542594,0.0,0.6811320801048633,0.0,0.0,0.0,0.0,0.0,0.0,0.0,0.0,0.0,0.46404191862589894,0.0,0.0,3.675e-09
7307.0,0.7574987440797697,3.72e-05,0.442866727,1.802189012946672e-05,0.7574807221896401,0.0,0.0,0.0,0.0,0.0,0.0,0.0,0.0,0.0,0.36320817513743603,0.0,0.0,3.675e-09
7308.0,0.724545441865907,0.004615331,0.435332625,0.0022359405428258538,0.7223095013230811,0.0,0.0,0.0,0.0,0.0,0.0,0.0,0.0,0.0,0.3793141017563878,0.0,0.0,3.675e-09
7309.0,0.7425662922226347,0.033825776,0.409255492,0.016387215554192265,0.7261790766684425,0.0,0.0,0.0,0.0,0.0,0.0,0.0,0.0,0.0,0.3094554790396228,0.0,0.0,3.675e-09
7310.0,0.8134948825858793,0.11785933,0.3610865,0.057098061720230124,0.7563968208656492,0.0,0.0,0.0,0.0,0.0,0.0,0.0,0.0,0.0,0.15734450774107922,0.0,0.0,3.675e-09
7311.0,0.8519329858936717,0.23808595,0.305233558,0.11534297936208888,0.7365900065315829,0.0,0.0,0.0,0.0,0.0,0.0,0.0,0.0,0.0,0.035813605407049316,0.0,0.0,3.675e-09
7312.0,0.8303987480313174,0.347958677,0.305584936,0.16857185608840317,0.6618268919429142,0.0,0.0,0.0,0.0,0.0,0.0,0.0,0.0,0.0,0.1114658936440354,0.0,0.0,3.675e-09
7313.0,0.8595894555003397,0.425740794,0.379125766,0.2062541347607506,0.6533353207395891,0.0,0.0,0.0,0.0,0.0,0.0,0.0,0.0,0.0,0.30605496700000684,0.0,0.0,3.675e-09
7314.0,0.8855760601802044,0.459340497,0.421075788,0.22253182712227518,0.6630442330579291,0.0,0.0,0.0,0.0,0.0,0.0,0.0,0.0,0.0,0.4025019725499934,0.0,0.0,3.675e-09
7315.0,0.8551749138352813,0.443103852,0.434193987,0.21466583163138392,0.6405090822038975,0.0,0.0,0.0,0.0,0.0,0.0,0.0,0.0,0.0,0.45823315976425305,0.0,0.0,3.675e-09
7316.0,0.8488089860742127,0.381661405,0.426564698,0.18489945988085751,0.6639095261933552,0.0,0.0,0.0,0.0,0.0,0.0,0.0,0.0,0.0,0.4155265476760581,0.0,0.0,3.675e-09
7317.0,0.9043334090919453,0.283137344,0.386185433,0.1371685512128232,0.767164857879122,0.0,0.0,0.0,0.0,0.0,0.0,0.0,0.0,0.0,0.21009015065203246,0.0,0.0,3.675e-09
7318.0,0.8997742383148366,0.168448956,0.338603091,0.08160668218966058,0.818167556125176,0.0,0.0,0.0,0.0,0.0,0.0,0.0,0.0,0.0,0.0386787625288999,0.0,0.0,3.675e-09
7319.0,0.9086656229547945,0.066526008,0.312390245,0.03222915072387161,0.7905138450484342,0.0,0.08592262718248865,0.0,0.0,0.0,0.0,0.0,0.0,0.0,0.0,0.0,0.0,0.006839048849999999
7320.0,0.924463627651495,0.01061733,0.308524973,0.005143665449685238,0.7807326464361725,0.0,0.13858731576563732,0.0,0.0,0.0,0.0,0.0,0.0,0.0,0.0,0.0,0.0,0.006839048849999999
7321.0,0.935121717290601,0.000104977,0.312933374,5.085709570217816e-05,0.7918882509430462,0.0,0.14318260925185267,0.0,0.0,0.0,0.0,0.0,0.0,0.0,0.0,0.0,0.0,0.006839048849999999
7322.0,0.9392358735692323,0.0,0.310929069,0.0,0.7868162908624752,0.0,0.15241958270675707,0.0,0.0,0.0,0.0,0.0,0.0,0.0,0.0,0.0,0.0,0.006839048849999999
7323.0,0.9138099866774854,0.0,0.309039315,0.0,0.7820342058753602,0.0,0.13177578080212513,0.0,0.0,0.0,0.0,0.0,0.0,0.0,0.0,0.0,0.0,0.006839048849999999
7324.0,0.8000421033362269,0.0,0.301701354,0.0,0.7634652529142156,0.0,0.03657685042201135,0.0,0.0,0.0,0.0,0.0,0.0,0.0,0.0,0.0,0.0,0.006839048849999999
7325.0,0.6604678447470955,0.0,0.292466132,0.0,0.6604678447470956,0.0,0.0,0.0,0.0,0.0,0.0,0.0,0.0,0.0,0.07962737350712,0.0,0.0,3.675e-09
7326.0,0.5994230203154918,0.0,0.284141742,0.0,0.5994230203154918,0.0,0.0,0.0,0.0,0.0,0.0,0.0,0.0,0.0,0.11960705377398596,0.0,0.0,3.675e-09
7327.0,0.7145949239594797,0.0,0.277525123,0.0,0.7022865009125673,0.0,0.012308423046912353,0.0,0.0,0.0,0.0,0.0,0.0,0.0,0.0,0.0,0.0,0.006839048849999999
7328.0,0.6235249898742083,0.0,0.270358783,0.0,0.6235249898742083,0.0,0.0,0.0,0.0,0.0,0.0,0.0,0.0,0.0,0.0606268506928529,0.0,0.0,3.675e-09
7329.0,0.7171493056608543,0.0,0.257131652,0.0,0.6506801481786856,0.0,0.06646915748216882,0.0,0.0,0.0,0.0,0.0,0.0,0.0,0.0,0.0,0.0,0.006839048849999999
7330.0,0.7232437748578306,0.0,0.244725903,0.0,0.6192869901026522,0.0,0.10395678475517847,0.0,0.0,0.0,0.0,0.0,0.0,0.0,0.0,0.0,0.0,0.006839048849999999
7331.0,0.7729140365877587,7.3e-05,0.234382624,3.5365537082018024e-05,0.5931129805630819,0.0,0.17976569048759472,0.0,0.0,0.0,0.0,0.0,0.0,0.0,0.0,0.0,0.0,0.006839048849999999
7332.0,0.8186525973034823,0.005924073,0.224657218,0.0028699729227134483,0.5685025190817475,0.0,0.24728010529902125,0.0,0.0,0.0,0.0,0.0,0.0,0.0,0.0,0.0,0.0,0.006839048849999999
7333.0,0.8782600269448505,0.042136062,0.206623689,0.020413211823989186,0.5228680776170903,0.0,0.33497873750377105,0.0,0.0,0.0,0.0,0.0,0.0,0.0,0.0,0.0,0.0,0.006839048849999999
7334.0,0.9112489304785794,0.133428016,0.165218065,0.06464045818668622,0.41808977688983895,0.0,0.4285186954020541,0.0,0.0,0.0,0.0,0.0,0.0,0.0,0.0,0.0,0.0,0.006839048849999999
7335.0,0.9366681418728702,0.258397944,0.111749708,0.1251833160335509,0.2827863314173583,0.0,0.5286984944219609,0.0,0.0,0.0,0.0,0.0,0.0,0.0,0.0,0.0,0.0,0.006839048849999999
7336.0,0.9604385763901638,0.371067888,0.128964771,0.1797673308631522,0.326349617604099,0.0,0.4543216279229126,0.0,0.0,0.0,0.0,0.0,0.0,0.0,0.0,0.0,0.0,0.006839048849999999
7337.0,0.9760185235026466,0.451332688,0.204229293,0.21865236868206672,0.5168089793615459,0.0,0.24055717545903393,0.0,0.0,0.0,0.0,0.0,0.0,0.0,0.0,0.0,0.0,0.006839048849999999
7338.0,0.9858577877844548,0.485499055,0.255104019,0.23520458675187955,0.6455491558227077,0.0,0.10510404520986755,0.0,0.0,0.0,0.0,0.0,0.0,0.0,0.0,0.0,0.0,0.006839048849999999
7339.0,0.9929824654254152,0.469474382,0.296487205,0.22744128309148623,0.7502706764489823,0.0,0.015270505884946778,0.0,0.0,0.0,0.0,0.0,0.0,0.0,0.0,0.0,0.0,0.006839048849999999
7340.0,0.997534960705068,0.403930252,0.323399446,0.1956878124062313,0.8018471482988366,0.0,0.0,0.0,0.0,0.0,0.0,0.0,0.0,0.0,0.01652584393078125,0.0,0.0,3.675e-09
7341.0,0.9987053485960816,0.297919626,0.33270094,0.14432996685978,0.841910730377091,0.0,0.012464651359210693,0.0,0.0,0.0,0.0,0.0,0.0,0.0,0.0,0.0,0.0,0.006839048849999999
7342.0,1.0023878413711478,0.172015275,0.339653156,0.083334418995699,0.8595035428599751,0.0,0.059549879515473754,0.0,0.0,0.0,0.0,0.0,0.0,0.0,0.0,0.0,0.0,0.006839048849999999
7343.0,1.0194986372384771,0.064259112,0.362155709,0.031130931620459577,0.9164469973376788,0.0,0.07192070828033886,0.0,0.0,0.0,0.0,0.0,0.0,0.0,0.0,0.0,0.0,0.006839048849999999
7344.0,1.0385941976890216,0.009865451,0.409171389,0.004779410591388107,1.0338147870976335,0.0,0.0,0.0,0.0,0.0,0.0,0.0,0.0,0.0,0.0016069431878258057,0.0,0.0,3.675e-09
7345.0,1.038462918571959,8.76e-05,0.442129783,4.243864449842163e-05,1.0384204799274606,0.0,0.0,0.0,0.0,0.0,0.0,0.0,0.0,0.0,0.08040355623845691,0.0,0.0,3.675e-09
7346.0,1.0171556376238642,0.0,0.451021965,0.0,1.0171556376238642,0.0,0.0,0.0,0.0,0.0,0.0,0.0,0.0,0.0,0.12417035913845569,0.0,0.0,3.675e-09
7347.0,0.9816546292060828,0.0,0.445677626,0.0,0.9816546292060828,0.0,0.0,0.0,0.0,0.0,0.0,0.0,0.0,0.0,0.1461473409908994,0.0,0.0,3.675e-09
7348.0,0.9285711084326704,0.0,0.436315466,0.0,0.9285711084326704,0.0,0.0,0.0,0.0,0.0,0.0,0.0,0.0,0.0,0.17553960629774415,0.0,0.0,3.675e-09
7349.0,0.8737208816601852,0.0,0.423305414,0.0,0.8737208816601854,0.0,0.0,0.0,0.0,0.0,0.0,0.0,0.0,0.0,0.19746746626969092,0.0,0.0,3.675e-09
7350.0,0.8226510502924734,0.0,0.41181576,0.0,0.8226510502924734,0.0,0.0,0.0,0.0,0.0,0.0,0.0,0.0,0.0,0.21946234825216784,0.0,0.0,3.675e-09
7351.0,0.7832272411904543,0.0,0.401622312,0.0,0.7832272411904542,0.0,0.0,0.0,0.0,0.0,0.0,0.0,0.0,0.0,0.2330913001147068,0.0,0.0,3.675e-09
7352.0,0.758293094279603,0.0,0.388476479,0.0,0.758293094279603,0.0,0.0,0.0,0.0,0.0,0.0,0.0,0.0,0.0,0.22475948191453285,0.0,0.0,3.675e-09
7353.0,0.7441349671298579,0.0,0.37410824,0.0,0.7441349671298579,0.0,0.0,0.0,0.0,0.0,0.0,0.0,0.0,0.0,0.20255830514790613,0.0,0.0,3.675e-09
7354.0,0.7458616231439683,0.0,0.359565444,0.0,0.7458616231439683,0.0,0.0,0.0,0.0,0.0,0.0,0.0,0.0,0.0,0.16403062295669799,0.0,0.0,3.675e-09
7355.0,0.7688332567964831,5.3e-05,0.353458946,2.567634884036925e-05,0.7688075804476427,0.0,0.0,0.0,0.0,0.0,0.0,0.0,0.0,0.0,0.12563197053522118,0.0,0.0,3.675e-09
7356.0,0.8273882266689883,0.008302438,0.347234388,0.004022194232330898,0.8233660324366574,0.0,0.0,0.0,0.0,0.0,0.0,0.0,0.0,0.0,0.055322068694413085,0.0,0.0,3.675e-09
7357.0,0.8956222558838287,0.05514992,0.330464973,0.026717897819593526,0.8362525419449541,0.0,0.03265181611928113,0.0,0.0,0.0,0.0,0.0,0.0,0.0,0.0,0.0,0.0,0.006839048849999999
7358.0,0.9150026248934531,0.153350131,0.297618652,0.07429191430702495,0.7531338404970099,0.0,0.08757687008941833,0.0,0.0,0.0,0.0,0.0,0.0,0.0,0.0,0.0,0.0,0.006839048849999999
7359.0,0.9390155921524288,0.287073991,0.285652023,0.13907569690401927,0.7228518901017339,0.0,0.07708800514667566,0.0,0.0,0.0,0.0,0.0,0.0,0.0,0.0,0.0,0.0,0.006839048849999999
7360.0,0.9604764025425405,0.409815105,0.413766346,0.1985387848308029,0.7619376177117376,0.0,0.0,0.0,0.0,0.0,0.0,0.0,0.0,0.0,0.28511180320760243,0.0,0.0,3.675e-09
7361.0,0.9750305918759847,0.496886591,0.514982625,0.24072138574750715,0.7343092061284775,0.0,0.0,0.0,0.0,0.0,0.0,0.0,0.0,0.0,0.5688713558057976,0.0,0.0,3.675e-09
7362.0,0.9843959168368301,0.531131378,0.564009295,0.2573115951244155,0.7270843217124147,0.0,0.0,0.0,0.0,0.0,0.0,0.0,0.0,0.0,0.7001598498637707,0.0,0.0,3.675e-09
7363.0,0.9932227733345871,0.50814693,0.591805241,0.2461765629592961,0.7470462103752908,0.0,0.0,0.0,0.0,0.0,0.0,0.0,0.0,0.0,0.7505365217062606,0.0,0.0,3.675e-09
7364.0,0.9981980327877632,0.430909775,0.605973118,0.20875829625707593,0.7894397365306872,0.0,0.0,0.0,0.0,0.0,0.0,0.0,0.0,0.0,0.7439952768006941,0.0,0.0,3.675e-09
7365.0,1.0004253281128113,0.310334846,0.593089395,0.15034463704185413,0.8500806910709572,0.0,0.0,0.0,0.0,0.0,0.0,0.0,0.0,0.0,0.6507516351718151,0.0,0.0,3.675e-09
7366.0,0.9999602881218903,0.1747335,0.560526982,0.0846512886811068,0.9153089994407835,0.0,0.0,0.0,0.0,0.0,0.0,0.0,0.0,0.0,0.5031230639362737,0.0,0.0,3.675e-09
7367.0,1.0146123810849665,0.064883308,0.544079022,0.03143332924764379,0.9831790518373228,0.0,0.0,0.0,0.0,0.0,0.0,0.0,0.0,0.0,0.39363090486094604,0.0,0.0,3.675e-09
7368.0,1.034528992725244,0.010732308,0.546410777,0.0051993676239676535,1.0293296251012762,0.0,0.0,0.0,0.0,0.0,0.0,0.0,0.0,0.0,0.35338091473063316,0.0,0.0,3.675e-09
7369.0,1.0381046815407116,0.000114453,0.52819407,5.5447833091071354e-05,1.0380492337076206,0.0,0.0,0.0,0.0,0.0,0.0,0.0,0.0,0.0,0.29856332667332774,0.0,0.0,3.675e-09
7370.0,1.022237700036714,0.0,0.496928964,0.0,1.022237700036714,0.0,0.0,0.0,0.0,0.0,0.0,0.0,0.0,0.0,0.23525747574118178,0.0,0.0,3.675e-09
7371.0,0.9890062637613029,0.0,0.458814309,0.0,0.9890062637613029,0.0,0.0,0.0,0.0,0.0,0.0,0.0,0.0,0.0,0.17203851716913365,0.0,0.0,3.675e-09
7372.0,0.9369841020867953,0.0,0.426716638,0.0,0.9369841020867953,0.0,0.0,0.0,0.0,0.0,0.0,0.0,0.0,0.0,0.14283646097694813,0.0,0.0,3.675e-09
7373.0,0.8772787698157198,0.0,0.401021386,0.0,0.8772787698157198,0.0,0.0,0.0,0.0,0.0,0.0,0.0,0.0,0.0,0.13751910837510609,0.0,0.0,3.675e-09
7374.0,0.8231872929231266,0.0,0.376094998,0.0,0.8231872929231265,0.0,0.0,0.0,0.0,0.0,0.0,0.0,0.0,0.0,0.1285335361714668,0.0,0.0,3.675e-09
7375.0,0.7835365259069231,0.0,0.356784297,0.0,0.7835365259069231,0.0,0.0,0.0,0.0,0.0,0.0,0.0,0.0,0.0,0.11931793574367187,0.0,0.0,3.675e-09
7376.0,0.757231736180623,0.0,0.339244117,0.0,0.757231736180623,0.0,0.0,0.0,0.0,0.0,0.0,0.0,0.0,0.0,0.10123671996380897,0.0,0.0,3.675e-09
7377.0,0.7426908968421664,0.0,0.316712125,0.0,0.7426908968421664,0.0,0.0,0.0,0.0,0.0,0.0,0.0,0.0,0.0,0.05875960846157739,0.0,0.0,3.675e-09
7378.0,0.7435809248391964,0.0,0.301276928,0.0,0.7435809248391965,0.0,0.0,0.0,0.0,0.0,0.0,0.0,0.0,0.0,0.01881030404716089,0.0,0.0,3.675e-09
7379.0,0.7696120311688937,6.06e-05,0.290362203,2.9358240372195783e-05,0.7347711563472924,0.0,0.03481151658122913,0.0,0.0,0.0,0.0,0.0,0.0,0.0,0.0,0.0,0.0,0.006839048849999999
7380.0,0.8266762042713642,0.008097459,0.281638592,0.003922890226501652,0.7126957702406719,0.0,0.11005754380419068,0.0,0.0,0.0,0.0,0.0,0.0,0.0,0.0,0.0,0.0,0.006839048849999999
7381.0,0.8842788438370736,0.051275286,0.263753862,0.0248407949099189,0.6674378695659785,0.0,0.19200017936117614,0.0,0.0,0.0,0.0,0.0,0.0,0.0,0.0,0.0,0.0,0.006839048849999999
7382.0,0.9174680032951623,0.139015293,0.232791294,0.06734726711724795,0.589086067376209,0.0,0.26103466880170534,0.0,0.0,0.0,0.0,0.0,0.0,0.0,0.0,0.0,0.0,0.006839048849999999
7383.0,0.9442890101596721,0.256811357,0.278200223,0.12441467902831328,0.7039948637866776,0.0,0.11587946734468127,0.0,0.0,0.0,0.0,0.0,0.0,0.0,0.0,0.0,0.0,0.006839048849999999
7384.0,0.9652291547464779,0.376579047,0.352004411,0.18243726371218502,0.7827918910342928,0.0,0.0,0.0,0.0,0.0,0.0,0.0,0.0,0.0,0.10796691103271581,0.0,0.0,3.675e-09
7385.0,0.987232882264774,0.457755723,0.395918674,0.22176406844195165,0.7654688138228224,0.0,0.0,0.0,0.0,0.0,0.0,0.0,0.0,0.0,0.23641648291625317,0.0,0.0,3.675e-09
7386.0,0.9947335965969901,0.486526744,0.438153438,0.23570246036062314,0.759031136236367,0.0,0.0,0.0,0.0,0.0,0.0,0.0,0.0,0.0,0.3497306274178428,0.0,0.0,3.675e-09
7387.0,1.0025369211481436,0.463463571,0.485972669,0.22452928912828757,0.7780076320198561,0.0,0.0,0.0,0.0,0.0,0.0,0.0,0.0,0.0,0.45176227695934384,0.0,0.0,3.675e-09
7388.0,1.00917875813825,0.390697796,0.529560269,0.18927722455206455,0.8199015335861856,0.0,0.0,0.0,0.0,0.0,0.0,0.0,0.0,0.0,0.5201682385415359,0.0,0.0,3.675e-09
7389.0,1.00705381510793,0.279341941,0.549684803,0.13532983250682726,0.8717239826011027,0.0,0.0,0.0,0.0,0.0,0.0,0.0,0.0,0.0,0.5192715882888304,0.0,0.0,3.675e-09
7390.0,1.0060970341361888,0.155680885,0.531978565,0.07542107001957375,0.9306759641166151,0.0,0.0,0.0,0.0,0.0,0.0,0.0,0.0,0.0,0.4155133860069725,0.0,0.0,3.675e-09
7391.0,1.0223534033263542,0.060136942,0.492467049,0.02913390756575571,0.9932194957605984,0.0,0.0,0.0,0.0,0.0,0.0,0.0,0.0,0.0,0.25298465656383035,0.0,0.0,3.675e-09
7392.0,1.040652388744555,0.010707853,0.466040816,0.0051875201690451764,1.0354648685755097,0.0,0.0,0.0,0.0,0.0,0.0,0.0,0.0,0.0,0.14386682728352662,0.0,0.0,3.675e-09
7393.0,1.0485068894430727,9.8777e-05,0.452955533,4.785344734726705e-05,1.0484590359957253,0.0,0.0,0.0,0.0,0.0,0.0,0.0,0.0,0.0,0.09775991852954444,0.0,0.0,3.675e-09
7394.0,1.0311224091792157,0.0,0.446577376,0.0,1.0311224091792157,0.0,0.0,0.0,0.0,0.0,0.0,0.0,0.0,0.0,0.09895640814557093,0.0,0.0,3.675e-09
7395.0,0.9993038925365758,0.0,0.442159986,0.0,0.9993038925365758,0.0,0.0,0.0,0.0,0.0,0.0,0.0,0.0,0.0,0.11959657331959021,0.0,0.0,3.675e-09
7396.0,0.9481139072142781,0.0,0.43331261,0.0,0.9481139072142781,0.0,0.0,0.0,0.0,0.0,0.0,0.0,0.0,0.0,0.1483979811101239,0.0,0.0,3.675e-09
7397.0,0.8854870568805391,0.0,0.418514485,0.0,0.8854870568805391,0.0,0.0,0.0,0.0,0.0,0.0,0.0,0.0,0.0,0.17357768678908228,0.0,0.0,3.675e-09
7398.0,0.8360148272423852,0.0,0.409483528,0.0,0.8360148272423852,0.0,0.0,0.0,0.0,0.0,0.0,0.0,0.0,0.0,0.20019678110434205,0.0,0.0,3.675e-09
7399.0,0.7949288902684566,0.0,0.3980694,0.0,0.7949288902684566,0.0,0.0,0.0,0.0,0.0,0.0,0.0,0.0,0.0,0.2123988897335188,0.0,0.0,3.675e-09
7400.0,0.7669975729901884,0.0,0.382353263,0.0,0.7669975729901884,0.0,0.0,0.0,0.0,0.0,0.0,0.0,0.0,0.0,0.20056000263431664,0.0,0.0,3.675e-09
7401.0,0.7499802290876206,0.0,0.361851488,0.0,0.7499802290876206,0.0,0.0,0.0,0.0,0.0,0.0,0.0,0.0,0.0,0.16569692694962157,0.0,0.0,3.675e-09
7402.0,0.7485450581299707,0.0,0.349807765,0.0,0.7485450581299707,0.0,0.0,0.0,0.0,0.0,0.0,0.0,0.0,0.0,0.13665505859566224,0.0,0.0,3.675e-09
7403.0,0.7735459570156086,3.66e-05,0.342398215,1.7731214482217255e-05,0.7735282258011263,0.0,0.0,0.0,0.0,0.0,0.0,0.0,0.0,0.0,0.09292177963156714,0.0,0.0,3.675e-09
7404.0,0.8317827418416784,0.007005956,0.339964292,0.0033941013248354334,0.828388640516843,0.0,0.0,0.0,0.0,0.0,0.0,0.0,0.0,0.0,0.03190224227973291,0.0,0.0,3.675e-09
7405.0,0.8935195641783875,0.045474735,0.325512415,0.022030663382704697,0.8237199301554746,0.0,0.047768970640208255,0.0,0.0,0.0,0.0,0.0,0.0,0.0,0.0,0.0,0.0,0.006839048849999999
7406.0,0.9297615218161276,0.128899265,0.303413126,0.06244646213975847,0.7677969485648471,0.0,0.09951811111152198,0.0,0.0,0.0,0.0,0.0,0.0,0.0,0.0,0.0,0.0,0.006839048849999999
7407.0,0.9602561201258122,0.246096984,0.357548547,0.11922400018390131,0.8410321199419108,0.0,0.0,0.0,0.0,0.0,0.0,0.0,0.0,0.0,0.06375630160579382,0.0,0.0,3.675e-09
7408.0,0.9858088364696012,0.357614363,0.46382155,0.1732496440512158,0.8125591924183854,0.0,0.0,0.0,0.0,0.0,0.0,0.0,0.0,0.0,0.3611565774412804,0.0,0.0,3.675e-09
7409.0,1.0039409404509483,0.430569388,0.541028211,0.20859339257117543,0.7953475478797728,0.0,0.0,0.0,0.0,0.0,0.0,0.0,0.0,0.0,0.5737422306992143,0.0,0.0,3.675e-09
7410.0,1.0162611589618884,0.45548251,0.596945619,0.2206627890084335,0.795598369953455,0.0,0.0,0.0,0.0,0.0,0.0,0.0,0.0,0.0,0.7149922586383808,0.0,0.0,3.675e-09
7411.0,1.0265409870772282,0.431322226,0.629182771,0.20895811202604875,0.8175828750511794,0.0,0.0,0.0,0.0,0.0,0.0,0.0,0.0,0.0,0.7745849326901872,0.0,0.0,3.675e-09
7412.0,1.0316964769623207,0.36159217,0.626633835,0.1751767300918132,0.8565197468705075,0.0,0.0,0.0,0.0,0.0,0.0,0.0,0.0,0.0,0.7291978940350082,0.0,0.0,3.675e-09
7413.0,1.0314205687332076,0.259313361,0.598246573,0.12562679841518118,0.9057937703180264,0.0,0.0,0.0,0.0,0.0,0.0,0.0,0.0,0.0,0.6080889653905699,0.0,0.0,3.675e-09
7414.0,1.0312425631338018,0.148845555,0.560349142,0.07210963006638428,0.9591329330674174,0.0,0.0,0.0,0.0,0.0,0.0,0.0,0.0,0.0,0.45884910030885206,0.0,0.0,3.675e-09
7415.0,1.044706467545931,0.058121714,0.514705773,0.028157611393663642,1.0165488561522673,0.0,0.0,0.0,0.0,0.0,0.0,0.0,0.0,0.0,0.2859311226411055,0.0,0.0,3.675e-09
7416.0,1.0607158543293933,0.009647118,0.486971971,0.004673637114569911,1.0560422172148234,0.0,0.0,0.0,0.0,0.0,0.0,0.0,0.0,0.0,0.17625645852015223,0.0,0.0,3.675e-09
7417.0,1.0602063126886396,7.68e-05,0.468502416,3.720648284793129e-05,1.0601691062057919,0.0,0.0,0.0,0.0,0.0,0.0,0.0,0.0,0.0,0.12539174985308105,0.0,0.0,3.675e-09
7418.0,1.0453695386287014,0.0,0.460125326,0.0,1.0453695386287014,0.0,0.0,0.0,0.0,0.0,0.0,0.0,0.0,0.0,0.11899281417275781,0.0,0.0,3.675e-09
7419.0,1.0157182418337036,0.0,0.452935869,0.0,1.0157182418337036,0.0,0.0,0.0,0.0,0.0,0.0,0.0,0.0,0.0,0.13045095228931983,0.0,0.0,3.675e-09
7420.0,0.9661903853832402,0.0,0.450480764,0.0,0.9661903853832402,0.0,0.0,0.0,0.0,0.0,0.0,0.0,0.0,0.0,0.17376608435222216,0.0,0.0,3.675e-09
7421.0,0.9064783776147088,0.0,0.450792693,0.0,0.9064783776147088,0.0,0.0,0.0,0.0,0.0,0.0,0.0,0.0,0.0,0.23426743877007727,0.0,0.0,3.675e-09
7422.0,0.8506201937231183,0.0,0.449474718,0.0,0.8506201937231183,0.0,0.0,0.0,0.0,0.0,0.0,0.0,0.0,0.0,0.28679044334155895,0.0,0.0,3.675e-09
7423.0,0.8094474782820347,0.0,0.448074266,0.0,0.8094474782820347,0.0,0.0,0.0,0.0,0.0,0.0,0.0,0.0,0.0,0.3244192686866963,0.0,0.0,3.675e-09
7424.0,0.7798696089592797,0.0,0.446269931,0.0,0.7798696089592797,0.0,0.0,0.0,0.0,0.0,0.0,0.0,0.0,0.0,0.3494312086264596,0.0,0.0,3.675e-09
7425.0,0.7626564587973728,0.0,0.436764867,0.0,0.7626564587973728,0.0,0.0,0.0,0.0,0.0,0.0,0.0,0.0,0.0,0.34259148002426976,0.0,0.0,3.675e-09
7426.0,0.7590963458093277,0.0,0.415783256,0.0,0.7590963458093277,0.0,0.0,0.0,0.0,0.0,0.0,0.0,0.0,0.0,0.29305693255990367,0.0,0.0,3.675e-09
7427.0,0.7800765403810958,2.38e-05,0.397491782,1.1530134007562039e-05,0.7800650102470882,0.0,0.0,0.0,0.0,0.0,0.0,0.0,0.0,0.0,0.22580108830529774,0.0,0.0,3.675e-09
7428.0,0.8338787590495883,0.005994254,0.37374638,0.0029039727687128064,0.8309747862808755,0.0,0.0,0.0,0.0,0.0,0.0,0.0,0.0,0.0,0.11480278730095374,0.0,0.0,3.675e-09
7429.0,0.8946944017344219,0.041486392,0.333640205,0.020098473077741586,0.8442875715190716,0.0,0.030308357137608766,0.0,0.0,0.0,0.0,0.0,0.0,0.0,0.0,0.0,0.0,0.006839048849999999
7430.0,0.9321712734055273,0.12657428,0.307674344,0.06132010127355798,0.7785801016231945,0.0,0.09227107050877491,0.0,0.0,0.0,0.0,0.0,0.0,0.0,0.0,0.0,0.0,0.006839048849999999
7431.0,0.9612507272499303,0.25090685,0.305588776,0.12155418503845664,0.7733025028339302,0.0,0.06639403937754346,0.0,0.0,0.0,0.0,0.0,0.0,0.0,0.0,0.0,0.0,0.006839048849999999
7432.0,0.9863495287652754,0.370810617,0.328265897,0.17964269350574633,0.806706835259529,0.0,0.0,0.0,0.0,0.0,0.0,0.0,0.0,0.0,0.023980872148694335,0.0,0.0,3.675e-09
7433.0,1.0020207040099338,0.451733766,0.335853457,0.2188466746941459,0.783174029315788,0.0,0.0,0.0,0.0,0.0,0.0,0.0,0.0,0.0,0.06671424957678418,0.0,0.0,3.675e-09
7434.0,1.0095948458143928,0.481523003,0.326264962,0.23327835093755037,0.7763164948768425,0.0,0.0,0.0,0.0,0.0,0.0,0.0,0.0,0.0,0.04930778034724854,0.0,0.0,3.675e-09
7435.0,1.0129702787055004,0.461206579,0.320966096,0.2234358681108928,0.7895344105946075,0.0,0.0,0.0,0.0,0.0,0.0,0.0,0.0,0.0,0.022680908994340575,0.0,0.0,3.675e-09
7436.0,1.0135510229859863,0.393418584,0.31534657,0.19059533590694552,0.7979949232202663,0.0,0.024960763858774413,0.0,0.0,0.0,0.0,0.0,0.0,0.0,0.0,0.0,0.0,0.006839048849999999
7437.0,1.0062972910604735,0.28937032,0.298771301,0.14018817510130716,0.7560506569071421,0.0,0.1100584590520243,0.0,0.0,0.0,0.0,0.0,0.0,0.0,0.0,0.0,0.0,0.006839048849999999
7438.0,0.999993664609246,0.170050934,0.265276356,0.08238277550970959,0.6712905909785923,0.0,0.24632029812094408,0.0,0.0,0.0,0.0,0.0,0.0,0.0,0.0,0.0,0.0,0.006839048849999999
7439.0,1.0095970716468279,0.068540002,0.251654101,0.03320484907304917,0.6368190242423127,0.0,0.33957319833146593,0.0,0.0,0.0,0.0,0.0,0.0,0.0,0.0,0.0,0.0,0.006839048849999999
7440.0,1.0201394579962937,0.011171919,0.26583239,0.005412341310572626,0.672697653402445,0.0,0.342029463283276,0.0,0.0,0.0,0.0,0.0,0.0,0.0,0.0,0.0,0.0,0.006839048849999999
7441.0,1.0137913298952332,6.64e-05,0.279650794,3.2168104962273927e-05,0.7076655816694518,0.0,0.3060935801208192,0.0,0.0,0.0,0.0,0.0,0.0,0.0,0.0,0.0,0.0,0.006839048849999999
7442.0,0.9962911463417362,0.0,0.285885696,0.0,0.7234432073552993,0.0,0.2728479389864369,0.0,0.0,0.0,0.0,0.0,0.0,0.0,0.0,0.0,0.0,0.006839048849999999
7443.0,0.968795943231979,0.0,0.288107156,0.0,0.7290646853442208,0.0,0.23973125788775831,0.0,0.0,0.0,0.0,0.0,0.0,0.0,0.0,0.0,0.0,0.006839048849999999
7444.0,0.9290383732561017,0.0,0.290097877,0.0,0.734102270663598,0.0,0.19493610259250366,0.0,0.0,0.0,0.0,0.0,0.0,0.0,0.0,0.0,0.0,0.006839048849999999
7445.0,0.8816599349934225,0.0,0.291474547,0.0,0.7375859796221247,0.0,0.14407395537129786,0.0,0.0,0.0,0.0,0.0,0.0,0.0,0.0,0.0,0.0,0.006839048849999999
7446.0,0.8325503910516122,0.0,0.295678323,0.0,0.7482237737999882,0.0,0.08432661725162402,0.0,0.0,0.0,0.0,0.0,0.0,0.0,0.0,0.0,0.0,0.006839048849999999
7447.0,0.7949088637760884,0.0,0.303107819,0.0,0.767024359105499,0.0,0.027884504670589356,0.0,0.0,0.0,0.0,0.0,0.0,0.0,0.0,0.0,0.0,0.006839048849999999
7448.0,0.766530308166757,0.0,0.312590069,0.0,0.766530308166757,0.0,0.0,0.0,0.0,0.0,0.0,0.0,0.0,0.0,0.02448919812142859,0.0,0.0,3.675e-09
7449.0,0.7465558448816593,0.0,0.319273317,0.0,0.7465558448816593,0.0,0.0,0.0,0.0,0.0,0.0,0.0,0.0,0.0,0.06137584147121509,0.0,0.0,3.675e-09
7450.0,0.7395691218552178,0.0,0.325257362,0.0,0.739569121855218,0.0,0.0,0.0,0.0,0.0,0.0,0.0,0.0,0.0,0.08350538824970057,0.0,0.0,3.675e-09
7451.0,0.7454833606202776,3.2e-05,0.331651257,1.5502701186638037e-05,0.745467857919091,0.0,0.0,0.0,0.0,0.0,0.0,0.0,0.0,0.0,0.09378661491573266,0.0,0.0,3.675e-09
7452.0,0.7636288155965368,0.005482356,0.33508792,0.00265597896458663,0.7609728366319501,0.0,0.0,0.0,0.0,0.0,0.0,0.0,0.0,0.0,0.08697822556745385,0.0,0.0,3.675e-09
7453.0,0.7916602603370226,0.035641655,0.328848363,0.01726693522694511,0.7743933251100775,0.0,0.0,0.0,0.0,0.0,0.0,0.0,0.0,0.0,0.057768331772048216,0.0,0.0,3.675e-09
7454.0,0.828482961255324,0.116996727,0.309164087,0.05668016557798958,0.7718027956773343,0.0,0.0,0.0,0.0,0.0,0.0,0.0,0.0,0.0,0.010547149869968506,0.0,0.0,3.675e-09
7455.0,0.8670634688426562,0.24103942,0.307590478,0.11677381570189202,0.7502896531407641,0.0,0.0,0.0,0.0,0.0,0.0,0.0,0.0,0.0,0.028078222796161376,0.0,0.0,3.675e-09
7456.0,0.8948857573288154,0.358453966,0.337971757,0.17365639762697846,0.7212293597018369,0.0,0.0,0.0,0.0,0.0,0.0,0.0,0.0,0.0,0.1340193473883766,0.0,0.0,3.675e-09
7457.0,0.9102520985219508,0.439566131,0.362133271,0.2129519493956122,0.6973001491263386,0.0,0.0,0.0,0.0,0.0,0.0,0.0,0.0,0.0,0.21909006811036352,0.0,0.0,3.675e-09
7458.0,0.9148446447864905,0.472275792,0.377251357,0.22879845253308811,0.6860461922534024,0.0,0.0,0.0,0.0,0.0,0.0,0.0,0.0,0.0,0.268600841529005,0.0,0.0,3.675e-09
7459.0,0.910022915775256,0.4549385,0.379885582,0.22039923824366653,0.6896236775315895,0.0,0.0,0.0,0.0,0.0,0.0,0.0,0.0,0.0,0.2716893497214934,0.0,0.0,3.675e-09
7460.0,0.9046026428235273,0.391342277,0.372473076,0.18958944943842285,0.7150131933851045,0.0,0.0,0.0,0.0,0.0,0.0,0.0,0.0,0.0,0.2275422423192903,0.0,0.0,3.675e-09
7461.0,0.8975803184772195,0.290249016,0.344735903,0.14061386764886633,0.7569664508283531,0.0,0.0,0.0,0.0,0.0,0.0,0.0,0.0,0.0,0.11539915139067274,0.0,0.0,3.675e-09
7462.0,0.8991601185469197,0.169623213,0.310996657,0.08217556204551427,0.7869873245314656,0.0,0.02999723196993982,0.0,0.0,0.0,0.0,0.0,0.0,0.0,0.0,0.0,0.0,0.006839048849999999
7463.0,0.9156946217986336,0.064288181,0.317761851,0.031145014371109402,0.8041068716589329,0.0,0.0804427357685913,0.0,0.0,0.0,0.0,0.0,0.0,0.0,0.0,0.0,0.0,0.006839048849999999
7464.0,0.9384927005166878,0.009279346,0.367752987,0.004495466507669529,0.9306110944066669,0.0,0.0033861396023513184,0.0,0.0,0.0,0.0,0.0,0.0,0.0,0.0,0.0,0.0,0.006839048849999999
7465.0,0.9417190536307996,5.2e-05,0.420089821,2.519188942828681e-05,0.9416938617413713,0.0,0.0,0.0,0.0,0.0,0.0,0.0,0.0,0.0,0.1213573217692356,0.0,0.0,3.675e-09
7466.0,0.9305247203611157,0.0,0.445839112,0.0,0.9305247203611158,0.0,0.0,0.0,0.0,0.0,0.0,0.0,0.0,0.0,0.19768589549886253,0.0,0.0,3.675e-09
7467.0,0.9104479047812898,0.0,0.458085129,0.0,0.9104479047812898,0.0,0.0,0.0,0.0,0.0,0.0,0.0,0.0,0.0,0.2487516620467268,0.0,0.0,3.675e-09
7468.0,0.8786316129711604,0.0,0.458545972,0.0,0.8786316129711604,0.0,0.0,0.0,0.0,0.0,0.0,0.0,0.0,0.0,0.28173413230744654,0.0,0.0,3.675e-09
7469.0,0.8399576534190666,0.0,0.458391914,0.0,0.8399576534190665,0.0,0.0,0.0,0.0,0.0,0.0,0.0,0.0,0.0,0.3200182429961725,0.0,0.0,3.675e-09
7470.0,0.804378766864097,0.0,0.459005112,0.0,0.804378766864097,0.0,0.0,0.0,0.0,0.0,0.0,0.0,0.0,0.0,0.35714884736728575,0.0,0.0,3.675e-09
7471.0,0.7726959800034656,0.0,0.459831908,0.0,0.7726959800034656,0.0,0.0,0.0,0.0,0.0,0.0,0.0,0.0,0.0,0.39092386884628905,0.0,0.0,3.675e-09
7472.0,0.7483737280280208,0.0,0.457163755,0.0,0.7483737280280208,0.0,0.0,0.0,0.0,0.0,0.0,0.0,0.0,0.0,0.40849427142513195,0.0,0.0,3.675e-09
7473.0,0.7339352419842169,0.0,0.447962066,0.0,0.7339352419842169,0.0,0.0,0.0,0.0,0.0,0.0,0.0,0.0,0.0,0.39964757917430044,0.0,0.0,3.675e-09
7474.0,0.7289177067136432,0.0,0.438953077,0.0,0.7289177067136432,0.0,0.0,0.0,0.0,0.0,0.0,0.0,0.0,0.0,0.38186756987241466,0.0,0.0,3.675e-09
7475.0,0.7334078996835303,3.26e-05,0.43299688,1.5793376833887502e-05,0.7333921063066964,0.0,0.0,0.0,0.0,0.0,0.0,0.0,0.0,0.0,0.362320816812191,0.0,0.0,3.675e-09
7476.0,0.7469941838826807,0.00569478,0.42410339,0.00275888977073883,0.7442352941119419,0.0,0.0,0.0,0.0,0.0,0.0,0.0,0.0,0.0,0.32897235847329054,0.0,0.0,3.675e-09
7477.0,0.7670554246350085,0.043833109,0.409542332,0.021235362215885453,0.745820062419123,0.0,0.0,0.0,0.0,0.0,0.0,0.0,0.0,0.0,0.2905403513941263,0.0,0.0,3.675e-09
7478.0,0.7990385958821423,0.138787689,0.370604638,0.06723700221722034,0.731801593664922,0.0,0.0,0.0,0.0,0.0,0.0,0.0,0.0,0.0,0.2060256978952323,0.0,0.0,3.675e-09
7479.0,0.8309105145045814,0.270991044,0.333391265,0.13128416185584627,0.6996263526487351,0.0,0.0,0.0,0.0,0.0,0.0,0.0,0.0,0.0,0.1440312679684242,0.0,0.0,3.675e-09
7480.0,0.8489091135364305,0.393268071,0.386919705,0.19052241846745474,0.6583866950689758,0.0,0.0,0.0,0.0,0.0,0.0,0.0,0.0,0.0,0.3207264130389801,0.0,0.0,3.675e-09
7481.0,0.8555175750391059,0.476371521,0.413959963,0.2307826669964771,0.6247349080426288,0.0,0.0,0.0,0.0,0.0,0.0,0.0,0.0,0.0,0.4228044670977106,0.0,0.0,3.675e-09
7482.0,0.8612627085347263,0.508790811,0.414185189,0.24648849717000718,0.6147742113647191,0.0,0.0,0.0,0.0,0.0,0.0,0.0,0.0,0.0,0.43333510561636146,0.0,0.0,3.675e-09
7483.0,0.8635879074894062,0.487069745,0.404244739,0.23596552230584333,0.6276223851835627,0.0,0.0,0.0,0.0,0.0,0.0,0.0,0.0,0.0,0.39533229436313927,0.0,0.0,3.675e-09
7484.0,0.8625398993854135,0.413717656,0.383151647,0.2004294123938846,0.6621104869915291,0.0,0.0,0.0,0.0,0.0,0.0,0.0,0.0,0.0,0.307467425745824,0.0,0.0,3.675e-09
7485.0,0.8628625350967947,0.299520866,0.348657198,0.1451057026487829,0.7177568324480117,0.0,0.0,0.0,0.0,0.0,0.0,0.0,0.0,0.0,0.16453173643733618,0.0,0.0,3.675e-09
7486.0,0.8716204147872545,0.168072252,0.32306172,0.08142418439129147,0.790196230395963,0.0,0.0,0.0,0.0,0.0,0.0,0.0,0.0,0.0,0.027322135022779907,0.0,0.0,3.675e-09
7487.0,0.9056907029123316,0.05921038,0.336869169,0.028685025883977783,0.8524585716959914,0.0,0.024547105332362425,0.0,0.0,0.0,0.0,0.0,0.0,0.0,0.0,0.0,0.0,0.006839048849999999
7488.0,0.9430896974461732,0.007724442,0.366070943,0.003742178629984897,0.9263546264430765,0.0,0.012992892373111816,0.0,0.0,0.0,0.0,0.0,0.0,0.0,0.0,0.0,0.0,0.006839048849999999
7489.0,0.9585205647816599,2.66e-05,0.391649123,1.288662036139287e-05,0.9585076781612984,0.0,0.0,0.0,0.0,0.0,0.0,0.0,0.0,0.0,0.032573378587375364,0.0,0.0,3.675e-09
7490.0,0.9558816304455655,0.0,0.403707307,0.0,0.9558816304455655,0.0,0.0,0.0,0.0,0.0,0.0,0.0,0.0,0.0,0.06571305965341187,0.0,0.0,3.675e-09
7491.0,0.934122660501462,0.0,0.402721582,0.0,0.9341226605014621,0.0,0.0,0.0,0.0,0.0,0.0,0.0,0.0,0.0,0.08497761988920215,0.0,0.0,3.675e-09
7492.0,0.8967236659676204,0.0,0.389062936,0.0,0.8967236659676204,0.0,0.0,0.0,0.0,0.0,0.0,0.0,0.0,0.0,0.08781295905789173,0.0,0.0,3.675e-09
7493.0,0.8520397888533454,0.0,0.371691232,0.0,0.8520397888533454,0.0,0.0,0.0,0.0,0.0,0.0,0.0,0.0,0.0,0.08853716475514367,0.0,0.0,3.675e-09
7494.0,0.8164453274708778,0.0,0.356436444,0.0,0.8164453274708778,0.0,0.0,0.0,0.0,0.0,0.0,0.0,0.0,0.0,0.08552888066046412,0.0,0.0,3.675e-09
7495.0,0.7880400698717223,0.0,0.338375648,0.0,0.7880400698717223,0.0,0.0,0.0,0.0,0.0,0.0,0.0,0.0,0.0,0.06823069674980102,0.0,0.0,3.675e-09
7496.0,0.7694318007369773,0.0,0.318976525,0.0,0.7694318007369773,0.0,0.0,0.0,0.0,0.0,0.0,0.0,0.0,0.0,0.037748843645621706,0.0,0.0,3.675e-09
7497.0,0.7627254366045946,0.0,0.300061512,0.0,0.7593155785071549,0.0,0.0034098580974396974,0.0,0.0,0.0,0.0,0.0,0.0,0.0,0.0,0.0,0.0,0.006839048849999999
7498.0,0.7693739490921572,0.0,0.285522648,0.0,0.7225245023860799,0.0,0.04684944670607727,0.0,0.0,0.0,0.0,0.0,0.0,0.0,0.0,0.0,0.0,0.006839048849999999
7499.0,0.7954028295894193,2.32e-05,0.272241085,1.1239458360312577e-05,0.6889150680217546,0.0,0.10647652210930432,0.0,0.0,0.0,0.0,0.0,0.0,0.0,0.0,0.0,0.0,0.006839048849999999
7500.0,0.8622016888465346,0.005019517,0.263263635,0.002431752254757806,0.6661973339317223,0.0,0.19357260266005444,0.0,0.0,0.0,0.0,0.0,0.0,0.0,0.0,0.0,0.0,0.006839048849999999
7501.0,0.9256918661874042,0.039762276,0.251956278,0.01926320885401966,0.6375836931331584,0.0,0.2688449642002261,0.0,0.0,0.0,0.0,0.0,0.0,0.0,0.0,0.0,0.0,0.006839048849999999
7502.0,0.9544887363052379,0.126878453,0.208163331,0.06146746074630933,0.5267641926107517,0.0,0.3662570829481769,0.0,0.0,0.0,0.0,0.0,0.0,0.0,0.0,0.0,0.0,0.006839048849999999
7503.0,0.9706917035156042,0.24647007,0.163853723,0.1194047452081175,0.4146372643429728,0.0,0.43664969396451386,0.0,0.0,0.0,0.0,0.0,0.0,0.0,0.0,0.0,0.0,0.006839048849999999
7504.0,0.9833990848802014,0.356140235,0.188173744,0.17253548886700157,0.4761798816944483,0.0,0.33468371431875155,0.0,0.0,0.0,0.0,0.0,0.0,0.0,0.0,0.0,0.0,0.006839048849999999
7505.0,0.9865609108520371,0.430639644,0.247018846,0.20862742875163068,0.6250893581868634,0.0,0.1528441239135431,0.0,0.0,0.0,0.0,0.0,0.0,0.0,0.0,0.0,0.0,0.006839048849999999
7506.0,0.9871550041275857,0.458402275,0.276611793,0.2220772966437524,0.6999752891457015,0.0,0.06510241833813171,0.0,0.0,0.0,0.0,0.0,0.0,0.0,0.0,0.0,0.0,0.006839048849999999
7507.0,0.987059326330389,0.436727812,0.296915218,0.2115768990415698,0.7513537774989549,0.0,0.024128649789864134,0.0,0.0,0.0,0.0,0.0,0.0,0.0,0.0,0.0,0.0,0.006839048849999999
7508.0,0.984589497263734,0.369366664,0.310348025,0.17894315688429166,0.7853459398065953,0.0,0.020300400572847047,0.0,0.0,0.0,0.0,0.0,0.0,0.0,0.0,0.0,0.0,0.006839048849999999
7509.0,0.9818771364553215,0.265129405,0.309052021,0.12844443567206676,0.7820663588285205,0.0,0.07136634195473425,0.0,0.0,0.0,0.0,0.0,0.0,0.0,0.0,0.0,0.0,0.006839048849999999
7510.0,0.9867811922688406,0.146758675,0.301533748,0.0710986214084977,0.7630411203888443,0.0,0.15264145047149866,0.0,0.0,0.0,0.0,0.0,0.0,0.0,0.0,0.0,0.0,0.006839048849999999
7511.0,1.00929223659538,0.050619142,0.319337309,0.024522919773437478,0.8080936202249528,0.0,0.17667569659698976,0.0,0.0,0.0,0.0,0.0,0.0,0.0,0.0,0.0,0.0,0.006839048849999999
7512.0,1.036246747409463,0.006652932,0.357043953,0.003223075525344443,0.9035115297448627,0.0,0.12951214213925585,0.0,0.0,0.0,0.0,0.0,0.0,0.0,0.0,0.0,0.0,0.006839048849999999
7513.0,1.0407124652218855,2.04e-05,0.370997178,9.88297200648175e-06,0.9388206270106109,0.0,0.10188195523926818,0.0,0.0,0.0,0.0,0.0,0.0,0.0,0.0,0.0,0.0,0.006839048849999999
7514.0,1.0296583123991558,0.0,0.366001924,0.0,0.9261799715812661,0.0,0.10347834081788977,0.0,0.0,0.0,0.0,0.0,0.0,0.0,0.0,0.0,0.0,0.006839048849999999
7515.0,0.9987520750784248,0.0,0.354853063,0.0,0.8979674101518256,0.0,0.10078466492659924,0.0,0.0,0.0,0.0,0.0,0.0,0.0,0.0,0.0,0.0,0.006839048849999999
7516.0,0.9514292636280552,0.0,0.339545722,0.0,0.8592316775703629,0.0,0.09219758605769238,0.0,0.0,0.0,0.0,0.0,0.0,0.0,0.0,0.0,0.0,0.006839048849999999
7517.0,0.8958581131280549,0.0,0.324045648,0.0,0.8200082277591333,0.0,0.07584988536892151,0.0,0.0,0.0,0.0,0.0,0.0,0.0,0.0,0.0,0.0,0.006839048849999999
7518.0,0.8460320971235993,0.0,0.308444343,0.0,0.7805286095549112,0.0,0.06550348756868798,0.0,0.0,0.0,0.0,0.0,0.0,0.0,0.0,0.0,0.0,0.006839048849999999
7519.0,0.8079878321669204,0.0,0.294438082,0.0,0.7450853029373761,0.0,0.06290252922954431,0.0,0.0,0.0,0.0,0.0,0.0,0.0,0.0,0.0,0.0,0.006839048849999999
7520.0,0.7833295944851071,0.0,0.284184604,0.0,0.7191385377978324,0.0,0.06419105668727466,0.0,0.0,0.0,0.0,0.0,0.0,0.0,0.0,0.0,0.0,0.006839048849999999
7521.0,0.7693361229397805,0.0,0.269070456,0.0,0.6808916864913483,0.0,0.08844443644843213,0.0,0.0,0.0,0.0,0.0,0.0,0.0,0.0,0.0,0.0,0.006839048849999999
7522.0,0.7716613218944605,0.0,0.25401051,0.0,0.6427819951382086,0.0,0.12887932675625197,0.0,0.0,0.0,0.0,0.0,0.0,0.0,0.0,0.0,0.0,0.006839048849999999
7523.0,0.7950824197104734,1.62e-05,0.244053963,7.848242475735506e-06,0.6175866237130365,0.0,0.17748794775496118,0.0,0.0,0.0,0.0,0.0,0.0,0.0,0.0,0.0,0.0,0.006839048849999999
7524.0,0.85404680276159,0.004925739,0.238005108,0.0023863206200115394,0.6022797961128646,0.0,0.24938068602871374,0.0,0.0,0.0,0.0,0.0,0.0,0.0,0.0,0.0,0.0,0.006839048849999999
7525.0,0.9169918381417644,0.039233557,0.228001819,0.01900706595812285,0.576966142511035,0.0,0.3210186296726067,0.0,0.0,0.0,0.0,0.0,0.0,0.0,0.0,0.0,0.0,0.006839048849999999
7526.0,0.944013101930559,0.124656288,0.194874087,0.060390911996859156,0.49313532122193215,0.0,0.3904868687117677,0.0,0.0,0.0,0.0,0.0,0.0,0.0,0.0,0.0,0.0,0.006839048849999999
7527.0,0.9621919323942492,0.246759242,0.172531679,0.11954483730522819,0.43659711896238046,0.0,0.40604997612664057,0.0,0.0,0.0,0.0,0.0,0.0,0.0,0.0,0.0,0.0,0.006839048849999999
7528.0,0.9752308488002693,0.366123538,0.230173937,0.1773719939690224,0.5824627589373222,0.0,0.21539609589392456,0.0,0.0,0.0,0.0,0.0,0.0,0.0,0.0,0.0,0.0,0.006839048849999999
7529.0,0.9804330651677051,0.449172354,0.299806752,0.21760577454252503,0.7586708999027877,0.0,0.004156390722392334,0.0,0.0,0.0,0.0,0.0,0.0,0.0,0.0,0.0,0.0,0.006839048849999999
7530.0,0.980150480441211,0.483251858,0.351756016,0.2341159110144261,0.7460345694267849,0.0,0.0,0.0,0.0,0.0,0.0,0.0,0.0,0.0,0.14409566087883338,0.0,0.0,3.675e-09
7531.0,0.9792693527741475,0.46303379,0.397854613,0.22432107767770337,0.7549482750964441,0.0,0.0,0.0,0.0,0.0,0.0,0.0,0.0,0.0,0.2518359792994855,0.0,0.0,3.675e-09
7532.0,0.9790379451949424,0.392202013,0.436290974,0.19000595663552897,0.7890319885594135,0.0,0.0,0.0,0.0,0.0,0.0,0.0,0.0,0.0,0.3150167483551031,0.0,0.0,3.675e-09
7533.0,0.9756157858214916,0.281153042,0.459112065,0.1362072374325092,0.8394085483889824,0.0,0.0,0.0,0.0,0.0,0.0,0.0,0.0,0.0,0.32238971394560695,0.0,0.0,3.675e-09
7534.0,0.9797388424300894,0.152502915,0.46306214,0.07388147254175811,0.9058573698883313,0.0,0.0,0.0,0.0,0.0,0.0,0.0,0.0,0.0,0.2659366878542732,0.0,0.0,3.675e-09
7535.0,0.9968451886323978,0.05447469,0.478900287,0.0263907762907731,0.9704544123416248,0.0,0.0,0.0,0.0,0.0,0.0,0.0,0.0,0.0,0.24141860011805885,0.0,0.0,3.675e-09
7536.0,1.0215212269741443,0.008431789,0.493780548,0.0040848595417431735,1.0174363674324012,0.0,0.0,0.0,0.0,0.0,0.0,0.0,0.0,0.0,0.23209163754612475,0.0,0.0,3.675e-09
7537.0,1.028739357579791,2.92e-05,0.497531803,1.4146214832807209e-05,1.0287252113649583,0.0,0.0,0.0,0.0,0.0,0.0,0.0,0.0,0.0,0.23029546843703125,0.0,0.0,3.675e-09
7538.0,1.0175316743151197,0.0,0.505335703,0.0,1.0175316743151197,0.0,0.0,0.0,0.0,0.0,0.0,0.0,0.0,0.0,0.26123703249511854,0.0,0.0,3.675e-09
7539.0,0.990563813506049,0.0,0.517145295,0.0,0.990563813506049,0.0,0.0,0.0,0.0,0.0,0.0,0.0,0.0,0.0,0.3180894563780881,0.0,0.0,3.675e-09
7540.0,0.9455038997005185,0.0,0.525156159,0.0,0.9455038997005185,0.0,0.0,0.0,0.0,0.0,0.0,0.0,0.0,0.0,0.38342112643772364,0.0,0.0,3.675e-09
7541.0,0.8964566580684737,0.0,0.533252281,0.0,0.8964566580684737,0.0,0.0,0.0,0.0,0.0,0.0,0.0,0.0,0.0,0.4529558725121725,0.0,0.0,3.675e-09
7542.0,0.8455670571326784,0.0,0.536513125,0.0,0.8455670571326784,0.0,0.0,0.0,0.0,0.0,0.0,0.0,0.0,0.0,0.5120971470190908,0.0,0.0,3.675e-09
7543.0,0.8115568464848567,0.0,0.540283167,0.0,0.8115568464848567,0.0,0.0,0.0,0.0,0.0,0.0,0.0,0.0,0.0,0.5556475736151221,0.0,0.0,3.675e-09
7544.0,0.7878798649322494,0.0,0.545654781,0.0,0.7878798649322494,0.0,0.0,0.0,0.0,0.0,0.0,0.0,0.0,0.0,0.5929176020224926,0.0,0.0,3.675e-09
7545.0,0.7763473211236864,0.0,0.545207807,0.0,0.7763473211236864,0.0,0.0,0.0,0.0,0.0,0.0,0.0,0.0,0.0,0.6033190633435834,0.0,0.0,3.675e-09
7546.0,0.777998323833119,0.0,0.551491955,0.0,0.7779983238331188,0.0,0.0,0.0,0.0,0.0,0.0,0.0,0.0,0.0,0.617570304951458,0.0,0.0,3.675e-09
7547.0,0.7979883629456394,3.66e-06,0.568997069,1.7731214482217256e-06,0.7979865898241911,0.0,0.0,0.0,0.0,0.0,0.0,0.0,0.0,0.0,0.6418793087939915,0.0,0.0,3.675e-09
7548.0,0.8516726524920564,0.005043612,0.588138327,0.0024434253042919327,0.8492292271877644,0.0,0.0,0.0,0.0,0.0,0.0,0.0,0.0,0.0,0.6390742577597995,0.0,0.0,3.675e-09
7549.0,0.9085143173453634,0.038529081,0.592426286,0.01866577592933666,0.8898485414160268,0.0,0.0,0.0,0.0,0.0,0.0,0.0,0.0,0.0,0.609305765574652,0.0,0.0,3.675e-09
7550.0,0.9400435747639778,0.115450354,0.57637656,0.055931010623549424,0.8841125641404284,0.0,0.0,0.0,0.0,0.0,0.0,0.0,0.0,0.0,0.5744273804772069,0.0,0.0,3.675e-09
7551.0,0.9570564680016002,0.233265446,0.681113572,0.11300764082830783,0.8440488271732922,0.0,0.0,0.0,0.0,0.0,0.0,0.0,0.0,0.0,0.879531589738873,0.0,0.0,3.675e-09
7552.0,0.9722848545802165,0.351153032,0.828535582,0.17011939143368576,0.8021654631465308,0.0,0.0,0.0,0.0,0.0,0.0,0.0,0.0,0.0,1.2944712250005725,0.0,0.0,3.675e-09
7553.0,0.9823377257812967,0.432271129,0.914393691,0.209417817015552,0.7729199087657448,0.0,0.0,0.0,0.0,0.0,0.0,0.0,0.0,0.0,1.5409835633495248,0.0,0.0,3.675e-09
7554.0,0.9853860732960025,0.465151851,0.963863338,0.2253471922645181,0.7600388810314844,0.0,0.0,0.0,0.0,0.0,0.0,0.0,0.0,0.0,1.6790491686724955,0.0,0.0,3.675e-09
7555.0,1.0006967866769034,0.448106254,0.996829461,0.21708929236330393,0.7836074943135994,0.0,0.0,0.0,0.0,0.0,0.0,0.0,0.0,0.0,1.73890241976092,0.0,0.0,3.675e-09
7556.0,0.9881718615766577,0.381383898,1.019010123,0.18476501900278874,0.8034068425738689,0.0,0.0,0.0,0.0,0.0,0.0,0.0,0.0,0.0,1.7752319701586086,0.0,0.0,3.675e-09
7557.0,0.9868190184212171,0.276061961,1.015590012,0.13374081532438511,0.853078203096832,0.0,0.0,0.0,0.0,0.0,0.0,0.0,0.0,0.0,1.7169059056544047,0.0,0.0,3.675e-09
7558.0,0.9899763947280318,0.156873454,0.979807225,0.07599882129618149,0.9139775734318503,0.0,0.0,0.0,0.0,0.0,0.0,0.0,0.0,0.0,1.5654570095558042,0.0,0.0,3.675e-09
7559.0,1.0092321601180494,0.058679336,0.935817429,0.028427756619947876,0.9808044034981016,0.0,0.0,0.0,0.0,0.0,0.0,0.0,0.0,0.0,1.3873125460632716,0.0,0.0,3.675e-09
7560.0,1.0305639162236084,0.008038876,0.923149808,0.003894509140763626,1.0266694070828448,0.0,0.0,0.0,0.0,0.0,0.0,0.0,0.0,0.0,1.3093917086469493,0.0,0.0,3.675e-09
7561.0,1.0353700694074204,2.1e-05,0.902479395,1.0173647653731212e-05,1.0353598957597667,0.0,0.0,0.0,0.0,0.0,0.0,0.0,0.0,0.0,1.248394056347267,0.0,0.0,3.675e-09
7562.0,1.021917290157768,0.0,0.886297753,0.0,1.021917290157768,0.0,0.0,0.0,0.0,0.0,0.0,0.0,0.0,0.0,1.220888481776043,0.0,0.0,3.675e-09
7563.0,0.9935543093759346,0.0,0.866813985,0.0,0.9935543093759346,0.0,0.0,0.0,0.0,0.0,0.0,0.0,0.0,0.0,1.1999471433474234,0.0,0.0,3.675e-09
7564.0,0.9470124971304863,0.0,0.849008478,0.0,0.9470124971304863,0.0,0.0,0.0,0.0,0.0,0.0,0.0,0.0,0.0,1.2014315313394133,0.0,0.0,3.675e-09
7565.0,0.8918885869613984,0.0,0.841890208,0.0,0.8918885869613984,0.0,0.0,0.0,0.0,0.0,0.0,0.0,0.0,0.0,1.238542423887567,0.0,0.0,3.675e-09
7566.0,0.8400310808913093,0.0,0.833293338,0.0,0.8400310808913093,0.0,0.0,0.0,0.0,0.0,0.0,0.0,0.0,0.0,1.2686452661425889,0.0,0.0,3.675e-09
7567.0,0.80522874387624,0.0,0.833400492,0.0,0.80522874387624,0.0,0.0,0.0,0.0,0.0,0.0,0.0,0.0,0.0,1.3037187598980113,0.0,0.0,3.675e-09
7568.0,0.7799897629138656,0.0,0.82655978,0.0,0.7799897629138656,0.0,0.0,0.0,0.0,0.0,0.0,0.0,0.0,0.0,1.3116470929366997,0.0,0.0,3.675e-09
7569.0,0.7663678773948489,0.0,0.811424565,0.0,0.7663678773948489,0.0,0.0,0.0,0.0,0.0,0.0,0.0,0.0,0.0,1.286968816409092,0.0,0.0,3.675e-09
7570.0,0.7654355725804967,0.0,0.790185779,0.0,0.7654355725804967,0.0,0.0,0.0,0.0,0.0,0.0,0.0,0.0,0.0,1.2341556709293071,0.0,0.0,3.675e-09
7571.0,0.7897800758808201,3.68e-06,0.770830288,1.7828106364633742e-06,0.7897782930701835,0.0,0.0,0.0,0.0,0.0,0.0,0.0,0.0,0.0,1.1608332404195125,0.0,0.0,3.675e-09
7572.0,0.8506001682306746,0.003945591,0.743653436,0.0019114786961777614,0.8486886895344969,0.0,0.0,0.0,0.0,0.0,0.0,0.0,0.0,0.0,1.033150921288945,0.0,0.0,3.675e-09
7573.0,0.9136075059206149,0.034405832,0.709792973,0.016668229142927152,0.8969392767776877,0.0,0.0,0.0,0.0,0.0,0.0,0.0,0.0,0.0,0.8992153127313074,0.0,0.0,3.675e-09
7574.0,0.9451300868418486,0.114950933,0.678391431,0.055689061419507795,0.8894410254223408,0.0,0.0,0.0,0.0,0.0,0.0,0.0,0.0,0.0,0.8272509236739554,0.0,0.0,3.675e-09
7575.0,0.9642523482822929,0.23658809,0.705750027,0.11461732698710708,0.8496350212951858,0.0,0.0,0.0,0.0,0.0,0.0,0.0,0.0,0.0,0.9362887596692493,0.0,0.0,3.675e-09
7576.0,0.9789578432251682,0.354047646,0.801150894,0.17152171443033137,0.807436128794837,0.0,0.0,0.0,0.0,0.0,0.0,0.0,0.0,0.0,1.2199027008153207,0.0,0.0,3.675e-09
7577.0,0.9849655349549143,0.435467825,0.855849333,0.21096648648031827,0.7739990484745961,0.0,0.0,0.0,0.0,0.0,0.0,0.0,0.0,0.0,1.3917559897852183,0.0,0.0,3.675e-09
7578.0,0.9844381926542276,0.471679808,0.862637467,0.22850972247483753,0.7559284701793901,0.0,0.0,0.0,0.0,0.0,0.0,0.0,0.0,0.0,1.427004165636468,0.0,0.0,3.675e-09
7579.0,0.9830163726914899,0.455461539,0.863498989,0.22065262941010272,0.7623637432813872,0.0,0.0,0.0,0.0,0.0,0.0,0.0,0.0,0.0,1.4227490024441571,0.0,0.0,3.675e-09
7580.0,0.9819639139225517,0.389309799,0.852359698,0.18860479634147237,0.7933591175810792,0.0,0.0,0.0,0.0,0.0,0.0,0.0,0.0,0.0,1.3635652839164838,0.0,0.0,3.675e-09
7581.0,0.9803640873604833,0.281365315,0.812010094,0.13631007508529017,0.8440540122751932,0.0,0.0,0.0,0.0,0.0,0.0,0.0,0.0,0.0,1.210764382025437,0.0,0.0,3.675e-09
7582.0,0.9842423863948885,0.154501264,0.735241564,0.07484959152343364,0.9093927948714549,0.0,0.0,0.0,0.0,0.0,0.0,0.0,0.0,0.0,0.951160295693407,0.0,0.0,3.675e-09
7583.0,1.000178345706108,0.053418786,0.692307524,0.025879233659717605,0.9742991120463904,0.0,0.0,0.0,0.0,0.0,0.0,0.0,0.0,0.0,0.7776079705617783,0.0,0.0,3.675e-09
7584.0,1.0232122816683886,0.007103706,0.684200074,0.003441457232366492,1.0197708244360222,0.0,0.0,0.0,0.0,0.0,0.0,0.0,0.0,0.0,0.7116200878511499,0.0,0.0,3.675e-09
7585.0,1.030434861939056,1.69e-05,0.675133549,8.187364064193214e-06,1.030426674574992,0.0,0.0,0.0,0.0,0.0,0.0,0.0,0.0,0.0,0.6780210963891286,0.0,0.0,3.675e-09
7586.0,1.0197211444877157,0.0,0.658436483,0.0,1.0197211444877157,0.0,0.0,0.0,0.0,0.0,0.0,0.0,0.0,0.0,0.6464741488272148,0.0,0.0,3.675e-09
7587.0,0.9924350986322098,0.0,0.650918679,0.0,0.9924350986322098,0.0,0.0,0.0,0.0,0.0,0.0,0.0,0.0,0.0,0.6547361430630534,0.0,0.0,3.675e-09
7588.0,0.9469056941708126,0.0,0.642531672,0.0,0.9469056941708126,0.0,0.0,0.0,0.0,0.0,0.0,0.0,0.0,0.0,0.6790419489706029,0.0,0.0,3.675e-09
7589.0,0.8923892282721856,0.0,0.628970248,0.0,0.8923892282721856,0.0,0.0,0.0,0.0,0.0,0.0,0.0,0.0,0.0,0.699240782990001,0.0,0.0,3.675e-09
7590.0,0.844151911667472,0.0,0.617016536,0.0,0.844151911667472,0.0,0.0,0.0,0.0,0.0,0.0,0.0,0.0,0.0,0.7172288360950758,0.0,0.0,3.675e-09
7591.0,0.8100393477249975,0.0,0.607294725,0.0,0.8100393477249975,0.0,0.0,0.0,0.0,0.0,0.0,0.0,0.0,0.0,0.7267400358225952,0.0,0.0,3.675e-09
7592.0,0.785098526316615,0.0,0.596848476,0.0,0.785098526316615,0.0,0.0,0.0,0.0,0.0,0.0,0.0,0.0,0.0,0.7252462787014101,0.0,0.0,3.675e-09
7593.0,0.7717703506865693,0.0,0.581053859,0.0,0.7717703506865693,0.0,0.0,0.0,0.0,0.0,0.0,0.0,0.0,0.0,0.6986056537188201,0.0,0.0,3.675e-09
7594.0,0.7744204101851409,0.0,0.564207021,0.0,0.7744204101851409,0.0,0.0,0.0,0.0,0.0,0.0,0.0,0.0,0.0,0.6533241135724195,0.0,0.0,3.675e-09
7595.0,0.7967979495621822,5.28e-06,0.552321102,2.5579456957952762e-06,0.7967953916164865,0.0,0.0,0.0,0.0,0.0,0.0,0.0,0.0,0.0,0.6008714210697047,0.0,0.0,3.675e-09
7596.0,0.8583968172843722,0.005510376,0.543027704,0.00266955351731318,0.855727263767059,0.0,0.0,0.0,0.0,0.0,0.0,0.0,0.0,0.0,0.5184222979673766,0.0,0.0,3.675e-09
7597.0,0.9207210573991738,0.04297118,0.524083303,0.020817792599288648,0.899903264799885,0.0,0.0,0.0,0.0,0.0,0.0,0.0,0.0,0.0,0.4263068637533081,0.0,0.0,3.675e-09
7598.0,0.9468745435158921,0.129610468,0.522924613,0.06279101112700973,0.8840835323888824,0.0,0.0,0.0,0.0,0.0,0.0,0.0,0.0,0.0,0.43919449280391604,0.0,0.0,3.675e-09
7599.0,0.958858775320539,0.256739944,0.526658656,0.12438008232831822,0.8344786929922207,0.0,0.0,0.0,0.0,0.0,0.0,0.0,0.0,0.0,0.4982484514888772,0.0,0.0,3.675e-09
7600.0,0.9655784904478338,0.378014319,0.555862268,0.18313259474148344,0.7824458957063505,0.0,0.0,0.0,0.0,0.0,0.0,0.0,0.0,0.0,0.6241819546416117,0.0,0.0,3.675e-09
7601.0,0.9649977471672727,0.461323281,0.608810629,0.22349240549320162,0.741505341674071,0.0,0.0,0.0,0.0,0.0,0.0,0.0,0.0,0.0,0.7991100870732183,0.0,0.0,3.675e-09
7602.0,0.9599557357393099,0.494296056,0.627656749,0.23946637668442816,0.7204893590548819,0.0,0.0,0.0,0.0,0.0,0.0,0.0,0.0,0.0,0.8678167995532078,0.0,0.0,3.675e-09
7603.0,0.9536031579732288,0.473584322,0.624887586,0.22943238220758033,0.7241707757656485,0.0,0.0,0.0,0.0,0.0,0.0,0.0,0.0,0.0,0.8571279243006553,0.0,0.0,3.675e-09
7604.0,0.9497248589388235,0.401238944,0.595490089,0.1943839829148185,0.755340876024005,0.0,0.0,0.0,0.0,0.0,0.0,0.0,0.0,0.0,0.7515664857715731,0.0,0.0,3.675e-09
7605.0,0.9443713379618814,0.286756347,0.525388426,0.13892181127852776,0.8054495266833538,0.0,0.0,0.0,0.0,0.0,0.0,0.0,0.0,0.0,0.5240632587789602,0.0,0.0,3.675e-09
7606.0,0.9462448479205526,0.155836201,0.45564605,0.07549631431762074,0.8707485336029319,0.0,0.0,0.0,0.0,0.0,0.0,0.0,0.0,0.0,0.28227886316046924,0.0,0.0,3.675e-09
7607.0,0.9672650944771324,0.054620206,0.454459089,0.026461272886581687,0.9408038215905506,0.0,0.0,0.0,0.0,0.0,0.0,0.0,0.0,0.0,0.20921993111209386,0.0,0.0,3.675e-09
7608.0,0.992045710946042,0.007204317,0.475970803,0.0034901991782755183,0.9885555117677665,0.0,0.0,0.0,0.0,0.0,0.0,0.0,0.0,0.0,0.2159043445581593,0.0,0.0,3.675e-09
7609.0,0.9952965392176182,1.35e-05,0.490086522,6.540202063112922e-06,0.995289999015555,0.0,0.0,0.0,0.0,0.0,0.0,0.0,0.0,0.0,0.2448901510164474,0.0,0.0,3.675e-09
7610.0,0.983757320911524,0.0,0.495149324,0.0,0.983757320911524,0.0,0.0,0.0,0.0,0.0,0.0,0.0,0.0,0.0,0.26923441699749084,0.0,0.0,3.675e-09
7611.0,0.965102325294436,0.0,0.495018486,0.0,0.965102325294436,0.0,0.0,0.0,0.0,0.0,0.0,0.0,0.0,0.0,0.2875583227290465,0.0,0.0,3.675e-09
7612.0,0.9312523185861623,0.0,0.493238273,0.0,0.9312523185861623,0.0,0.0,0.0,0.0,0.0,0.0,0.0,0.0,0.0,0.31690344157299144,0.0,0.0,3.675e-09
7613.0,0.8914057463105445,0.0,0.488666355,0.0,0.8914057463105445,0.0,0.0,0.0,0.0,0.0,0.0,0.0,0.0,0.0,0.34518062416607886,0.0,0.0,3.675e-09
7614.0,0.85086050163229,0.0,0.476647523,0.0,0.85086050163229,0.0,0.0,0.0,0.0,0.0,0.0,0.0,0.0,0.0,0.3553118170313159,0.0,0.0,3.675e-09
7615.0,0.8268497592058246,0.0,0.462558328,0.0,0.8268497592058246,0.0,0.0,0.0,0.0,0.0,0.0,0.0,0.0,0.0,0.34366938561079674,0.0,0.0,3.675e-09
7616.0,0.7982998724946186,0.0,0.446181394,0.0,0.7982998724946186,0.0,0.0,0.0,0.0,0.0,0.0,0.0,0.0,0.0,0.33077689928489185,0.0,0.0,3.675e-09
7617.0,0.7859707536537119,0.0,0.426128237,0.0,0.7859707536537119,0.0,0.0,0.0,0.0,0.0,0.0,0.0,0.0,0.0,0.29236084122237144,0.0,0.0,3.675e-09
7618.0,0.7835743520592998,0.0,0.40802036,0.0,0.7835743520592998,0.0,0.0,0.0,0.0,0.0,0.0,0.0,0.0,0.0,0.2489346612795973,0.0,0.0,3.675e-09
7619.0,0.7918538417638513,4.78e-06,0.39653339,2.3157159897540567e-06,0.7918515260478616,0.0,0.0,0.0,0.0,0.0,0.0,0.0,0.0,0.0,0.21158932985655468,0.0,0.0,3.675e-09
7620.0,0.815027957173161,0.005344347,0.387702956,0.0025891192055845446,0.8124388379675764,0.0,0.0,0.0,0.0,0.0,0.0,0.0,0.0,0.0,0.1686563126963115,0.0,0.0,3.675e-09
7621.0,0.8464526354646876,0.044491442,0.371394507,0.021554297834019916,0.8248983376306678,0.0,0.0,0.0,0.0,0.0,0.0,0.0,0.0,0.0,0.1149277435532616,0.0,0.0,3.675e-09
7622.0,0.875349633044739,0.133678794,0.329984729,0.06476194994912943,0.8105876830956096,0.0,0.0,0.0,0.0,0.0,0.0,0.0,0.0,0.0,0.024449585526704468,0.0,0.0,3.675e-09
7623.0,0.8950103619483469,0.25851851,0.274503688,0.12524172536702802,0.694640659732687,0.0,0.07512797684863183,0.0,0.0,0.0,0.0,0.0,0.0,0.0,0.0,0.0,0.0,0.006839048849999999
7624.0,0.9006486914843688,0.374706342,0.270603547,0.1815300141488812,0.6847712239628824,0.0,0.034347453372605224,0.0,0.0,0.0,0.0,0.0,0.0,0.0,0.0,0.0,0.0,0.006839048849999999
7625.0,0.8956289313812847,0.452528776,0.30569908,0.2192318247713456,0.6763971066099392,0.0,0.0,0.0,0.0,0.0,0.0,0.0,0.0,0.0,0.09718452414350794,0.0,0.0,3.675e-09
7626.0,0.8851399460116937,0.480058984,0.331353023,0.23256909315353283,0.6525708528581607,0.0,0.0,0.0,0.0,0.0,0.0,0.0,0.0,0.0,0.18592892897770374,0.0,0.0,3.675e-09
7627.0,0.8720253773009201,0.455719472,0.344430474,0.22077758747963938,0.6512477898212807,0.0,0.0,0.0,0.0,0.0,0.0,0.0,0.0,0.0,0.22034491421336255,0.0,0.0,3.675e-09
7628.0,0.8608443950261484,0.381944353,0.34128024,0.18503653670258743,0.675807858323561,0.0,0.0,0.0,0.0,0.0,0.0,0.0,0.0,0.0,0.1878130744025951,0.0,0.0,3.675e-09
7629.0,0.8552705926324028,0.269025377,0.31725734,0.13033187597667642,0.7249387166557264,0.0,0.0,0.0,0.0,0.0,0.0,0.0,0.0,0.0,0.07789147323460889,0.0,0.0,3.675e-09
7630.0,0.860842170193638,0.143684596,0.318720302,0.06960935490346272,0.7912328152901752,0.0,0.0,0.0,0.0,0.0,0.0,0.0,0.0,0.0,0.015299448318178345,0.0,0.0,3.675e-09
7631.0,0.8922846491450975,0.05005228,0.360868986,0.0242482981421856,0.868036351002912,0.0,0.0,0.0,0.0,0.0,0.0,0.0,0.0,0.0,0.045154551234094606,0.0,0.0,3.675e-09
7632.0,0.9259900257413961,0.006651388,0.414127285,0.0032223275200121875,0.9227676982213839,0.0,0.0,0.0,0.0,0.0,0.0,0.0,0.0,0.0,0.12519509077293542,0.0,0.0,3.675e-09
7633.0,0.9381811899677838,9.94e-06,0.440361874,4.81552655609944e-06,0.9381763744412277,0.0,0.0,0.0,0.0,0.0,0.0,0.0,0.0,0.0,0.1761739095392279,0.0,0.0,3.675e-09
7634.0,0.9343295919232781,0.0,0.450023149,0.0,0.934329591923278,0.0,0.0,0.0,0.0,0.0,0.0,0.0,0.0,0.0,0.20446886792233715,0.0,0.0,3.675e-09
7635.0,0.9217423655131913,0.0,0.459169396,0.0,0.9217423655131913,0.0,0.0,0.0,0.0,0.0,0.0,0.0,0.0,0.0,0.2402009748127113,0.0,0.0,3.675e-09
7636.0,0.8954086489645565,0.0,0.461193899,0.0,0.8954086489645565,0.0,0.0,0.0,0.0,0.0,0.0,0.0,0.0,0.0,0.2716577631488217,0.0,0.0,3.675e-09
7637.0,0.8633609505751465,0.0,0.451591191,0.0,0.8633609505751465,0.0,0.0,0.0,0.0,0.0,0.0,0.0,0.0,0.0,0.2794054914032573,0.0,0.0,3.675e-09
7638.0,0.8296577988113585,0.0,0.439857438,0.0,0.8296577988113585,0.0,0.0,0.0,0.0,0.0,0.0,0.0,0.0,0.0,0.2834159931904796,0.0,0.0,3.675e-09
7639.0,0.8012525422121276,0.0,0.429838305,0.0,0.8012525422121276,0.0,0.0,0.0,0.0,0.0,0.0,0.0,0.0,0.0,0.2864675024219536,0.0,0.0,3.675e-09
7640.0,0.7816363149583524,0.0,0.419337583,0.0,0.7816363149583524,0.0,0.0,0.0,0.0,0.0,0.0,0.0,0.0,0.0,0.27951130541835595,0.0,0.0,3.675e-09
7641.0,0.7717169487067702,0.0,0.402371583,0.0,0.7717169487067702,0.0,0.0,0.0,0.0,0.0,0.0,0.0,0.0,0.0,0.246497647640677,0.0,0.0,3.675e-09
7642.0,0.7702484012617646,0.0,0.384982067,0.0,0.7702484012617646,0.0,0.0,0.0,0.0,0.0,0.0,0.0,0.0,0.0,0.20396144981365502,0.0,0.0,3.675e-09
7643.0,0.7761470651993265,3.86e-06,0.374725188,1.8700133306382132e-06,0.7761451951859959,0.0,0.0,0.0,0.0,0.0,0.0,0.0,0.0,0.0,0.1721092844069164,0.0,0.0,3.675e-09
7644.0,0.7933557646962878,0.005183338,0.367788867,0.0025111168801045633,0.7908446478161831,0.0,0.0,0.0,0.0,0.0,0.0,0.0,0.0,0.0,0.13985724211695863,0.0,0.0,3.675e-09
7645.0,0.8165054039482085,0.038636934,0.350647687,0.018718026330307985,0.7977873776179005,0.0,0.0,0.0,0.0,0.0,0.0,0.0,0.0,0.0,0.08953818950315295,0.0,0.0,3.675e-09
7646.0,0.8391121260719445,0.110991802,0.315169484,0.053771023142890444,0.7853411029290542,0.0,0.0,0.0,0.0,0.0,0.0,0.0,0.0,0.0,0.012205698312357667,0.0,0.0,3.675e-09
7647.0,0.856363102386228,0.218760345,0.303167386,0.10598050812565145,0.7503825942605765,0.0,0.0,0.0,0.0,0.0,0.0,0.0,0.0,0.0,0.016792501108175536,0.0,0.0,3.675e-09
7648.0,0.859360272753645,0.323352485,0.329003145,0.1566511547784956,0.7027091179751495,0.0,0.0,0.0,0.0,0.0,0.0,0.0,0.0,0.0,0.1298442198762854,0.0,0.0,3.675e-09
7649.0,0.858401266949393,0.395296833,0.424335495,0.19150527131322995,0.666895995636163,0.0,0.0,0.0,0.0,0.0,0.0,0.0,0.0,0.0,0.40689900632678444,0.0,0.0,3.675e-09
7650.0,0.8585125205740124,0.420399605,0.509515955,0.20366654547798943,0.6548459750960229,0.0,0.0,0.0,0.0,0.0,0.0,0.0,0.0,0.0,0.6345009976321907,0.0,0.0,3.675e-09
7651.0,0.857867250151175,0.39381732,0.554706118,0.19078850731508162,0.6670787428360934,0.0,0.0,0.0,0.0,0.0,0.0,0.0,0.0,0.0,0.736623431705466,0.0,0.0,3.675e-09
7652.0,0.8547855271490383,0.321987119,0.568611542,0.1559896903688582,0.6987958367801802,0.0,0.0,0.0,0.0,0.0,0.0,0.0,0.0,0.0,0.7400944730159504,0.0,0.0,3.675e-09
7653.0,0.8519418862236382,0.219818499,0.557611757,0.10649314079038412,0.745448745433254,0.0,0.0,0.0,0.0,0.0,0.0,0.0,0.0,0.0,0.6656062446810599,0.0,0.0,3.675e-09
7654.0,0.8606597139292863,0.112137719,0.548226815,0.054326173419005704,0.8063335405102805,0.0,0.0,0.0,0.0,0.0,0.0,0.0,0.0,0.0,0.580972543533114,0.0,0.0,3.675e-09
7655.0,0.8993737254661919,0.036380452,0.578446146,0.01762485238721338,0.8817488730789785,0.0,0.0,0.0,0.0,0.0,0.0,0.0,0.0,0.0,0.5820282273484304,0.0,0.0,3.675e-09
7656.0,0.9408557256237443,0.004032997,0.614412296,0.001953823355550239,0.9389019022681939,0.0,0.0,0.0,0.0,0.0,0.0,0.0,0.0,0.0,0.6158887300577184,0.0,0.0,3.675e-09
7657.0,0.9527910071134623,5.68e-06,0.632919691,2.7517294606282515e-06,0.9527882553840017,0.0,0.0,0.0,0.0,0.0,0.0,0.0,0.0,0.0,0.648835951989301,0.0,0.0,3.675e-09
7658.0,0.9509063719923141,0.0,0.642726245,0.0,0.9509063719923141,0.0,0.0,0.0,0.0,0.0,0.0,0.0,0.0,0.0,0.6755336445597132,0.0,0.0,3.675e-09
7659.0,0.930934133539727,0.0,0.656206039,0.0,0.930934133539727,0.0,0.0,0.0,0.0,0.0,0.0,0.0,0.0,0.0,0.7296169474772001,0.0,0.0,3.675e-09
7660.0,0.8938889253721869,0.0,0.672568374,0.0,0.8938889253721869,0.0,0.0,0.0,0.0,0.0,0.0,0.0,0.0,0.0,0.8080675854295933,0.0,0.0,3.675e-09
7661.0,0.8532346519018235,0.0,0.677755375,0.0,0.8532346519018235,0.0,0.0,0.0,0.0,0.0,0.0,0.0,0.0,0.0,0.8618477364534641,0.0,0.0,3.675e-09
7662.0,0.8176068140320002,0.0,0.679322616,0.0,0.8176068140320002,0.0,0.0,0.0,0.0,0.0,0.0,0.0,0.0,0.0,0.9014415294990884,0.0,0.0,3.675e-09
7663.0,0.7882781529483835,0.0,0.675024565,0.0,0.7882781529483835,0.0,0.0,0.0,0.0,0.0,0.0,0.0,0.0,0.0,0.9198938303998694,0.0,0.0,3.675e-09
7664.0,0.7705020601658485,0.0,0.665516238,0.0,0.7705020601658485,0.0,0.0,0.0,0.0,0.0,0.0,0.0,0.0,0.0,0.9136087872889076,0.0,0.0,3.675e-09
7665.0,0.7636710914139344,0.0,0.659700656,0.0,0.7636710914139344,0.0,0.0,0.0,0.0,0.0,0.0,0.0,0.0,0.0,0.9057232334809879,0.0,0.0,3.675e-09
7666.0,0.770148273799547,0.0,0.652656652,0.0,0.770148273799547,0.0,0.0,0.0,0.0,0.0,0.0,0.0,0.0,0.0,0.8814209660432587,0.0,0.0,3.675e-09
7667.0,0.7999909261889382,2.64e-06,0.646352625,1.2789728478976381e-06,0.7999896472160903,0.0,0.0,0.0,0.0,0.0,0.0,0.0,0.0,0.0,0.8356270438425523,0.0,0.0,3.675e-09
7668.0,0.8683362090283979,0.004339969,0.640856551,0.0021025388301960093,0.8662336701982019,0.0,0.0,0.0,0.0,0.0,0.0,0.0,0.0,0.0,0.755475023860052,0.0,0.0,3.675e-09
7669.0,0.9337510734752275,0.033421012,0.628674953,0.016191123824720127,0.9175599496505074,0.0,0.0,0.0,0.0,0.0,0.0,0.0,0.0,0.0,0.6733228078494062,0.0,0.0,3.675e-09
7670.0,0.9611528236202984,0.093198459,0.600537196,0.04515087065412927,0.9160019529661692,0.0,0.0,0.0,0.0,0.0,0.0,0.0,0.0,0.0,0.6036772799899212,0.0,0.0,3.675e-09
7671.0,0.9780455639032595,0.179963881,0.626674275,0.08718519598533396,0.8908603679179256,0.0,0.0,0.0,0.0,0.0,0.0,0.0,0.0,0.0,0.694959607744854,0.0,0.0,3.675e-09
7672.0,0.9834591613575322,0.271222437,0.792686101,0.13139626237258625,0.852062898984946,0.0,0.0,0.0,0.0,0.0,0.0,0.0,0.0,0.0,1.153855492026148,0.0,0.0,3.675e-09
7673.0,0.9840599311304615,0.338585289,0.951918271,0.1640308300487026,0.8200291010817589,0.0,0.0,0.0,0.0,0.0,0.0,0.0,0.0,0.0,1.5888315615809545,0.0,0.0,3.675e-09
7674.0,0.9812140643726263,0.36612267,1.034664548,0.1773715734582527,0.8038424909143735,0.0,0.0,0.0,0.0,0.0,0.0,0.0,0.0,0.0,1.8144103619388907,0.0,0.0,3.675e-09
7675.0,0.9789244667378125,0.34792383,1.076198694,0.16855497413127032,0.8103694926065422,0.0,0.0,0.0,0.0,0.0,0.0,0.0,0.0,0.0,1.91298689014492,0.0,0.0,3.675e-09
7676.0,0.9769441538194676,0.289992402,1.08538593,0.1404895485812942,0.8364546052381735,0.0,0.0,0.0,0.0,0.0,0.0,0.0,0.0,0.0,1.910150382013495,0.0,0.0,3.675e-09
7677.0,0.9739558827820926,0.203624499,1.061591965,0.09864780507112111,0.8753080777109714,0.0,0.0,0.0,0.0,0.0,0.0,0.0,0.0,0.0,1.8110854942927663,0.0,0.0,3.675e-09
7678.0,0.9796476142979136,0.112423136,1.01834413,0.054464446371024045,0.9251831679268895,0.0,0.0,0.0,0.0,0.0,0.0,0.0,0.0,0.0,1.6517703274961268,0.0,0.0,3.675e-09
7679.0,1.0103713963542178,0.041852012,0.981407375,0.020275601127987167,0.9900957952262306,0.0,0.0,0.0,0.0,0.0,0.0,0.0,0.0,0.0,1.4933880202499556,0.0,0.0,3.675e-09
7680.0,1.0404499069877597,0.005680324,0.933403049,0.002751886425477766,1.0376980205622819,0.0,0.0,0.0,0.0,0.0,0.0,0.0,0.0,0.0,1.324309260570719,0.0,0.0,3.675e-09
7681.0,1.0482665815339007,5.1e-06,0.925463767,2.4707430016204376e-06,1.0482641107908992,0.0,0.0,0.0,0.0,0.0,0.0,0.0,0.0,0.0,1.2936525547060602,0.0,0.0,3.675e-09
7682.0,1.036653935755564,0.0,0.92797171,0.0,1.036653935755564,0.0,0.0,0.0,0.0,0.0,0.0,0.0,0.0,0.0,1.3116091624351958,0.0,0.0,3.675e-09
7683.0,1.0107340830504858,0.0,0.956313037,0.0,1.0107340830504858,0.0,0.0,0.0,0.0,0.0,0.0,0.0,0.0,0.0,1.4092476803007208,0.0,0.0,3.675e-09
7684.0,0.9645705333287282,0.0,0.990243403,0.0,0.9645705333287282,0.0,0.0,0.0,0.0,0.0,0.0,0.0,0.0,0.0,1.5412731431899676,0.0,0.0,3.675e-09
7685.0,0.9107994653151562,0.0,1.003480365,0.0,0.9107994653151562,0.0,0.0,0.0,0.0,0.0,0.0,0.0,0.0,0.0,1.6285407812625055,0.0,0.0,3.675e-09
7686.0,0.8596183813227498,0.0,0.994164919,0.0,0.8596183813227497,0.0,0.0,0.0,0.0,0.0,0.0,0.0,0.0,0.0,1.6561488211100763,0.0,0.0,3.675e-09
7687.0,0.8244177562915461,0.0,0.978022357,0.0,0.8244177562915461,0.0,0.0,0.0,0.0,0.0,0.0,0.0,0.0,0.0,1.6505001592003483,0.0,0.0,3.675e-09
7688.0,0.7980017129406267,0.0,0.976238695,0.0,0.7980017129406267,0.0,0.0,0.0,0.0,0.0,0.0,0.0,0.0,0.0,1.6724025868783885,0.0,0.0,3.675e-09
7689.0,0.7839014374357017,0.0,0.970121121,0.0,0.7839014374357017,0.0,0.0,0.0,0.0,0.0,0.0,0.0,0.0,0.0,1.6710221390812514,0.0,0.0,3.675e-09
7690.0,0.783954839415501,0.0,0.972912518,0.0,0.7839548394155009,0.0,0.0,0.0,0.0,0.0,0.0,0.0,0.0,0.0,1.6780324595154688,0.0,0.0,3.675e-09
7691.0,0.8057916864968682,1.94e-06,0.972349862,9.39851259439931e-07,0.8057907466456088,0.0,0.0,0.0,0.0,0.0,0.0,0.0,0.0,0.0,1.6547727326715327,0.0,0.0,3.675e-09
7692.0,0.8695666733967421,0.004366885,0.975693874,0.00211557853973162,0.8674510948570106,0.0,0.0,0.0,0.0,0.0,0.0,0.0,0.0,0.0,1.6015745174054417,0.0,0.0,3.675e-09
7693.0,0.9287335382046538,0.028184331,0.968763417,0.01365416442619685,0.9150793737784569,0.0,0.0,0.0,0.0,0.0,0.0,0.0,0.0,0.0,1.5364084878701343,0.0,0.0,3.675e-09
7694.0,0.9576527871095839,0.082002695,0.959496645,0.039726977408875534,0.9179258097007084,0.0,0.0,0.0,0.0,0.0,0.0,0.0,0.0,0.0,1.5101121789695917,0.0,0.0,3.675e-09
7695.0,0.9697460487062645,0.174311956,1.048319139,0.0844470677226999,0.8852989809835644,0.0,0.0,0.0,0.0,0.0,0.0,0.0,0.0,0.0,1.7675072659232618,0.0,0.0,3.675e-09
7696.0,0.9820996427046355,0.270826782,1.16844568,0.13120458358389878,0.8508950591207367,0.0,0.0,0.0,0.0,0.0,0.0,0.0,0.0,0.0,2.1058953721138627,0.0,0.0,3.675e-09
7697.0,0.9910266286644596,0.33576431,1.227716303,0.16266418022086568,0.8283624484435939,0.0,0.0,0.0,0.0,0.0,0.0,0.0,0.0,0.0,2.278414254244989,0.0,0.0,3.675e-09
7698.0,0.9839331016784196,0.362141986,1.266363364,0.17544309362792676,0.8084900080504929,0.0,0.0,0.0,0.0,0.0,0.0,0.0,0.0,0.0,2.3960843604740742,0.0,0.0,3.675e-09
7699.0,0.978893316082892,0.348303441,1.303927258,0.16873888025315037,0.8101544358297416,0.0,0.0,0.0,0.0,0.0,0.0,0.0,0.0,0.0,2.4894766086192988,0.0,0.0,3.675e-09
7700.0,0.975573510004094,0.296456567,1.333800209,0.1436211741567981,0.8319523358472959,0.0,0.0,0.0,0.0,0.0,0.0,0.0,0.0,0.0,2.5432731989417148,0.0,0.0,3.675e-09
7701.0,0.9720000460211368,0.216266895,1.321586457,0.10477253280459448,0.8672275132165422,0.0,0.0,0.0,0.0,0.0,0.0,0.0,0.0,0.0,2.4770907182538644,0.0,0.0,3.675e-09
7702.0,0.9786997346560633,0.125412737,1.262195871,0.0607573808346695,0.9179423538213938,0.0,0.0,0.0,0.0,0.0,0.0,0.0,0.0,0.0,2.2760860358566113,0.0,0.0,3.675e-09
7703.0,1.0069247608233778,0.044087419,1.198074535,0.021358565088972138,0.9855661957344056,0.0,0.0,0.0,0.0,0.0,0.0,0.0,0.0,0.0,2.0462010328404325,0.0,0.0,3.675e-09
7704.0,1.0303569848017924,0.004861169,1.170231342,0.0023550390757733765,1.028001945726019,0.0,0.0,0.0,0.0,0.0,0.0,0.0,0.0,0.0,1.9333071622475961,0.0,0.0,3.675e-09
7705.0,1.0367674142126937,3.52e-06,1.154564816,1.7052971305301841e-06,1.0367657089155633,0.0,0.0,0.0,0.0,0.0,0.0,0.0,0.0,0.0,1.884898736956611,0.0,0.0,3.675e-09
7706.0,1.0225158340982623,0.0,1.139932788,0.0,1.0225158340982623,0.0,0.0,0.0,0.0,0.0,0.0,0.0,0.0,0.0,1.862121781070104,0.0,0.0,3.675e-09
7707.0,0.9957348782186395,0.0,1.10879434,0.0,0.9957348782186395,0.0,0.0,0.0,0.0,0.0,0.0,0.0,0.0,0.0,1.810105864603982,0.0,0.0,3.675e-09
7708.0,0.9488014544544378,0.0,1.074290634,0.0,0.9488014544544378,0.0,0.0,0.0,0.0,0.0,0.0,0.0,0.0,0.0,1.76972651937157,0.0,0.0,3.675e-09
7709.0,0.8934305608787221,0.0,1.046633416,0.0,0.8934305608787221,0.0,0.0,0.0,0.0,0.0,0.0,0.0,0.0,0.0,1.755109908233357,0.0,0.0,3.675e-09
7710.0,0.8297156514561034,0.0,1.019989247,0.0,0.8297156514561034,0.0,0.0,0.0,0.0,0.0,0.0,0.0,0.0,0.0,1.7514008669359067,0.0,0.0,3.675e-09
7711.0,0.8101350255221942,0.0,0.999818276,0.0,0.8101350255221942,0.0,0.0,0.0,0.0,0.0,0.0,0.0,0.0,0.0,1.7199381837435321,0.0,0.0,3.675e-09
7712.0,0.7854745630078706,0.0,0.982485241,0.0,0.7854745630078706,0.0,0.0,0.0,0.0,0.0,0.0,0.0,0.0,0.0,1.7007368280240343,0.0,0.0,3.675e-09
7713.0,0.7744293105151073,0.0,0.977166165,0.0,0.7744293105151073,0.0,0.0,0.0,0.0,0.0,0.0,0.0,0.0,0.0,1.6983219828083531,0.0,0.0,3.675e-09
7714.0,0.7748253726988065,0.0,0.983641746,0.0,0.7748253726988065,0.0,0.0,0.0,0.0,0.0,0.0,0.0,0.0,0.0,1.7143125924787397,0.0,0.0,3.675e-09
7715.0,0.7935137448032502,1.37e-06,0.990330553,6.63709394552941e-07,0.7935130810938558,0.0,0.0,0.0,0.0,0.0,0.0,0.0,0.0,0.0,1.712551131381704,0.0,0.0,3.675e-09
7716.0,0.8543516378130379,0.003523133,0.984913912,0.0017068149418682382,0.8526448228711697,0.0,0.0,0.0,0.0,0.0,0.0,0.0,0.0,0.0,1.63971240043718,0.0,0.0,3.675e-09
7717.0,0.9183513567946611,0.025104982,0.992716189,0.012162344820060206,0.9061890119746008,0.0,0.0,0.0,0.0,0.0,0.0,0.0,0.0,0.0,1.6059121312868287,0.0,0.0,3.675e-09
7718.0,0.948527771057835,0.085916234,0.992076514,0.041622928211977224,0.9069048428458579,0.0,0.0,0.0,0.0,0.0,0.0,0.0,0.0,0.0,1.60357758167539,0.0,0.0,3.675e-09
7719.0,0.9658877751643027,0.184037773,1.024837653,0.08915883130854128,0.8767289438557615,0.0,0.0,0.0,0.0,0.0,0.0,0.0,0.0,0.0,1.7166566262456449,0.0,0.0,3.675e-09
7720.0,0.9777006778669244,0.286971616,1.129877412,0.13902610037170735,0.838674577495217,0.0,0.0,0.0,0.0,0.0,0.0,0.0,0.0,0.0,2.0205175761954135,0.0,0.0,3.675e-09
7721.0,0.9828761932444604,0.365321614,1.260224447,0.1769834943394476,0.8058926989050128,0.0,0.0,0.0,0.0,0.0,0.0,0.0,0.0,0.0,2.383146937150225,0.0,0.0,3.675e-09
7722.0,0.9814009703019988,0.403430253,1.330996347,0.1954455831846495,0.7859553871173492,0.0,0.0,0.0,0.0,0.0,0.0,0.0,0.0,0.0,2.5821748821629535,0.0,0.0,3.675e-09
7723.0,0.980426389670249,0.393991069,1.345273256,0.19087268165347152,0.7895537080167775,0.0,0.0,0.0,0.0,0.0,0.0,0.0,0.0,0.0,2.6147047515948105,0.0,0.0,3.675e-09
7724.0,0.9793961822261895,0.3391321,1.303751784,0.1642957377842828,0.8151004444419068,0.0,0.0,0.0,0.0,0.0,0.0,0.0,0.0,0.0,2.4840865572475845,0.0,0.0,3.675e-09
7725.0,0.9763589598739608,0.248710508,1.237763413,0.12049014648440465,0.8558688133895561,0.0,0.0,0.0,0.0,0.0,0.0,0.0,0.0,0.0,2.2763324333904222,0.0,0.0,3.675e-09
7726.0,0.9869636485331922,0.142390804,1.144813878,0.06898256519178576,0.9179810833414064,0.0,0.0,0.0,0.0,0.0,0.0,0.0,0.0,0.0,1.979008291479145,0.0,0.0,3.675e-09
7727.0,1.0087693449596389,0.049255585,1.064089868,0.023862331750876584,0.9849070132087623,0.0,0.0,0.0,0.0,0.0,0.0,0.0,0.0,0.0,1.7078075849367744,0.0,0.0,3.675e-09
7728.0,1.028721556919858,0.005574344,1.010544331,0.0027005434169852694,1.026021013502873,0.0,0.0,0.0,0.0,0.0,0.0,0.0,0.0,0.0,1.531194832628006,0.0,0.0,3.675e-09
7729.0,1.0353122177626002,3e-06,0.962745321,1.453378236247316e-06,1.035310764384364,0.0,0.0,0.0,0.0,0.0,0.0,0.0,0.0,0.0,1.4009481063306897,0.0,0.0,3.675e-09
7730.0,1.0245117228440297,0.0,0.924722643,0.0,1.0245117228440297,0.0,0.0,0.0,0.0,0.0,0.0,0.0,0.0,0.0,1.3155295038635468,0.0,0.0,3.675e-09
7731.0,0.9972434766485321,0.0,0.89912507,0.0,0.9972434766485321,0.0,0.0,0.0,0.0,0.0,0.0,0.0,0.0,0.0,1.2780222451256626,0.0,0.0,3.675e-09
7732.0,0.9500764204726146,0.0,0.878121866,0.0,0.9500764204726146,0.0,0.0,0.0,0.0,0.0,0.0,0.0,0.0,0.0,1.2720399990486342,0.0,0.0,3.675e-09
7733.0,0.8975224668323994,0.0,0.861444118,0.0,0.8975224668323994,0.0,0.0,0.0,0.0,0.0,0.0,0.0,0.0,0.0,1.2823903598774649,0.0,0.0,3.675e-09
7734.0,0.8457962398793731,0.0,0.841985628,0.0,0.8457962398793731,0.0,0.0,0.0,0.0,0.0,0.0,0.0,0.0,0.0,1.2848762344349272,0.0,0.0,3.675e-09
7735.0,0.8091337439005448,0.0,0.816165327,0.0,0.8091337439005448,0.0,0.0,0.0,0.0,0.0,0.0,0.0,0.0,0.0,1.2561996049112358,0.0,0.0,3.675e-09
7736.0,0.7846713124780706,0.0,0.791930282,0.0,0.7846713124780706,0.0,0.0,0.0,0.0,0.0,0.0,0.0,0.0,0.0,1.219334453560209,0.0,0.0,3.675e-09
7737.0,0.7714410394777322,0.0,0.765502935,0.0,0.7714410394777321,0.0,0.0,0.0,0.0,0.0,0.0,0.0,0.0,0.0,1.165689451081317,0.0,0.0,3.675e-09
7738.0,0.771825977498879,0.0,0.740433793,0.0,0.771825977498879,0.0,0.0,0.0,0.0,0.0,0.0,0.0,0.0,0.0,1.1018662202463687,0.0,0.0,3.675e-09
7739.0,0.7979260606358735,6.04e-07,0.723157315,2.9261348489779294e-07,0.7979257680223886,0.0,0.0,0.0,0.0,0.0,0.0,0.0,0.0,0.0,1.032047730847756,0.0,0.0,3.675e-09
7740.0,0.8596495319776704,0.001946172,0.710509315,0.0009428413429313037,0.8587066906347391,0.0,0.0,0.0,0.0,0.0,0.0,0.0,0.0,0.0,0.9392606259931507,0.0,0.0,3.675e-09
7741.0,0.9257697443245926,0.027353292,0.691159438,0.013251559760839273,0.9125181845637533,0.0,0.0,0.0,0.0,0.0,0.0,0.0,0.0,0.0,0.836483628456672,0.0,0.0,3.675e-09
7742.0,0.95613751418216,0.107735867,0.671342309,0.0521936547870118,0.9039438593951482,0.0,0.0,0.0,0.0,0.0,0.0,0.0,0.0,0.0,0.7949100533807902,0.0,0.0,3.675e-09
7743.0,0.9724561846821664,0.228250181,0.73071024,0.11057794849497021,0.8618782361871962,0.0,0.0,0.0,0.0,0.0,0.0,0.0,0.0,0.0,0.9872081891544918,0.0,0.0,3.675e-09
7744.0,0.9850078107723118,0.34307491,0.786112303,0.16620586919883557,0.8188019415734762,0.0,0.0,0.0,0.0,0.0,0.0,0.0,0.0,0.0,1.1704812362172061,0.0,0.0,3.675e-09
7745.0,0.9891775938632528,0.422526695,0.823516306,0.20469703424883587,0.784480559614417,0.0,0.0,0.0,0.0,0.0,0.0,0.0,0.0,0.0,1.2994546846379855,0.0,0.0,3.675e-09
7746.0,0.9878114007128248,0.456385564,0.84266773,0.2211002820183522,0.7667111186944726,0.0,0.0,0.0,0.0,0.0,0.0,0.0,0.0,0.0,1.365687437286479,0.0,0.0,3.675e-09
7747.0,0.9843781161768971,0.43864486,0.852014457,0.2125056309885836,0.7718724851883135,0.0,0.0,0.0,0.0,0.0,0.0,0.0,0.0,0.0,1.3841782725423697,0.0,0.0,3.675e-09
7748.0,0.9818393093030202,0.37186262,0.84590558,0.18015234626063528,0.801686963042385,0.0,0.0,0.0,0.0,0.0,0.0,0.0,0.0,0.0,1.3389050794323274,0.0,0.0,3.675e-09
7749.0,0.977382492820489,0.264898325,0.801788707,0.12833248679112275,0.8490500060293661,0.0,0.0,0.0,0.0,0.0,0.0,0.0,0.0,0.0,1.179902830468401,0.0,0.0,3.675e-09
7750.0,0.9826959618126193,0.141056465,0.708136587,0.06833613210432708,0.9143598297082922,0.0,0.0,0.0,0.0,0.0,0.0,0.0,0.0,0.0,0.8776032202545676,0.0,0.0,3.675e-09
7751.0,1.0040521940755676,0.045233796,0.646653274,0.021913938216416965,0.9821382558591505,0.0,0.0,0.0,0.0,0.0,0.0,0.0,0.0,0.0,0.6542392374358099,0.0,0.0,3.675e-09
7752.0,1.0298986193084028,0.004869188,0.626106961,0.002358923955798865,1.027539695352604,0.0,0.0,0.0,0.0,0.0,0.0,0.0,0.0,0.0,0.5568446734733175,0.0,0.0,3.675e-09
7753.0,1.0388033539433483,1.85e-06,0.603050924,8.962499123525115e-07,1.038802457693436,0.0,0.0,0.0,0.0,0.0,0.0,0.0,0.0,0.0,0.4872378470902522,0.0,0.0,3.675e-09
7754.0,1.0279806086998236,0.0,0.573586436,0.0,1.0279806086998236,0.0,0.0,0.0,0.0,0.0,0.0,0.0,0.0,0.0,0.4234988348723905,0.0,0.0,3.675e-09
7755.0,1.004334777802137,0.0,0.548858339,0.0,1.004334777802137,0.0,0.0,0.0,0.0,0.0,0.0,0.0,0.0,0.0,0.3845693986064028,0.0,0.0,3.675e-09
7756.0,0.9609369918685158,0.0,0.52746911,0.0,0.9609369918685158,0.0,0.0,0.0,0.0,0.0,0.0,0.0,0.0,0.0,0.373841033259559,0.0,0.0,3.675e-09
7757.0,0.9100184661102352,0.0,0.510179806,0.0,0.9100184661102352,0.0,0.0,0.0,0.0,0.0,0.0,0.0,0.0,0.0,0.3810084035256083,0.0,0.0,3.675e-09
7758.0,0.8602058001007671,0.0,0.497139346,0.0,0.8602058001007671,0.0,0.0,0.0,0.0,0.0,0.0,0.0,0.0,0.0,0.3978217542850105,0.0,0.0,3.675e-09
7759.0,0.8254368395730534,0.0,0.486589467,0.0,0.8254368395730534,0.0,0.0,0.0,0.0,0.0,0.0,0.0,0.0,0.0,0.4058938971413346,0.0,0.0,3.675e-09
7760.0,0.8014995246188308,0.0,0.475209165,0.0,0.8014995246188308,0.0,0.0,0.0,0.0,0.0,0.0,0.0,0.0,0.0,0.40103298156235867,0.0,0.0,3.675e-09
7761.0,0.7895976196164685,0.0,0.468330025,0.0,0.7895976196164685,0.0,0.0,0.0,0.0,0.0,0.0,0.0,0.0,0.0,0.3955269953163035,0.0,0.0,3.675e-09
7762.0,0.7934647934883966,0.0,0.458093185,0.0,0.7934647934883966,0.0,0.0,0.0,0.0,0.0,0.0,0.0,0.0,0.0,0.36575515931401453,0.0,0.0,3.675e-09
7763.0,0.8209466456032417,6.86e-08,0.446449375,3.32339156688553e-08,0.8209466123693261,0.0,0.0,0.0,0.0,0.0,0.0,0.0,0.0,0.0,0.3088082941922416,0.0,0.0,3.675e-09
7764.0,0.8829059751891895,0.003717117,0.430576908,0.001800792316461638,0.8811051828727278,0.0,0.0,0.0,0.0,0.0,0.0,0.0,0.0,0.0,0.2084839210768717,0.0,0.0,3.675e-09
7765.0,0.9467833153837163,0.039177427,0.395494177,0.01897987325132266,0.9278034421323936,0.0,0.0,0.0,0.0,0.0,0.0,0.0,0.0,0.0,0.07300765091097583,0.0,0.0,3.675e-09
7766.0,0.9738424043249627,0.119917493,0.380668971,0.05809515815717996,0.9157472461677828,0.0,0.0,0.0,0.0,0.0,0.0,0.0,0.0,0.0,0.04754817285479541,0.0,0.0,3.675e-09
7767.0,0.9815545007439405,0.234176083,0.383635999,0.11344880749394837,0.8681056932499921,0.0,0.0,0.0,0.0,0.0,0.0,0.0,0.0,0.0,0.10269788823984363,0.0,0.0,3.675e-09
7768.0,0.9860647202061956,0.345897517,0.420179499,0.16757330772659534,0.8184914124796003,0.0,0.0,0.0,0.0,0.0,0.0,0.0,0.0,0.0,0.24478670417546583,0.0,0.0,3.675e-09
7769.0,0.98241337808605,0.42439298,0.470570587,0.20560117358271415,0.776812204503336,0.0,0.0,0.0,0.0,0.0,0.0,0.0,0.0,0.0,0.41398222666101975,0.0,0.0,3.675e-09
7770.0,0.9755512586792153,0.454150959,0.495418941,0.2200177065938157,0.7555335520853996,0.0,0.0,0.0,0.0,0.0,0.0,0.0,0.0,0.0,0.4981404605577715,0.0,0.0,3.675e-09
7771.0,0.9711834444964247,0.431494862,0.510734907,0.209041747161113,0.7621416973353117,0.0,0.0,0.0,0.0,0.0,0.0,0.0,0.0,0.0,0.5302898737370324,0.0,0.0,3.675e-09
7772.0,0.9685155843379202,0.361819512,0.524949425,0.17528686806347485,0.7932287162744454,0.0,0.0,0.0,0.0,0.0,0.0,0.0,0.0,0.0,0.5351731626405464,0.0,0.0,3.675e-09
7773.0,0.9649220948625193,0.255627958,0.523418835,0.12384137024451432,0.841080724618005,0.0,0.0,0.0,0.0,0.0,0.0,0.0,0.0,0.0,0.4834479456886554,0.0,0.0,3.675e-09
7774.0,0.9678614135851162,0.138720127,0.507802325,0.06720427117042123,0.900657142414695,0.0,0.0,0.0,0.0,0.0,0.0,0.0,0.0,0.0,0.3843534329324469,0.0,0.0,3.675e-09
7775.0,0.9935298332185455,0.047806198,0.484797768,0.023160162576976655,0.9703696706415689,0.0,0.0,0.0,0.0,0.0,0.0,0.0,0.0,0.0,0.25642711250567285,0.0,0.0,3.675e-09
7776.0,1.019745620645105,0.005062163,0.484532007,0.0024524125108454737,1.0172932081342596,0.0,0.0,0.0,0.0,0.0,0.0,0.0,0.0,0.0,0.20883105801433544,0.0,0.0,3.675e-09
7777.0,1.0206801502919676,1.44e-06,0.495880001,6.976215533987116e-07,1.0206794526704142,0.0,0.0,0.0,0.0,0.0,0.0,0.0,0.0,0.0,0.23416128754902307,0.0,0.0,3.675e-09
7778.0,1.011492831930453,0.0,0.500630233,0.0,1.011492831930453,0.0,0.0,0.0,0.0,0.0,0.0,0.0,0.0,0.0,0.25536852744497646,0.0,0.0,3.675e-09
7779.0,0.9926442548865364,0.0,0.497370494,0.0,0.9926442548865364,0.0,0.0,0.0,0.0,0.0,0.0,0.0,0.0,0.0,0.2659682271568103,0.0,0.0,3.675e-09
7780.0,0.9593126901489829,0.0,0.494594247,0.0,0.9593126901489829,0.0,0.0,0.0,0.0,0.0,0.0,0.0,0.0,0.0,0.29227440705632496,0.0,0.0,3.675e-09
7781.0,0.9177683886815894,0.0,0.494955727,0.0,0.9177683886815894,0.0,0.0,0.0,0.0,0.0,0.0,0.0,0.0,0.0,0.3347334456170876,0.0,0.0,3.675e-09
7782.0,0.8731979900244442,0.0,0.499756459,0.0,0.8731979900244442,0.0,0.0,0.0,0.0,0.0,0.0,0.0,0.0,0.0,0.3914522553501517,0.0,0.0,3.675e-09
7783.0,0.8404226934099877,0.0,0.513467239,0.0,0.8404226934099877,0.0,0.0,0.0,0.0,0.0,0.0,0.0,0.0,0.0,0.4589231341407201,0.0,0.0,3.675e-09
7784.0,0.8200499421087556,0.0,0.530078613,0.0,0.8200499421087556,0.0,0.0,0.0,0.0,0.0,0.0,0.0,0.0,0.0,0.5213315166514912,0.0,0.0,3.675e-09
7785.0,0.807237982616995,0.0,0.540830137,0.0,0.807237982616995,0.0,0.0,0.0,0.0,0.0,0.0,0.0,0.0,0.0,0.5613505631551094,0.0,0.0,3.675e-09
7786.0,0.805188692891353,0.0,0.554591986,0.0,0.805188692891353,0.0,0.0,0.0,0.0,0.0,0.0,0.0,0.0,0.0,0.5982246668501054,0.0,0.0,3.675e-09
7787.0,0.8172218770107782,2.58e-07,0.555840659,1.2499052831726918e-07,0.8172217520202498,0.0,0.0,0.0,0.0,0.0,0.0,0.0,0.0,0.0,0.5893514160386488,0.0,0.0,3.675e-09
7788.0,0.8418778898600809,0.003428299,0.549460142,0.0016608717179828125,0.8402170181420981,0.0,0.0,0.0,0.0,0.0,0.0,0.0,0.0,0.0,0.550210040658277,0.0,0.0,3.675e-09
7789.0,0.8737453568176496,0.030343687,0.524746621,0.014700284764433537,0.8590450720532161,0.0,0.0,0.0,0.0,0.0,0.0,0.0,0.0,0.0,0.4688436046334822,0.0,0.0,3.675e-09
7790.0,0.9069167166157301,0.099841265,0.533006588,0.048369040543466954,0.8585476760722632,0.0,0.0,0.0,0.0,0.0,0.0,0.0,0.0,0.0,0.49024312024734207,0.0,0.0,3.675e-09
7791.0,0.932611837239059,0.211626816,0.597751193,0.10252460286023841,0.8300872343788207,0.0,0.0,0.0,0.0,0.0,0.0,0.0,0.0,0.0,0.682541925858621,0.0,0.0,3.675e-09
7792.0,0.9445359935663,0.326804275,0.61234026,0.15832340693252758,0.7862125866337725,0.0,0.0,0.0,0.0,0.0,0.0,0.0,0.0,0.0,0.7633346900763496,0.0,0.0,3.675e-09
7793.0,0.9460824181485692,0.408595736,0.617947487,0.19794805004195132,0.7481343681066179,0.0,0.0,0.0,0.0,0.0,0.0,0.0,0.0,0.0,0.8156021819459847,0.0,0.0,3.675e-09
7794.0,0.937736176469231,0.441894491,0.607420122,0.2140799453123285,0.7236562311569026,0.0,0.0,0.0,0.0,0.0,0.0,0.0,0.0,0.0,0.8134404736458001,0.0,0.0,3.675e-09
7795.0,0.9263527124376641,0.424442235,0.590621947,0.20562503563105627,0.7207276768066079,0.0,0.0,0.0,0.0,0.0,0.0,0.0,0.0,0.0,0.773860690678947,0.0,0.0,3.675e-09
7796.0,0.9146021120448082,0.362160632,0.567602414,0.17545212685812442,0.7391499851866838,0.0,0.0,0.0,0.0,0.0,0.0,0.0,0.0,0.0,0.6971866928357466,0.0,0.0,3.675e-09
7797.0,0.9093442688650629,0.262807418,0.520146666,0.12731952721518372,0.7820247416498791,0.0,0.0,0.0,0.0,0.0,0.0,0.0,0.0,0.0,0.534223596798665,0.0,0.0,3.675e-09
7798.0,0.9163131922314961,0.147184598,0.444813429,0.07130496381467008,0.8450082284168261,0.0,0.0,0.0,0.0,0.0,0.0,0.0,0.0,0.0,0.2806068626945133,0.0,0.0,3.675e-09
7799.0,0.9474263609740432,0.05041167,0.404520986,0.02442240801029391,0.9230039529637493,0.0,0.0,0.0,0.0,0.0,0.0,0.0,0.0,0.0,0.10064977875134899,0.0,0.0,3.675e-09
7800.0,0.9770798826015513,0.005327394,0.406900407,0.002580906165171511,0.9744989764363797,0.0,0.0,0.0,0.0,0.0,0.0,0.0,0.0,0.0,0.05517595880157178,0.0,0.0,3.675e-09
7801.0,0.9779209592837279,8.8e-07,0.412977379,4.2632428263254604e-07,0.9779205329594454,0.0,0.0,0.0,0.0,0.0,0.0,0.0,0.0,0.0,0.0671323808769469,0.0,0.0,3.675e-09
7802.0,0.973085880277506,0.0,0.409106302,0.0,0.973085880277506,0.0,0.0,0.0,0.0,0.0,0.0,0.0,0.0,0.0,0.062171145202165774,0.0,0.0,3.675e-09
7803.0,0.9587719978533088,0.0,0.410074485,0.0,0.9587719978533088,0.0,0.0,0.0,0.0,0.0,0.0,0.0,0.0,0.0,0.07893504672359986,0.0,0.0,3.675e-09
7804.0,0.950198799259711,0.0,0.41413838,0.0,0.950198799259711,0.0,0.0,0.0,0.0,0.0,0.0,0.0,0.0,0.0,0.09779206599899622,0.0,0.0,3.675e-09
7805.0,0.8939912786668398,0.0,0.419059573,0.0,0.8939912786668398,0.0,0.0,0.0,0.0,0.0,0.0,0.0,0.0,0.0,0.1664528282116736,0.0,0.0,3.675e-09
7806.0,0.8688835768215281,0.0,0.42088044,0.0,0.8688835768215281,0.0,0.0,0.0,0.0,0.0,0.0,0.0,0.0,0.0,0.19616829421265478,0.0,0.0,3.675e-09
7807.0,0.8406273999992933,0.0,0.42180102,0.0,0.8406273999992933,0.0,0.0,0.0,0.0,0.0,0.0,0.0,0.0,0.0,0.22675402916649742,0.0,0.0,3.675e-09
7808.0,0.8157644557281744,0.0,0.426660461,0.0,0.8157644557281744,0.0,0.0,0.0,0.0,0.0,0.0,0.0,0.0,0.0,0.26391394957941616,0.0,0.0,3.675e-09
7809.0,0.8060564705634291,0.0,0.426801765,0.0,0.8060564705634291,0.0,0.0,0.0,0.0,0.0,0.0,0.0,0.0,0.0,0.27397950918878183,0.0,0.0,3.675e-09
7810.0,0.8044900204887163,0.0,0.424420788,0.0,0.8044900204887163,0.0,0.0,0.0,0.0,0.0,0.0,0.0,0.0,0.0,0.26952081823118773,0.0,0.0,3.675e-09
7811.0,0.8129964671075275,9.74e-08,0.4228632,4.718634673682952e-08,0.8129964199211808,0.0,0.0,0.0,0.0,0.0,0.0,0.0,0.0,0.0,0.2570728908586261,0.0,0.0,3.675e-09
7812.0,0.8323723854522062,0.002104424,0.419349807,0.001019508013812174,0.831352877438394,0.0,0.0,0.0,0.0,0.0,0.0,0.0,0.0,0.0,0.22982567617453575,0.0,0.0,3.675e-09
7813.0,0.8597029339574696,0.029426848,0.415983669,0.014256113481519285,0.8454468204759503,0.0,0.0,0.0,0.0,0.0,0.0,0.0,0.0,0.0,0.20721360961700963,0.0,0.0,3.675e-09
7814.0,0.8952751450149832,0.112222058,0.403452199,0.05436703224136133,0.8409081127736219,0.0,0.0,0.0,0.0,0.0,0.0,0.0,0.0,0.0,0.18004101809548084,0.0,0.0,3.675e-09
7815.0,0.9232643139380714,0.23583131,0.351301333,0.11425069779323134,0.8090136161448401,0.0,0.0,0.0,0.0,0.0,0.0,0.0,0.0,0.0,0.07996602379388575,0.0,0.0,3.675e-09
7816.0,0.9337087976578299,0.357644816,0.313059016,0.17326439729369192,0.760444400364138,0.0,0.0,0.0,0.0,0.0,0.0,0.0,0.0,0.0,0.031761791814619994,0.0,0.0,3.675e-09
7817.0,0.9303222396042452,0.442305904,0.322768819,0.21427925821243157,0.7160429813918138,0.0,0.0,0.0,0.0,0.0,0.0,0.0,0.0,0.0,0.1007341883608208,0.0,0.0,3.675e-09
7818.0,0.9236737271166826,0.477299989,0.333711815,0.23123247205789443,0.6924412550587882,0.0,0.0,0.0,0.0,0.0,0.0,0.0,0.0,0.0,0.1520275279332727,0.0,0.0,3.675e-09
7819.0,0.9184470345918578,0.458778448,0.330208806,0.22225953719417366,0.696187497397684,0.0,0.0,0.0,0.0,0.0,0.0,0.0,0.0,0.0,0.13941680548287635,0.0,0.0,3.675e-09
7820.0,0.910821716640035,0.388281063,0.303832463,0.1881064155037243,0.7227153011363106,0.0,0.0,0.0,0.0,0.0,0.0,0.0,0.0,0.0,0.04614279357361255,0.0,0.0,3.675e-09
7821.0,0.9048874523825317,0.275010048,0.257835425,0.13323120617084325,0.6524610690274505,0.0,0.11919517718423792,0.0,0.0,0.0,0.0,0.0,0.0,0.0,0.0,0.0,0.0,0.006839048849999999
7822.0,0.9162486650892199,0.144759636,0.259277628,0.07013016814982782,0.656110611409513,0.0,0.19000788552987916,0.0,0.0,0.0,0.0,0.0,0.0,0.0,0.0,0.0,0.0,0.006839048849999999
7823.0,0.9539636198369864,0.044829017,0.299022758,0.021717839220053645,0.7566869771607863,0.0,0.1755588034561466,0.0,0.0,0.0,0.0,0.0,0.0,0.0,0.0,0.0,0.0,0.006839048849999999
7824.0,1.0000937930713882,0.004211869,0.331149951,0.0020404795795082487,0.8379859014247086,0.0,0.16006741206717126,0.0,0.0,0.0,0.0,0.0,0.0,0.0,0.0,0.0,0.0,0.006839048849999999
7825.0,1.0213120707198178,5.28e-07,0.349083011,2.557945695795276e-07,0.8833661027625713,0.0,0.13794571216267687,0.0,0.0,0.0,0.0,0.0,0.0,0.0,0.0,0.0,0.0,0.006839048849999999
7826.0,1.0235616173697444,0.0,0.362913735,0.0,0.9183652071969741,0.0,0.10519641017277026,0.0,0.0,0.0,0.0,0.0,0.0,0.0,0.0,0.0,0.0,0.006839048849999999
7827.0,1.0104537241564269,0.0,0.366312712,0.0,0.9269664308923593,0.0,0.08348729326406763,0.0,0.0,0.0,0.0,0.0,0.0,0.0,0.0,0.0,0.0,0.006839048849999999
7828.0,0.9804909168125252,0.0,0.364598707,0.0,0.9226290845613873,0.0,0.05786183225113794,0.0,0.0,0.0,0.0,0.0,0.0,0.0,0.0,0.0,0.0,0.006839048849999999
7829.0,0.9418748079053268,0.0,0.361391064,0.0,0.9145120378800072,0.0,0.027362770025319703,0.0,0.0,0.0,0.0,0.0,0.0,0.0,0.0,0.0,0.0,0.006839048849999999
7830.0,0.9067231351889015,0.0,0.352225496,0.0,0.8913182649703157,0.0,0.015404870218585694,0.0,0.0,0.0,0.0,0.0,0.0,0.0,0.0,0.0,0.0,0.006839048849999999
7831.0,0.8746264854846381,0.0,0.341355565,0.0,0.8638115451294924,0.0,0.01081494035514563,0.0,0.0,0.0,0.0,0.0,0.0,0.0,0.0,0.0,0.0,0.006839048849999999
7832.0,0.87216778158046,0.0,0.324826105,0.0,0.8219832000056736,0.0,0.0501845815747865,0.0,0.0,0.0,0.0,0.0,0.0,0.0,0.0,0.0,0.0,0.006839048849999999
7833.0,0.8681938047488581,0.0,0.300123608,0.0,0.7594727144885365,0.0,0.10872109026032166,0.0,0.0,0.0,0.0,0.0,0.0,0.0,0.0,0.0,0.0,0.006839048849999999
7834.0,0.8779062405785489,0.0,0.274446839,0.0,0.6944968014583124,0.0,0.18340943912023658,0.0,0.0,0.0,0.0,0.0,0.0,0.0,0.0,0.0,0.0,0.006839048849999999
7835.0,0.9126907759337606,7.76e-09,0.254983016,3.759405037759724e-09,0.6452429537298977,0.0,0.26744781844445786,0.0,0.0,0.0,0.0,0.0,0.0,0.0,0.0,0.0,0.0,0.006839048849999999
7836.0,0.9832633550981931,0.003969619,0.237583641,0.001923119286931278,0.6012132599323542,0.0,0.3801269758789076,0.0,0.0,0.0,0.0,0.0,0.0,0.0,0.0,0.0,0.0,0.006839048849999999
7837.0,1.0498575077660028,0.039421704,0.217145329,0.019098215543127923,0.5494934355651766,0.0,0.4812658566576982,0.0,0.0,0.0,0.0,0.0,0.0,0.0,0.0,0.0,0.0,0.006839048849999999
7838.0,1.0755170270694654,0.122333632,0.194894278,0.0592656794366294,0.4931864152151052,0.0,0.5230649324177307,0.0,0.0,0.0,0.0,0.0,0.0,0.0,0.0,0.0,0.0,0.006839048849999999
7839.0,1.074208684563933,0.238818426,0.165698296,0.11569783425441338,0.419305017315549,0.0,0.5392058329939707,0.0,0.0,0.0,0.0,0.0,0.0,0.0,0.0,0.0,0.0,0.006839048849999999
7840.0,1.0614790538743062,0.351488237,0.139472724,0.17028178465091284,0.35294034014608555,0.0,0.5382569290773077,0.0,0.0,0.0,0.0,0.0,0.0,0.0,0.0,0.0,0.0,0.006839048849999999
7841.0,1.0412108807002376,0.429765417,0.144523305,0.20820390125318408,0.3657210023784756,0.0,0.4672859770685779,0.0,0.0,0.0,0.0,0.0,0.0,0.0,0.0,0.0,0.0,0.006839048849999999
7842.0,1.0209538336885704,0.459295447,0.174100934,0.22251000222576087,0.44056817063178033,0.0,0.35787566083102923,0.0,0.0,0.0,0.0,0.0,0.0,0.0,0.0,0.0,0.0,0.006839048849999999
7843.0,1.005460664043318,0.434533391,0.195270397,0.21051379113404844,0.49413819678205456,0.0,0.30080867612721485,0.0,0.0,0.0,0.0,0.0,0.0,0.0,0.0,0.0,0.0,0.006839048849999999
7844.0,0.9938101921126044,0.358878296,0.198249448,0.17386196828930742,0.5016767838483868,0.0,0.3182714399749102,0.0,0.0,0.0,0.0,0.0,0.0,0.0,0.0,0.0,0.0,0.006839048849999999
7845.0,0.9882497397138461,0.245936423,0.185089004,0.11914621489623795,0.4683738451187072,0.0,0.40072967969890094,0.0,0.0,0.0,0.0,0.0,0.0,0.0,0.0,0.0,0.0,0.006839048849999999
7846.0,0.9970788210441135,0.124443701,0.203900991,0.06028792222382279,0.5159782002943023,0.0,0.42081269852598846,0.0,0.0,0.0,0.0,0.0,0.0,0.0,0.0,0.0,0.0,0.006839048849999999
7847.0,1.035005157878642,0.039256243,0.261778262,0.019018056404345347,0.6624385484371204,0.0,0.35354855303717614,0.0,0.0,0.0,0.0,0.0,0.0,0.0,0.0,0.0,0.0,0.006839048849999999
7848.0,1.0782672150301793,0.004239851,0.314791658,0.00205403572277714,0.7965907000545156,0.0,0.2796224792528866,0.0,0.0,0.0,0.0,0.0,0.0,0.0,0.0,0.0,0.0,0.006839048849999999
7849.0,1.0975786062325816,3.22e-07,0.333178275,1.5599593069054525e-07,0.8431186423790366,0.0,0.2544598078576145,0.0,0.0,0.0,0.0,0.0,0.0,0.0,0.0,0.0,0.0,0.006839048849999999
7850.0,1.095357985405065,0.0,0.33218846,0.0,0.8406138827904757,0.0,0.25474410261458935,0.0,0.0,0.0,0.0,0.0,0.0,0.0,0.0,0.0,0.0,0.006839048849999999
7851.0,1.0756683316789717,0.0,0.328057392,0.0,0.8301600786109099,0.0,0.24550825306806176,0.0,0.0,0.0,0.0,0.0,0.0,0.0,0.0,0.0,0.0,0.006839048849999999
7852.0,1.035730531271178,0.0,0.321941387,0.0,0.8146833257152316,0.0,0.22104720555594642,0.0,0.0,0.0,0.0,0.0,0.0,0.0,0.0,0.0,0.0,0.006839048849999999
7853.0,0.9852948451638267,0.0,0.314438787,0.0,0.795697748320328,0.0,0.18959709684349865,0.0,0.0,0.0,0.0,0.0,0.0,0.0,0.0,0.0,0.0,0.006839048849999999
7854.0,0.9383302697447796,0.0,0.307560074,0.0,0.7782909376095305,0.0,0.16003933213524915,0.0,0.0,0.0,0.0,0.0,0.0,0.0,0.0,0.0,0.0,0.006839048849999999
7855.0,0.9098983121556492,0.0,0.299130031,0.0,0.7569584350345745,0.0,0.1529398771210747,0.0,0.0,0.0,0.0,0.0,0.0,0.0,0.0,0.0,0.0,0.006839048849999999
7856.0,0.8922779746475662,0.0,0.293311597,0.0,0.7422346953944313,0.0,0.15004327925313488,0.0,0.0,0.0,0.0,0.0,0.0,0.0,0.0,0.0,0.0,0.006839048849999999
7857.0,0.883787102856253,0.0,0.291030934,0.0,0.7364634022562935,0.0,0.14732370059995947,0.0,0.0,0.0,0.0,0.0,0.0,0.0,0.0,0.0,0.0,0.006839048849999999
7858.0,0.8879835869370937,0.0,0.295909642,0.0,0.7488091341787116,0.0,0.13917445275838194,0.0,0.0,0.0,0.0,0.0,0.0,0.0,0.0,0.0,0.0,0.006839048849999999
7859.0,0.9217134396907813,4.34e-08,0.303894116,2.1025538484377836e-08,0.7690141096651557,0.0,0.15269930900008716,0.0,0.0,0.0,0.0,0.0,0.0,0.0,0.0,0.0,0.0,0.006839048849999999
7860.0,0.9875199166562889,0.003528133,0.313973499,0.0017092372389286507,0.7945203216502509,0.0,0.19129035776710937,0.0,0.0,0.0,0.0,0.0,0.0,0.0,0.0,0.0,0.0,0.006839048849999999
7861.0,1.0424747215559373,0.03132426,0.311881171,0.015175332583517451,0.789225616457448,0.0,0.23807377251497192,0.0,0.0,0.0,0.0,0.0,0.0,0.0,0.0,0.0,0.0,0.006839048849999999
7862.0,1.0569977602344611,0.099131921,0.28933904,0.048025392166262754,0.7321820085419847,0.0,0.2767903595262139,0.0,0.0,0.0,0.0,0.0,0.0,0.0,0.0,0.0,0.0,0.006839048849999999
7863.0,1.04783046736539,0.209108662,0.263361848,0.10130465945386538,0.6664458651759156,0.0,0.280079942735609,0.0,0.0,0.0,0.0,0.0,0.0,0.0,0.0,0.0,0.0,0.006839048849999999
7864.0,1.031393867743308,0.31718719,0.296035477,0.15366431958748078,0.7491275638073054,0.0,0.12860198434852196,0.0,0.0,0.0,0.0,0.0,0.0,0.0,0.0,0.0,0.0,0.006839048849999999
7865.0,1.0129769542029565,0.389808115,0.386781464,0.18884621021786366,0.8241307439850929,0.0,0.0,0.0,0.0,0.0,0.0,0.0,0.0,0.0,0.15463254070102955,0.0,0.0,3.675e-09
7866.0,0.9948337250591324,0.415346944,0.464696395,0.20121873630047757,0.7936149887586548,0.0,0.0,0.0,0.0,0.0,0.0,0.0,0.0,0.0,0.38231460530276,0.0,0.0,3.675e-09
7867.0,0.9823577512737403,0.390567368,0.515782628,0.18921403747986548,0.7931437137938747,0.0,0.0,0.0,0.0,0.0,0.0,0.0,0.0,0.0,0.5120612821862849,0.0,0.0,3.675e-09
7868.0,0.9747480081494154,0.320223362,0.534738527,0.15513522168958194,0.8196127864598335,0.0,0.0,0.0,0.0,0.0,0.0,0.0,0.0,0.0,0.5335607387707829,0.0,0.0,3.675e-09
7869.0,0.9707339803329263,0.217919857,0.519167337,0.1055733258033091,0.8651606545296173,0.0,0.0,0.0,0.0,0.0,0.0,0.0,0.0,0.0,0.4486094595001154,0.0,0.0,3.675e-09
7870.0,0.9785017035642138,0.112013556,0.520036267,0.054266021485023325,0.9242356820791906,0.0,0.0,0.0,0.0,0.0,0.0,0.0,0.0,0.0,0.39173328804919544,0.0,0.0,3.675e-09
7871.0,1.0131193584824965,0.035247446,0.551829547,0.017075956966567506,0.996043401515929,0.0,0.0,0.0,0.0,0.0,0.0,0.0,0.0,0.0,0.4003795149880918,0.0,0.0,3.675e-09
7872.0,1.049032005911324,0.003341713,0.573251294,0.0016189243153282424,1.0474130815959959,0.0,0.0,0.0,0.0,0.0,0.0,0.0,0.0,0.0,0.40321827406279026,0.0,0.0,3.675e-09
7873.0,1.0588734950256427,1.52e-07,0.5765172,7.363783063653068e-08,1.058873421387812,0.0,0.0,0.0,0.0,0.0,0.0,0.0,0.0,0.0,0.40002241740048655,0.0,0.0,3.675e-09
7874.0,1.0555180876269785,0.0,0.571972165,0.0,1.0555180876269785,0.0,0.0,0.0,0.0,0.0,0.0,0.0,0.0,0.0,0.39187638979925293,0.0,0.0,3.675e-09
7875.0,1.0360442656526678,0.0,0.572464922,0.0,1.0360442656526678,0.0,0.0,0.0,0.0,0.0,0.0,0.0,0.0,0.0,0.4125971496564816,0.0,0.0,3.675e-09
7876.0,0.9966961088554019,0.0,0.575916618,0.0,0.9966961088554019,0.0,0.0,0.0,0.0,0.0,0.0,0.0,0.0,0.0,0.4606799373219371,0.0,0.0,3.675e-09
7877.0,0.9510599014343311,0.0,0.576186412,0.0,0.9510599014343311,0.0,0.0,0.0,0.0,0.0,0.0,0.0,0.0,0.0,0.5069988673815173,0.0,0.0,3.675e-09
7878.0,0.9078312207701494,0.0,0.56888566,0.0,0.9078312207701494,0.0,0.0,0.0,0.0,0.0,0.0,0.0,0.0,0.0,0.531752753689476,0.0,0.0,3.675e-09
7879.0,0.8765867729105393,0.0,0.559542066,0.0,0.8765867729105393,0.0,0.0,0.0,0.0,0.0,0.0,0.0,0.0,0.0,0.5393529279594566,0.0,0.0,3.675e-09
7880.0,0.8558424355829974,0.0,0.551496041,0.0,0.8558424355829974,0.0,0.0,0.0,0.0,0.0,0.0,0.0,0.0,0.0,0.5397365329596947,0.0,0.0,3.675e-09
7881.0,0.8455270061477913,0.0,0.545247626,0.0,0.8455270061477913,0.0,0.0,0.0,0.0,0.0,0.0,0.0,0.0,0.0,0.5342401416157075,0.0,0.0,3.675e-09
7882.0,0.8475050942336257,0.0,0.5446389,0.0,0.8475050942336257,0.0,0.0,0.0,0.0,0.0,0.0,0.0,0.0,0.0,0.5307216522576089,0.0,0.0,3.675e-09
7883.0,0.8741458696662945,1.83e-08,0.552930267,8.865607241108627e-09,0.8741458608006871,0.0,0.0,0.0,0.0,0.0,0.0,0.0,0.0,0.0,0.5250624640617853,0.0,0.0,3.675e-09
7884.0,0.928437604483097,0.003369117,0.556987721,0.0016322004410569495,0.9268054040420399,0.0,0.0,0.0,0.0,0.0,0.0,0.0,0.0,0.0,0.48267044233874107,0.0,0.0,3.675e-09
7885.0,0.9787286604784734,0.032873724,0.547207283,0.01592598500200035,0.962802675476473,0.0,0.0,0.0,0.0,0.0,0.0,0.0,0.0,0.0,0.421923449127183,0.0,0.0,3.675e-09
7886.0,1.0035649037596925,0.097927168,0.521646828,0.0474417382361782,0.9561231655235143,0.0,0.0,0.0,0.0,0.0,0.0,0.0,0.0,0.0,0.36392138247317224,0.0,0.0,3.675e-09
7887.0,1.0096415722967358,0.191515328,0.520625182,0.0927814032076554,0.9168601690890804,0.0,0.0,0.0,0.0,0.0,0.0,0.0,0.0,0.0,0.4005990699209623,0.0,0.0,3.675e-09
7888.0,1.0095347693370622,0.289661327,0.596403869,0.140329156181439,0.8692056131556233,0.0,0.0,0.0,0.0,0.0,0.0,0.0,0.0,0.0,0.6400140991467009,0.0,0.0,3.675e-09
7889.0,1.001693618633532,0.359224789,0.716678209,0.17402983008437808,0.8276637885491538,0.0,0.0,0.0,0.0,0.0,0.0,0.0,0.0,0.0,0.9859141183378404,0.0,0.0,3.675e-09
7890.0,0.9906283406483253,0.387366178,0.783065834,0.18766319085450128,0.8029651497938239,0.0,0.0,0.0,0.0,0.0,0.0,0.0,0.0,0.0,1.1786088374521568,0.0,0.0,3.675e-09
7891.0,0.9804975923099813,0.368020285,0.808932648,0.1782908909055115,0.8022067014044698,0.0,0.0,0.0,0.0,0.0,0.0,0.0,0.0,0.0,1.2448241140286163,0.0,0.0,3.675e-09
7892.0,0.9717864391018646,0.305597337,0.810731037,0.14804950621697888,0.8237369328848857,0.0,0.0,0.0,0.0,0.0,0.0,0.0,0.0,0.0,1.2278447653815705,0.0,0.0,3.675e-09
7893.0,0.9630641597313461,0.210884264,0.791220847,0.10216486655487778,0.8608992931764683,0.0,0.0,0.0,0.0,0.0,0.0,0.0,0.0,0.0,1.141311224134816,0.0,0.0,3.675e-09
7894.0,0.9675654788636348,0.110603947,0.776018305,0.053583123137617206,0.9139823557260176,0.0,0.0,0.0,0.0,0.0,0.0,0.0,0.0,0.0,1.0497576263387824,0.0,0.0,3.675e-09
7895.0,0.995347716364907,0.036062982,0.75696801,0.01747105105765957,0.9778766653072475,0.0,0.0,0.0,0.0,0.0,0.0,0.0,0.0,0.0,0.9376559153076229,0.0,0.0,3.675e-09
7896.0,1.0181991960628358,0.003647604,0.732221256,0.0017671160893495516,1.0164320799734863,0.0,0.0,0.0,0.0,0.0,0.0,0.0,0.0,0.0,0.8364780213222628,0.0,0.0,3.675e-09
7897.0,1.0215991051113327,1.09e-07,0.699712973,5.2806075916985816e-08,1.0215990523052567,0.0,0.0,0.0,0.0,0.0,0.0,0.0,0.0,0.0,0.7490477638797404,0.0,0.0,3.675e-09
7898.0,1.0124384867397929,0.0,0.661910867,0.0,1.0124384867397929,0.0,0.0,0.0,0.0,0.0,0.0,0.0,0.0,0.0,0.6625488501775707,0.0,0.0,3.675e-09
7899.0,0.9924462237946867,0.0,0.639214994,0.0,0.9924462237946867,0.0,0.0,0.0,0.0,0.0,0.0,0.0,0.0,0.0,0.6251084559922949,0.0,0.0,3.675e-09
7900.0,0.9548069213516733,0.0,0.628406925,0.0,0.9548069213516733,0.0,0.0,0.0,0.0,0.0,0.0,0.0,0.0,0.0,0.6353975824311286,0.0,0.0,3.675e-09
7901.0,0.9064472269597883,0.0,0.606174116,0.0,0.9064472269597883,0.0,0.0,0.0,0.0,0.0,0.0,0.0,0.0,0.0,0.6274964184571663,0.0,0.0,3.675e-09
7902.0,0.8587506036506737,0.0,0.578067277,0.0,0.8587506036506737,0.0,0.0,0.0,0.0,0.0,0.0,0.0,0.0,0.0,0.6040677562438495,0.0,0.0,3.675e-09
7903.0,0.8224062927182807,0.0,0.554468075,0.0,0.8224062927182806,0.0,0.0,0.0,0.0,0.0,0.0,0.0,0.0,0.0,0.5806935061402064,0.0,0.0,3.675e-09
7904.0,0.7946285048820294,0.0,0.526527064,0.0,0.7946285048820294,0.0,0.0,0.0,0.0,0.0,0.0,0.0,0.0,0.0,0.5377656416916031,0.0,0.0,3.675e-09
7905.0,0.7781852297624915,0.0,0.495081539,0.0,0.7781852297624915,0.0,0.0,0.0,0.0,0.0,0.0,0.0,0.0,0.0,0.4746349759625186,0.0,0.0,3.675e-09
7906.0,0.7726670541810556,0.0,0.470060067,0.0,0.7726670541810556,0.0,0.0,0.0,0.0,0.0,0.0,0.0,0.0,0.0,0.4168354892414978,0.0,0.0,3.675e-09
7907.0,0.7777646914214033,6.36e-09,0.445351864,3.08116186084431e-09,0.7777646883402414,0.0,0.0,0.0,0.0,0.0,0.0,0.0,0.0,0.0,0.3492129303434896,0.0,0.0,3.675e-09
7908.0,0.7932867878889907,0.002406854,0.431857028,0.0011660230738082657,0.7921207648151823,0.0,0.0,0.0,0.0,0.0,0.0,0.0,0.0,0.0,0.3007077251252422,0.0,0.0,3.675e-09
7909.0,0.8168725403094975,0.023906442,0.414755166,0.01158170083630292,0.8052908394731946,0.0,0.0,0.0,0.0,0.0,0.0,0.0,0.0,0.0,0.24426082315430384,0.0,0.0,3.675e-09
7910.0,0.8498080428633518,0.072010164,0.406058502,0.034886001715399996,0.8149220411479517,0.0,0.0,0.0,0.0,0.0,0.0,0.0,0.0,0.0,0.2126224256475055,0.0,0.0,3.675e-09
7911.0,0.8856806383073677,0.149262147,0.430574067,0.07231145198178254,0.8133691863255851,0.0,0.0,0.0,0.0,0.0,0.0,0.0,0.0,0.0,0.27621272837956873,0.0,0.0,3.675e-09
7912.0,0.916513448155856,0.239012904,0.477214316,0.11579205095195634,0.8007213972038997,0.0,0.0,0.0,0.0,0.0,0.0,0.0,0.0,0.0,0.4068852098888362,0.0,0.0,3.675e-09
7913.0,0.9322491505427908,0.306024348,0.531387663,0.14825637571499162,0.7839927748277992,0.0,0.0,0.0,0.0,0.0,0.0,0.0,0.0,0.0,0.5607012782449257,0.0,0.0,3.675e-09
7914.0,0.924410225671696,0.333753171,0.572963707,0.16168986500330962,0.7627203606683862,0.0,0.0,0.0,0.0,0.0,0.0,0.0,0.0,0.0,0.6871832465770141,0.0,0.0,3.675e-09
7915.0,0.8999544697466778,0.322021136,0.594561796,0.15600617022467902,0.7439482995219988,0.0,0.0,0.0,0.0,0.0,0.0,0.0,0.0,0.0,0.7606099861404192,0.0,0.0,3.675e-09
7916.0,0.8743772772454996,0.271623328,0.591068965,0.1315904777907554,0.7427867994547442,0.0,0.0,0.0,0.0,0.0,0.0,0.0,0.0,0.0,0.7529327618617376,0.0,0.0,3.675e-09
7917.0,0.8521710679704083,0.191441098,0.567809955,0.09274544178549653,0.7594256261849118,0.0,0.0,0.0,0.0,0.0,0.0,0.0,0.0,0.0,0.6774362412009546,0.0,0.0,3.675e-09
7918.0,0.8379840149982531,0.105163834,0.54255547,0.05094760919197518,0.787036405806278,0.0,0.0,0.0,0.0,0.0,0.0,0.0,0.0,0.0,0.5859181521753914,0.0,0.0,3.675e-09
7919.0,0.8422784027087257,0.037825427,0.51153224,0.018324884126187203,0.8239535185825384,0.0,0.0,0.0,0.0,0.0,0.0,0.0,0.0,0.0,0.470495730012399,0.0,0.0,3.675e-09
7920.0,0.8522289196152284,0.00400906,0.5033364,0.0019422268506032216,0.8502866927646251,0.0,0.0,0.0,0.0,0.0,0.0,0.0,0.0,0.0,0.42342271169144763,0.0,0.0,3.675e-09
7921.0,0.8535928889330707,5.94e-08,0.504426238,2.8776889077696858e-08,0.8535928601561816,0.0,0.0,0.0,0.0,0.0,0.0,0.0,0.0,0.0,0.42287441539749804,0.0,0.0,3.675e-09
7922.0,0.8536596409078574,0.0,0.507029368,0.0,0.8536596409078574,0.0,0.0,0.0,0.0,0.0,0.0,0.0,0.0,0.0,0.42939494119075294,0.0,0.0,3.675e-09
7923.0,0.8470778803950815,0.0,0.508265476,0.0,0.8470778803950815,0.0,0.0,0.0,0.0,0.0,0.0,0.0,0.0,0.0,0.43910471387297156,0.0,0.0,3.675e-09
7924.0,0.8304076483612839,0.0,0.509223244,0.0,0.8304076483612839,0.0,0.0,0.0,0.0,0.0,0.0,0.0,0.0,0.0,0.458198609502104,0.0,0.0,3.675e-09
7925.0,0.8065971628591032,0.0,0.516017799,0.0,0.8065971628591033,0.0,0.0,0.0,0.0,0.0,0.0,0.0,0.0,0.0,0.4992029411131575,0.0,0.0,3.675e-09
7926.0,0.7804303267473973,0.0,0.517424272,0.0,0.7804303267473973,0.0,0.0,0.0,0.0,0.0,0.0,0.0,0.0,0.0,0.5289289036604112,0.0,0.0,3.675e-09
7927.0,0.7675026639659964,0.0,0.514721949,0.0,0.7675026639659964,0.0,0.0,0.0,0.0,0.0,0.0,0.0,0.0,0.0,0.5350182487302818,0.0,0.0,3.675e-09
7928.0,0.7460752290633158,0.0,0.509410871,0.0,0.7460752290633158,0.0,0.0,0.0,0.0,0.0,0.0,0.0,0.0,0.0,0.5430058251279952,0.0,0.0,3.675e-09
7929.0,0.7387614206604723,0.0,0.490979002,0.0,0.7387614206604723,0.0,0.0,0.0,0.0,0.0,0.0,0.0,0.0,0.0,0.503677179523931,0.0,0.0,3.675e-09
7930.0,0.7398072039319545,0.0,0.470084607,0.0,0.7398072039319545,0.0,0.0,0.0,0.0,0.0,0.0,0.0,0.0,0.0,0.44975743877208396,0.0,0.0,3.675e-09
7931.0,0.7510905395013789,1.7e-09,0.445885882,8.235810005401457e-10,0.7510905386777978,0.0,0.0,0.0,0.0,0.0,0.0,0.0,0.0,0.0,0.3772384302137642,0.0,0.0,3.675e-09
7932.0,0.7759201072851422,0.002281849,0.420189235,0.0011054632250009006,0.7748146440601413,0.0,0.0,0.0,0.0,0.0,0.0,0.0,0.0,0.0,0.2884881098648734,0.0,0.0,3.675e-09
7933.0,0.8057872368318473,0.021104262,0.390401889,0.01022415836095375,0.7955630784708936,0.0,0.0,0.0,0.0,0.0,0.0,0.0,0.0,0.0,0.1923618113974248,0.0,0.0,3.675e-09
7934.0,0.8356387905511297,0.067924647,0.375082571,0.032906734551527185,0.8027320559996024,0.0,0.0,0.0,0.0,0.0,0.0,0.0,0.0,0.0,0.1464267930926997,0.0,0.0,3.675e-09
7935.0,0.8637881644136909,0.151040854,0.373458909,0.07317316332926946,0.7906150010844215,0.0,0.0,0.0,0.0,0.0,0.0,0.0,0.0,0.0,0.1544351176258579,0.0,0.0,3.675e-09
7936.0,0.886090051485979,0.244182562,0.378541498,0.11829654042730361,0.7677935110586754,0.0,0.0,0.0,0.0,0.0,0.0,0.0,0.0,0.0,0.19011826718642993,0.0,0.0,3.675e-09
7937.0,0.8971308543137212,0.313507103,0.392441039,0.15188146680304856,0.7452493875106726,0.0,0.0,0.0,0.0,0.0,0.0,0.0,0.0,0.0,0.2478356388629662,0.0,0.0,3.675e-09
7938.0,0.8994160022835141,0.342864389,0.397802253,0.16610388031894455,0.7333121219645696,0.0,0.0,0.0,0.0,0.0,0.0,0.0,0.0,0.0,0.27333963371992687,0.0,0.0,3.675e-09
7939.0,0.8966057378454698,0.330054409,0.397982535,0.15989796493935676,0.736707772906113,0.0,0.0,0.0,0.0,0.0,0.0,0.0,0.0,0.0,0.27040019234092283,0.0,0.0,3.675e-09
7940.0,0.8929833215477342,0.276498782,0.396273753,0.13395243736923038,0.7590308841785038,0.0,0.0,0.0,0.0,0.0,0.0,0.0,0.0,0.0,0.2437529517117733,0.0,0.0,3.675e-09
7941.0,0.889943874362995,0.193385403,0.37737031,0.09368737864270547,0.7962564957202896,0.0,0.0,0.0,0.0,0.0,0.0,0.0,0.0,0.0,0.15869155256213854,0.0,0.0,3.675e-09
7942.0,0.8973088599131273,0.103819031,0.351652339,0.05029610672122848,0.8470127531918987,0.0,0.0,0.0,0.0,0.0,0.0,0.0,0.0,0.0,0.042855119036843387,0.0,0.0,3.675e-09
7943.0,0.9250710719219559,0.035612126,0.337353671,0.01725262962496573,0.853684620028434,0.0,0.054133822268556155,0.0,0.0,0.0,0.0,0.0,0.0,0.0,0.0,0.0,0.0,0.006839048849999999
7944.0,0.9461803207782764,0.003624929,0.328248378,0.0017561309721805822,0.8306433749994078,0.0,0.11378081480668811,0.0,0.0,0.0,0.0,0.0,0.0,0.0,0.0,0.0,0.0,0.006839048849999999
7945.0,0.9472728305321017,2.9e-08,0.319977035,1.4049322950390722e-08,0.8097124680223207,0.0,0.137560348460458,0.0,0.0,0.0,0.0,0.0,0.0,0.0,0.0,0.0,0.0,0.006839048849999999
7946.0,0.9409669792483637,0.0,0.303851199,0.0,0.7689055067774826,0.0,0.1720614724708811,0.0,0.0,0.0,0.0,0.0,0.0,0.0,0.0,0.0,0.0,0.006839048849999999
7947.0,0.9261702571732373,0.0,0.282782458,0.0,0.715590360978869,0.0,0.2105798961943683,0.0,0.0,0.0,0.0,0.0,0.0,0.0,0.0,0.0,0.0,0.006839048849999999
7948.0,0.8990666655822335,0.0,0.262924221,0.0,0.6653384355810287,0.0,0.23372823000120482,0.0,0.0,0.0,0.0,0.0,0.0,0.0,0.0,0.0,0.0,0.006839048849999999
7949.0,0.8618056256629107,0.0,0.249176257,0.0,0.6305487580633218,0.0,0.231256867599589,0.0,0.0,0.0,0.0,0.0,0.0,0.0,0.0,0.0,0.0,0.006839048849999999
7950.0,0.8247448426678728,0.0,0.239434213,0.0,0.6058961935728043,0.0,0.2188486490950685,0.0,0.0,0.0,0.0,0.0,0.0,0.0,0.0,0.0,0.0,0.006839048849999999
7951.0,0.7945906787296529,0.0,0.230348142,0.0,0.5829035904504083,0.0,0.21168708827924462,0.0,0.0,0.0,0.0,0.0,0.0,0.0,0.0,0.0,0.0,0.006839048849999999
7952.0,0.7729540875726457,0.0,0.224992234,0.0,0.5693502881480088,0.0,0.20360379942463697,0.0,0.0,0.0,0.0,0.0,0.0,0.0,0.0,0.0,0.0,0.006839048849999999
7953.0,0.7593633537084744,0.0,0.218478244,0.0,0.5528664210493193,0.0,0.20649693265915514,0.0,0.0,0.0,0.0,0.0,0.0,0.0,0.0,0.0,0.0,0.006839048849999999
7954.0,0.7561748267467392,0.0,0.209233761,0.0,0.5294729511225778,0.0,0.2267018756241614,0.0,0.0,0.0,0.0,0.0,0.0,0.0,0.0,0.0,0.0,0.006839048849999999
7955.0,0.7607406730213041,2.94e-11,0.199740436,1.4243106715223698e-11,0.5054497782861648,0.0,0.25529089472089617,0.0,0.0,0.0,0.0,0.0,0.0,0.0,0.0,0.0,0.0,0.006839048849999999
7956.0,0.7814138087090384,0.002305924,0.187459171,0.0011171265853467853,0.4743716310885505,0.0,0.3059250510351411,0.0,0.0,0.0,0.0,0.0,0.0,0.0,0.0,0.0,0.0,0.006839048849999999
7957.0,0.8096944616886624,0.02285694,0.166489634,0.011073259714403576,0.4213075242924007,0.0,0.3773136776818582,0.0,0.0,0.0,0.0,0.0,0.0,0.0,0.0,0.0,0.0,0.006839048849999999
7958.0,0.8467329943587464,0.072616705,0.14997549,0.03517984621166389,0.37951793681304924,0.0,0.43203521133403316,0.0,0.0,0.0,0.0,0.0,0.0,0.0,0.0,0.0,0.0,0.006839048849999999
7959.0,0.8841920663698434,0.15601515,0.135005815,0.07558300784495348,0.3416366792104778,0.0,0.4669723793144121,0.0,0.0,0.0,0.0,0.0,0.0,0.0,0.0,0.0,0.0,0.006839048849999999
7960.0,0.9139212403021048,0.251125036,0.119848754,0.12165988729974125,0.3032812351384529,0.0,0.48898011786391066,0.0,0.0,0.0,0.0,0.0,0.0,0.0,0.0,0.0,0.0,0.006839048849999999
7961.0,0.9276143274609289,0.321408322,0.113642379,0.15570928671452314,0.28757579796943217,0.0,0.4843292427769736,0.0,0.0,0.0,0.0,0.0,0.0,0.0,0.0,0.0,0.0,0.006839048849999999
7962.0,0.9298260489584038,0.353103787,0.116503244,0.17106445305410267,0.2948153114546068,0.0,0.4639462844496943,0.0,0.0,0.0,0.0,0.0,0.0,0.0,0.0,0.0,0.0,0.006839048849999999
7963.0,0.9232353881156614,0.342032523,0.122672316,0.16570087500565317,0.31042635214859715,0.0,0.447108160961411,0.0,0.0,0.0,0.0,0.0,0.0,0.0,0.0,0.0,0.0,0.006839048849999999
7964.0,0.9154098132395538,0.290655809,0.125090355,0.14081094234648556,0.3165452797974649,0.0,0.45805359109560334,0.0,0.0,0.0,0.0,0.0,0.0,0.0,0.0,0.0,0.0,0.006839048849999999
7965.0,0.9083096117559826,0.206108646,0.116447885,0.09985127346626747,0.2946752236745033,0.0,0.5137831146152118,0.0,0.0,0.0,0.0,0.0,0.0,0.0,0.0,0.0,0.0,0.006839048849999999
7966.0,0.9137031837178117,0.111825517,0.106563746,0.05417492422163475,0.26966308308770875,0.0,0.5898651764084681,0.0,0.0,0.0,0.0,0.0,0.0,0.0,0.0,0.0,0.0,0.006839048849999999
7967.0,0.9384125975469889,0.037777158,0.102161955,0.018301499754825392,0.2585242054044136,0.0,0.6615868923877497,0.0,0.0,0.0,0.0,0.0,0.0,0.0,0.0,0.0,0.0,0.006839048849999999
7968.0,0.9610104193407585,0.003768735,0.102256458,0.0018257991423945095,0.25876334837092535,0.0,0.7004212718274386,0.0,0.0,0.0,0.0,0.0,0.0,0.0,0.0,0.0,0.0,0.006839048849999999
7969.0,0.9658966754942693,1.11e-08,0.099713817,5.37749947411507e-09,0.2523291112407364,0.0,0.7135675588760333,0.0,0.0,0.0,0.0,0.0,0.0,0.0,0.0,0.0,0.0,0.006839048849999999
7970.0,0.9601159406787828,0.0,0.094942394,0.0,0.24025486755850325,0.0,0.7198610731202796,0.0,0.0,0.0,0.0,0.0,0.0,0.0,0.0,0.0,0.0,0.006839048849999999
7971.0,0.9455061245330288,0.0,0.092078226,0.0,0.23300699572260555,0.0,0.7124991288104232,0.0,0.0,0.0,0.0,0.0,0.0,0.0,0.0,0.0,0.0,0.006839048849999999
7972.0,0.9164177703586592,0.0,0.091287156,0.0,0.23100516692861595,0.0,0.6854126034300432,0.0,0.0,0.0,0.0,0.0,0.0,0.0,0.0,0.0,0.0,0.006839048849999999
7973.0,0.8779440667309255,0.0,0.090457547,0.0,0.2289058139207242,0.0,0.6490382528102013,0.0,0.0,0.0,0.0,0.0,0.0,0.0,0.0,0.0,0.0,0.006839048849999999
7974.0,0.8413683482193274,0.0,0.090575512,0.0,0.22920432825407394,0.0,0.6121640199652534,0.0,0.0,0.0,0.0,0.0,0.0,0.0,0.0,0.0,0.0,0.006839048849999999
7975.0,0.8184923923640095,0.0,0.091266259,0.0,0.23095228637909695,0.0,0.5875401059849126,0.0,0.0,0.0,0.0,0.0,0.0,0.0,0.0,0.0,0.0,0.006839048849999999
7976.0,0.7889100723763088,0.0,0.09011922,0.0,0.22804966625947537,0.0,0.5608604061168335,0.0,0.0,0.0,0.0,0.0,0.0,0.0,0.0,0.0,0.0,0.006839048849999999
7977.0,0.7757421016857361,0.0,0.086578533,0.0,0.21908984072304416,0.0,0.5566522609626919,0.0,0.0,0.0,0.0,0.0,0.0,0.0,0.0,0.0,0.0,0.006839048849999999
7978.0,0.7712474580509036,0.0,0.083523826,0.0,0.21135980364693005,0.0,0.5598876544039735,0.0,0.0,0.0,0.0,0.0,0.0,0.0,0.0,0.0,0.0,0.006839048849999999
7979.0,0.7721130108904691,0.0,0.080828611,0.0,0.204539472964446,0.0,0.5675735379260232,0.0,0.0,0.0,0.0,0.0,0.0,0.0,0.0,0.0,0.0,0.006839048849999999
7980.0,0.7870298879201063,0.002478369,0.077347866,0.0012006691886633414,0.19573133264116824,0.0,0.5900978860902748,0.0,0.0,0.0,0.0,0.0,0.0,0.0,0.0,0.0,0.0,0.006839048849999999
7981.0,0.8092672478501182,0.024448136,0.071140405,0.011844129593071503,0.1800231473132359,0.0,0.6173999709438108,0.0,0.0,0.0,0.0,0.0,0.0,0.0,0.0,0.0,0.0,0.006839048849999999
7982.0,0.8455626074676575,0.073936348,0.067194613,0.035819159683602594,0.17003819017835045,0.0,0.6397052576057046,0.0,0.0,0.0,0.0,0.0,0.0,0.0,0.0,0.0,0.0,0.006839048849999999
7983.0,0.8798264770195632,0.155037436,0.062213386,0.07510934509532871,0.1574330305363486,0.0,0.6472841013878858,0.0,0.0,0.0,0.0,0.0,0.0,0.0,0.0,0.0,0.0,0.006839048849999999
7984.0,0.9019926343098428,0.248918925,0.058011941,0.12059111606169264,0.14680113503106634,0.0,0.6346003832170838,0.0,0.0,0.0,0.0,0.0,0.0,0.0,0.0,0.0,0.0,0.006839048849999999
7985.0,0.9114580867329058,0.317788509,0.057988017,0.15395563423669476,0.14674059455795097,0.0,0.6107618579382602,0.0,0.0,0.0,0.0,0.0,0.0,0.0,0.0,0.0,0.0,0.006839048849999999
7986.0,0.9180353965807361,0.346681547,0.063263622,0.1679531384394503,0.16009068746340244,0.0,0.5899915706778833,0.0,0.0,0.0,0.0,0.0,0.0,0.0,0.0,0.0,0.0,0.006839048849999999
7987.0,0.9179552946109619,0.332767444,0.07364431,0.16121232028041582,0.18635936171450823,0.0,0.5703836126160379,0.0,0.0,0.0,0.0,0.0,0.0,0.0,0.0,0.0,0.0,0.006839048849999999
7988.0,0.9159571800327593,0.279754439,0.085162139,0.13552967104539246,0.21550560886893,0.0,0.5649219001184368,0.0,0.0,0.0,0.0,0.0,0.0,0.0,0.0,0.0,0.0,0.006839048849999999
7989.0,0.9165779752981322,0.197637573,0.097209939,0.09574738242098006,0.24599296516385694,0.0,0.5748376277132952,0.0,0.0,0.0,0.0,0.0,0.0,0.0,0.0,0.0,0.0,0.006839048849999999
7990.0,0.9325562104267493,0.109129629,0.111016751,0.05286887590611465,0.2809315594915411,0.0,0.5987557750290935,0.0,0.0,0.0,0.0,0.0,0.0,0.0,0.0,0.0,0.0,0.006839048849999999
7991.0,0.9713391997708767,0.038563648,0.116130345,0.01868252223783411,0.293871678204136,0.0,0.6587849993289067,0.0,0.0,0.0,0.0,0.0,0.0,0.0,0.0,0.0,0.0,0.006839048849999999
7992.0,1.0045239095639447,0.003854469,0.121846098,0.0018673337856299854,0.30833558017833856,0.0,0.6943209955999761,0.0,0.0,0.0,0.0,0.0,0.0,0.0,0.0,0.0,0.0,0.006839048849999999
7993.0,1.01342864419889,4.88e-09,0.123437459,2.3641619309623005e-09,0.31236257181173643,0.0,0.7010660700229916,0.0,0.0,0.0,0.0,0.0,0.0,0.0,0.0,0.0,0.0,0.006839048849999999
7994.0,1.0118599682917422,0.0,0.121965058,0.0,0.30863661239209084,0.0,0.7032233558996513,0.0,0.0,0.0,0.0,0.0,0.0,0.0,0.0,0.0,0.0,0.006839048849999999
7995.0,0.988018332134641,0.0,0.122910083,0.0,0.3110280294045424,0.0,0.6769903027300986,0.0,0.0,0.0,0.0,0.0,0.0,0.0,0.0,0.0,0.0,0.006839048849999999
7996.0,0.9503234028793178,0.0,0.123681496,0.0,0.31298011551001703,0.0,0.6373432873693008,0.0,0.0,0.0,0.0,0.0,0.0,0.0,0.0,0.0,0.0,0.006839048849999999
7997.0,0.9020860872745291,0.0,0.124962418,0.0,0.31622153098836253,0.0,0.5858645562861665,0.0,0.0,0.0,0.0,0.0,0.0,0.0,0.0,0.0,0.0,0.006839048849999999
7998.0,0.8609244979958472,0.0,0.126279193,0.0,0.31955367366878984,0.0,0.5413708243270574,0.0,0.0,0.0,0.0,0.0,0.0,0.0,0.0,0.0,0.0,0.006839048849999999
7999.0,0.8291949846528728,0.0,0.126042011,0.0,0.31895347677468944,0.0,0.5102415078781833,0.0,0.0,0.0,0.0,0.0,0.0,0.0,0.0,0.0,0.0,0.006839048849999999
8000.0,0.8077720004151377,0.0,0.125274241,0.0,0.3170106094011809,0.0,0.49076139101395677,0.0,0.0,0.0,0.0,0.0,0.0,0.0,0.0,0.0,0.0,0.006839048849999999
8001.0,0.8000955053160261,0.0,0.120776059,0.0,0.30562781110494197,0.0,0.49446769421108416,0.0,0.0,0.0,0.0,0.0,0.0,0.0,0.0,0.0,0.0,0.006839048849999999
8002.0,0.8053622478258133,0.0,0.118280889,0.0,0.29931370091001736,0.0,0.506048546915796,0.0,0.0,0.0,0.0,0.0,0.0,0.0,0.0,0.0,0.0,0.006839048849999999
8003.0,0.8372386161132734,0.0,0.118464063,0.0,0.29977722877418894,0.0,0.5374613873390844,0.0,0.0,0.0,0.0,0.0,0.0,0.0,0.0,0.0,0.0,0.006839048849999999
8004.0,0.9054904459880468,0.002163927,0.118618675,0.0010483348022093152,0.30016847955287645,0.0,0.6042736316329611,0.0,0.0,0.0,0.0,0.0,0.0,0.0,0.0,0.0,0.0,0.006839048849999999
8005.0,0.9718887923965174,0.02205127,0.115271656,0.010682945299871119,0.29169873729463097,0.0,0.6695071098020152,0.0,0.0,0.0,0.0,0.0,0.0,0.0,0.0,0.0,0.0,0.006839048849999999
8006.0,1.0027839035548467,0.069906496,0.111928493,0.03386685995290335,0.28323875277189514,0.0,0.6856782908300482,0.0,0.0,0.0,0.0,0.0,0.0,0.0,0.0,0.0,0.0,0.006839048849999999
8007.0,1.0239131789035356,0.152222859,0.113483512,0.07374579677664794,0.28717377977254094,0.0,0.6629936023543467,0.0,0.0,0.0,0.0,0.0,0.0,0.0,0.0,0.0,0.0,0.006839048849999999
8008.0,1.0383160636274733,0.244789906,0.127033166,0.11859077394447542,0.32146162727756117,0.0,0.5982636624054366,0.0,0.0,0.0,0.0,0.0,0.0,0.0,0.0,0.0,0.0,0.006839048849999999
8009.0,1.0441702259152024,0.311867765,0.141483509,0.15108727407936415,0.3580286980809364,0.0,0.5350542537549019,0.0,0.0,0.0,0.0,0.0,0.0,0.0,0.0,0.0,0.0,0.006839048849999999
8010.0,1.0393507217364784,0.339189386,0.153385585,0.16432349052616332,0.3881472949750829,0.0,0.4868799362352322,0.0,0.0,0.0,0.0,0.0,0.0,0.0,0.0,0.0,0.0,0.006839048849999999
8011.0,1.035022958538575,0.325975284,0.165780329,0.15792179444004595,0.41951260453470446,0.0,0.4575885595638246,0.0,0.0,0.0,0.0,0.0,0.0,0.0,0.0,0.0,0.0,0.006839048849999999
8012.0,1.0292244230631555,0.273887516,0.175183336,0.13268738497807953,0.4433072246854948,0.0,0.45322981339958124,0.0,0.0,0.0,0.0,0.0,0.0,0.0,0.0,0.0,0.0,0.006839048849999999
8013.0,1.0261716258834288,0.193957769,0.184106458,0.09396466673856145,0.46588747997501667,0.0,0.4663194791698508,0.0,0.0,0.0,0.0,0.0,0.0,0.0,0.0,0.0,0.0,0.006839048849999999
8014.0,1.0353656197423995,0.107245921,0.183204919,0.05195629583589966,0.46360610572355393,0.0,0.519803218182946,0.0,0.0,0.0,0.0,0.0,0.0,0.0,0.0,0.0,0.0,0.006839048849999999
8015.0,1.066262956733164,0.035160665,0.179701578,0.017033915094327577,0.45474078547507496,0.0,0.5944882561637614,0.0,0.0,0.0,0.0,0.0,0.0,0.0,0.0,0.0,0.0,0.006839048849999999
8016.0,1.094187598513976,0.002832129,0.1909338,0.001372051550281625,0.4831642946715852,0.0,0.6096512522921091,0.0,0.0,0.0,0.0,0.0,0.0,0.0,0.0,0.0,0.0,0.006839048849999999
8017.0,1.1004044464980487,8.78e-11,0.207817394,4.253553638083811e-11,0.5258887875928564,0.0,0.5745156588626565,0.0,0.0,0.0,0.0,0.0,0.0,0.0,0.0,0.0,0.0,0.006839048849999999
8018.0,1.0897263303665745,0.0,0.223845148,0.0,0.5664475490933328,0.0,0.5232787812732416,0.0,0.0,0.0,0.0,0.0,0.0,0.0,0.0,0.0,0.0,0.006839048849999999
8019.0,1.0624803354959558,0.0,0.239751065,0.0,0.606697998036421,0.0,0.4557823374595348,0.0,0.0,0.0,0.0,0.0,0.0,0.0,0.0,0.0,0.0,0.006839048849999999
8020.0,1.0117442650021018,0.0,0.25284116,0.0,0.63982291629531,0.0,0.3719213487067919,0.0,0.0,0.0,0.0,0.0,0.0,0.0,0.0,0.0,0.0,0.006839048849999999
8021.0,0.951215656708783,0.0,0.268210309,0.0,0.6787150560646303,0.0,0.2725006006441527,0.0,0.0,0.0,0.0,0.0,0.0,0.0,0.0,0.0,0.0,0.006839048849999999
8022.0,0.896877196409562,0.0,0.283532677,0.0,0.7174888149665036,0.0,0.17938838144305835,0.0,0.0,0.0,0.0,0.0,0.0,0.0,0.0,0.0,0.0,0.006839048849999999
8023.0,0.8623685692834636,0.0,0.296951797,0.0,0.7514463418680442,0.0,0.11092222741541943,0.0,0.0,0.0,0.0,0.0,0.0,0.0,0.0,0.0,0.0,0.006839048849999999
8024.0,0.8364976678932393,0.0,0.307349037,0.0,0.7777569015024891,0.0,0.05874076639075012,0.0,0.0,0.0,0.0,0.0,0.0,0.0,0.0,0.0,0.0,0.006839048849999999
8025.0,0.8231917425881476,0.0,0.315949752,0.0,0.7995212952172024,0.0,0.023670447370945313,0.0,0.0,0.0,0.0,0.0,0.0,0.0,0.0,0.0,0.0,0.006839048849999999
8026.0,0.825543642532727,0.0,0.322654426,0.0,0.8164876944834032,0.0,0.009055948049323852,0.0,0.0,0.0,0.0,0.0,0.0,0.0,0.0,0.0,0.0,0.006839048849999999
8027.0,0.8517282793043661,0.0,0.329583386,0.0,0.8340216568892612,0.0,0.01770662241510486,0.0,0.0,0.0,0.0,0.0,0.0,0.0,0.0,0.0,0.0,0.006839048849999999
8028.0,0.9178662913112966,0.001493271,0.33325126,0.0007234291907397553,0.843303333334994,0.0,0.07383952878556287,0.0,0.0,0.0,0.0,0.0,0.0,0.0,0.0,0.0,0.0,0.006839048849999999
8029.0,0.9828717425795149,0.013412455,0.338480456,0.006497790063882165,0.8565359867312992,0.0,0.11983796578433349,0.0,0.0,0.0,0.0,0.0,0.0,0.0,0.0,0.0,0.0,0.006839048849999999
8030.0,1.0115484587427626,0.053067441,0.328602125,0.025709021267579502,0.8315385434805629,0.0,0.15430089399462024,0.0,0.0,0.0,0.0,0.0,0.0,0.0,0.0,0.0,0.0,0.006839048849999999
8031.0,1.027809277597949,0.134818303,0.296488429,0.06531399580933207,0.7502737738214574,0.0,0.21222150796715966,0.0,0.0,0.0,0.0,0.0,0.0,0.0,0.0,0.0,0.0,0.006839048849999999
8032.0,1.0398535878797759,0.230931037,0.312724601,0.11187671441660789,0.7913599439628705,0.0,0.1366169295002975,0.0,0.0,0.0,0.0,0.0,0.0,0.0,0.0,0.0,0.0,0.006839048849999999
8033.0,1.039094838999809,0.304186409,0.341634482,0.14736596886760822,0.8645173538211799,0.0,0.027211516311020752,0.0,0.0,0.0,0.0,0.0,0.0,0.0,0.0,0.0,0.0,0.006839048849999999
8034.0,1.0314405942256513,0.338263225,0.364490782,0.16387480311260968,0.8675657911130416,0.0,0.0,0.0,0.0,0.0,0.0,0.0,0.0,0.0,0.05479018566699719,0.0,0.0,3.675e-09
8035.0,1.0229296969418944,0.330000588,0.375163166,0.15987189084933906,0.8630578060925554,0.0,0.0,0.0,0.0,0.0,0.0,0.0,0.0,0.0,0.08630499131235071,0.0,0.0,3.675e-09
8036.0,1.0172624415834624,0.282448391,0.370016067,0.13683478144749076,0.8804276601359717,0.0,0.0,0.0,0.0,0.0,0.0,0.0,0.0,0.0,0.055910233045901,0.0,0.0,3.675e-09
8037.0,1.0090964303360408,0.204028239,0.326383227,0.09884340071415529,0.8259235487173612,0.0,0.08432948090452429,0.0,0.0,0.0,0.0,0.0,0.0,0.0,0.0,0.0,0.0,0.006839048849999999
8038.0,1.0191404012071548,0.11172337,0.29015435,0.054125438146068766,0.7342451774575391,0.0,0.23076978560354688,0.0,0.0,0.0,0.0,0.0,0.0,0.0,0.0,0.0,0.0,0.006839048849999999
8039.0,1.0515641372877447,0.035590137,0.29628309,0.01724197684695345,0.7497541566918368,0.0,0.28456800374895436,0.0,0.0,0.0,0.0,0.0,0.0,0.0,0.0,0.0,0.0,0.006839048849999999
8040.0,1.080701442776968,0.002752637,0.311857954,0.0013335409026963678,0.7891668650712115,0.0,0.2902010368030601,0.0,0.0,0.0,0.0,0.0,0.0,0.0,0.0,0.0,0.0,0.006839048849999999
8041.0,1.089690730046633,2.88e-10,0.31632725,1.3952431067974233e-10,0.8004765663892524,0.0,0.28921416351785634,0.0,0.0,0.0,0.0,0.0,0.0,0.0,0.0,0.0,0.0,0.006839048849999999
8042.0,1.081584795276542,0.0,0.31554859,0.0,0.7985061415106349,0.0,0.28307865376590724,0.0,0.0,0.0,0.0,0.0,0.0,0.0,0.0,0.0,0.0,0.006839048849999999
8043.0,1.057146840011457,0.0,0.315354393,0.0,0.7980147195804562,0.0,0.25913212043100087,0.0,0.0,0.0,0.0,0.0,0.0,0.0,0.0,0.0,0.0,0.006839048849999999
8044.0,1.0079505186024165,0.0,0.314353265,0.0,0.7954813320712987,0.0,0.2124691865311178,0.0,0.0,0.0,0.0,0.0,0.0,0.0,0.0,0.0,0.0,0.006839048849999999
8045.0,0.950330078376774,0.0,0.313725796,0.0,0.7938935010177435,0.0,0.15643657735903038,0.0,0.0,0.0,0.0,0.0,0.0,0.0,0.0,0.0,0.0,0.006839048849999999
8046.0,0.9010358543380261,0.0,0.314247802,0.0,0.7952144544623634,0.0,0.10582139987566272,0.0,0.0,0.0,0.0,0.0,0.0,0.0,0.0,0.0,0.0,0.006839048849999999
8047.0,0.8722478845501589,0.0,0.31788319,0.0,0.8044139240108537,0.0,0.0678339605393053,0.0,0.0,0.0,0.0,0.0,0.0,0.0,0.0,0.0,0.0,0.006839048849999999
8048.0,0.8414395508590595,0.0,0.319493762,0.0,0.8084895297150182,0.0,0.03295002114404138,0.0,0.0,0.0,0.0,0.0,0.0,0.0,0.0,0.0,0.0,0.006839048849999999
8049.0,0.8277798391876664,0.0,0.322096188,0.0,0.8150750547646688,0.0,0.012704784422997559,0.0,0.0,0.0,0.0,0.0,0.0,0.0,0.0,0.0,0.0,0.006839048849999999
8050.0,0.8311730727387072,0.0,0.328765279,0.0,0.8311730727387073,0.0,0.0,0.0,0.0,0.0,0.0,0.0,0.0,0.0,0.0007783373340087891,0.0,0.0,3.675e-09
8051.0,0.8573688346728231,0.0,0.331112826,0.0,0.8378919553845644,0.0,0.019476879288258666,0.0,0.0,0.0,0.0,0.0,0.0,0.0,0.0,0.0,0.0,0.006839048849999999
8052.0,0.9232442884456279,0.001101682,0.331466645,0.0005337202140218053,0.8387873060641005,0.0,0.08392326216750562,0.0,0.0,0.0,0.0,0.0,0.0,0.0,0.0,0.0,0.0,0.006839048849999999
8053.0,0.9879471294949086,0.013820137,0.325830046,0.006695295445918757,0.824523705904351,0.0,0.1567281281446389,0.0,0.0,0.0,0.0,0.0,0.0,0.0,0.0,0.0,0.0,0.006839048849999999
8054.0,1.0160965043573946,0.064533964,0.296732609,0.031264086258789264,0.7508916793859667,0.0,0.23394073871263868,0.0,0.0,0.0,0.0,0.0,0.0,0.0,0.0,0.0,0.0,0.006839048849999999
8055.0,1.0300988762326875,0.164616635,0.245123611,0.0797500782110894,0.6202934033480035,0.0,0.3300553946735946,0.0,0.0,0.0,0.0,0.0,0.0,0.0,0.0,0.0,0.0,0.006839048849999999
8056.0,1.0390169608626203,0.268625377,0.214262512,0.13013809221184344,0.5421983718180965,0.0,0.36668049683268034,0.0,0.0,0.0,0.0,0.0,0.0,0.0,0.0,0.0,0.0,0.006839048849999999
8057.0,1.0359574881854376,0.343551175,0.227974307,0.16643660026073098,0.5768965224852721,0.0,0.2926243654394346,0.0,0.0,0.0,0.0,0.0,0.0,0.0,0.0,0.0,0.0,0.006839048849999999
8058.0,1.0268324721336888,0.376997271,0.248884704,0.1826398762653438,0.6298109735557889,0.0,0.21438162231255614,0.0,0.0,0.0,0.0,0.0,0.0,0.0,0.0,0.0,0.0,0.006839048849999999
8059.0,1.0190580734049455,0.364685163,0.257701794,0.1766751596621683,0.6521229113630597,0.0,0.1902600023797174,0.0,0.0,0.0,0.0,0.0,0.0,0.0,0.0,0.0,0.0,0.006839048849999999
8060.0,1.0109499148022685,0.308455824,0.253110508,0.14943432714844415,0.640504510316071,0.0,0.2210110773377532,0.0,0.0,0.0,0.0,0.0,0.0,0.0,0.0,0.0,0.0,0.006839048849999999
8061.0,1.0064508205024902,0.217639076,0.226989605,0.10543729880512519,0.5744047015122873,0.0,0.32660882018507775,0.0,0.0,0.0,0.0,0.0,0.0,0.0,0.0,0.0,0.0,0.006839048849999999
8062.0,1.0167172986228428,0.111465128,0.221971617,0.05400033037857377,0.5617065169441778,0.0,0.40101045130009116,0.0,0.0,0.0,0.0,0.0,0.0,0.0,0.0,0.0,0.0,0.006839048849999999
8063.0,1.0482176302190473,0.030874062,0.249503564,0.01495722992511676,0.6313770192501629,0.0,0.4018833810437678,0.0,0.0,0.0,0.0,0.0,0.0,0.0,0.0,0.0,0.0,0.006839048849999999
8064.0,1.0796667846679628,0.002029306,0.269737457,0.0009831163916953652,0.6825795545781421,0.0,0.3961041136981255,0.0,0.0,0.0,0.0,0.0,0.0,0.0,0.0,0.0,0.0,0.006839048849999999
8065.0,1.090051190910466,1.99e-11,0.277523068,9.640742300440529e-12,0.7022813006671128,0.0,0.3877698902337124,0.0,0.0,0.0,0.0,0.0,0.0,0.0,0.0,0.0,0.0,0.006839048849999999
8066.0,1.0829821400818151,0.0,0.28153339,0.0,0.7124295531008671,0.0,0.3705525869809481,0.0,0.0,0.0,0.0,0.0,0.0,0.0,0.0,0.0,0.0,0.006839048849999999
8067.0,1.061603657493913,0.0,0.291515136,0.0,0.7376886914288159,0.0,0.32391496606509707,0.0,0.0,0.0,0.0,0.0,0.0,0.0,0.0,0.0,0.0,0.006839048849999999
8068.0,1.0171712134512867,0.0,0.302448827,0.0,0.7653567580580458,0.0,0.251814455393241,0.0,0.0,0.0,0.0,0.0,0.0,0.0,0.0,0.0,0.0,0.006839048849999999
8069.0,0.961982775139998,0.0,0.312249538,0.0,0.7901577813320552,0.0,0.17182499380794275,0.0,0.0,0.0,0.0,0.0,0.0,0.0,0.0,0.0,0.0,0.006839048849999999
8070.0,0.9132893198742548,0.0,0.319575305,0.0,0.8086958769729703,0.0,0.10459344290128442,0.0,0.0,0.0,0.0,0.0,0.0,0.0,0.0,0.0,0.0,0.006839048849999999
8071.0,0.8791767559317801,0.0,0.322044112,0.0,0.814943274724627,0.0,0.06423348120715308,0.0,0.0,0.0,0.0,0.0,0.0,0.0,0.0,0.0,0.0,0.006839048849999999
8072.0,0.8572709310431912,0.0,0.31886487,0.0,0.8068980977129074,0.0,0.05037283333028369,0.0,0.0,0.0,0.0,0.0,0.0,0.0,0.0,0.0,0.0,0.006839048849999999
8073.0,0.8485264013477188,0.0,0.311259051,0.0,0.7876513212252728,0.0,0.060875080122446044,0.0,0.0,0.0,0.0,0.0,0.0,0.0,0.0,0.0,0.0,0.006839048849999999
8074.0,0.8572753817081368,0.0,0.306042053,0.0,0.7744495352713291,0.0,0.08282584643680761,0.0,0.0,0.0,0.0,0.0,0.0,0.0,0.0,0.0,0.0,0.006839048849999999
8075.0,0.8883551739633283,0.0,0.297983265,0.0,0.7540565057504804,0.0,0.13429866821284778,0.0,0.0,0.0,0.0,0.0,0.0,0.0,0.0,0.0,0.0,0.006839048849999999
8076.0,0.9616890662509515,0.001559057,0.289563326,0.0007552998376230105,0.7327495716816421,0.0,0.2281841947316864,0.0,0.0,0.0,0.0,0.0,0.0,0.0,0.0,0.0,0.0,0.006839048849999999
8077.0,1.0283099189087364,0.022175298,0.286267383,0.010743031831832879,0.7244090789303703,0.0,0.2931578081465331,0.0,0.0,0.0,0.0,0.0,0.0,0.0,0.0,0.0,0.0,0.006839048849999999
8078.0,1.05147735882059,0.090158483,0.295070988,0.043678125668424536,0.7466868924992212,0.0,0.2611123406529441,0.0,0.0,0.0,0.0,0.0,0.0,0.0,0.0,0.0,0.0,0.006839048849999999
8079.0,1.0547771394069445,0.199617038,0.282223536,0.09670635287111781,0.7141759903755163,0.0,0.24389479616031043,0.0,0.0,0.0,0.0,0.0,0.0,0.0,0.0,0.0,0.0,0.006839048849999999
8080.0,1.0490231055813575,0.312015717,0.245111572,0.15115895081830058,0.6202629382603997,0.0,0.27760121650265723,0.0,0.0,0.0,0.0,0.0,0.0,0.0,0.0,0.0,0.0,0.006839048849999999
8081.0,1.037423809798008,0.392446723,0.242676156,0.19012450869825964,0.6141000375384117,0.0,0.23319926356133655,0.0,0.0,0.0,0.0,0.0,0.0,0.0,0.0,0.0,0.0,0.006839048849999999
8082.0,1.0210205866632818,0.424803458,0.27678083,0.20580003351326695,0.7004030428638929,0.0,0.11481751028612194,0.0,0.0,0.0,0.0,0.0,0.0,0.0,0.0,0.0,0.0,0.006839048849999999
8083.0,1.0074009259767758,0.403983421,0.309153162,0.1957135706287123,0.7823222994735365,0.0,0.029365055874526976,0.0,0.0,0.0,0.0,0.0,0.0,0.0,0.0,0.0,0.0,0.006839048849999999
8084.0,0.9971767246737454,0.334208442,0.315955829,0.1619104253243078,0.7995366732666559,0.0,0.035729626082781615,0.0,0.0,0.0,0.0,0.0,0.0,0.0,0.0,0.0,0.0,0.006839048849999999
8085.0,0.9932939759743193,0.22733643,0.310594172,0.11013527322272047,0.7859688229296492,0.0,0.09718987982194971,0.0,0.0,0.0,0.0,0.0,0.0,0.0,0.0,0.0,0.0,0.006839048849999999
8086.0,1.0074142769716878,0.110951797,0.327342899,0.05375164234411008,0.8283520304476577,0.0,0.12531060417992004,0.0,0.0,0.0,0.0,0.0,0.0,0.0,0.0,0.0,0.0,0.006839048849999999
8087.0,1.0500777891828061,0.029136429,0.365239757,0.014115417263521715,0.9242512827845368,0.0,0.11171108913474756,0.0,0.0,0.0,0.0,0.0,0.0,0.0,0.0,0.0,0.0,0.006839048849999999
8088.0,1.0883000597388912,0.001911588,0.396678617,0.0009260867986238447,1.0038083576302619,0.0,0.08356561531000536,0.0,0.0,0.0,0.0,0.0,0.0,0.0,0.0,0.0,0.0,0.006839048849999999
8089.0,1.1049079904628476,0.0,0.412594649,0.0,1.0440844029153313,0.0,0.06082358754751636,0.0,0.0,0.0,0.0,0.0,0.0,0.0,0.0,0.0,0.0,0.006839048849999999
8090.0,1.1037220277443363,0.0,0.419182675,0.0,1.0607556205602326,0.0,0.042966407184103515,0.0,0.0,0.0,0.0,0.0,0.0,0.0,0.0,0.0,0.0,0.006839048849999999
8091.0,1.086179567373517,0.0,0.425307167,0.0,1.076253850090058,0.0,0.009925717283459106,0.0,0.0,0.0,0.0,0.0,0.0,0.0,0.0,0.0,0.0,0.006839048849999999
8092.0,1.0448310721654626,0.0,0.431605421,0.0,1.0448310721654626,0.0,0.0,0.0,0.0,0.0,0.0,0.0,0.0,0.0,0.04736071794135779,0.0,0.0,3.675e-09
8093.0,0.9912268845888196,0.0,0.432597259,0.0,0.9912268845888196,0.0,0.0,0.0,0.0,0.0,0.0,0.0,0.0,0.0,0.10347478437495788,0.0,0.0,3.675e-09
8094.0,0.9454949993705519,0.0,0.422573077,0.0,0.9454949993705519,0.0,0.0,0.0,0.0,0.0,0.0,0.0,0.0,0.0,0.12384014556400916,0.0,0.0,3.675e-09
8095.0,0.9139835426118704,0.0,0.410137964,0.0,0.9139835426118705,0.0,0.0,0.0,0.0,0.0,0.0,0.0,0.0,0.0,0.12388413767365271,0.0,0.0,3.675e-09
8096.0,0.89373539593017,0.0,0.394323262,0.0,0.89373539593017,0.0,0.0,0.0,0.0,0.0,0.0,0.0,0.0,0.0,0.10411265798604968,0.0,0.0,3.675e-09
8097.0,0.8835935214294244,0.0,0.377185761,0.0,0.8835935214294245,0.0,0.0,0.0,0.0,0.0,0.0,0.0,0.0,0.0,0.07088751950586376,0.0,0.0,3.675e-09
8098.0,0.8911943642237827,0.0,0.362860629,0.0,0.8911943642237827,0.0,0.0,0.0,0.0,0.0,0.0,0.0,0.0,0.0,0.02703645648408972,0.0,0.0,3.675e-09
8099.0,0.9245059034688927,0.0,0.356935633,0.0,0.9032374224029522,0.0,0.02126848106594043,0.0,0.0,0.0,0.0,0.0,0.0,0.0,0.0,0.0,0.0,0.006839048849999999
8100.0,0.9984806165143324,0.001940012,0.358323207,0.0009398570729528759,0.9067487242940507,0.0,0.09079203514732874,0.0,0.0,0.0,0.0,0.0,0.0,0.0,0.0,0.0,0.0,0.006839048849999999
8101.0,1.063270236030768,0.028065196,0.356107462,0.013596448354138408,0.9011417083016121,0.0,0.14853207937501745,0.0,0.0,0.0,0.0,0.0,0.0,0.0,0.0,0.0,0.0,0.006839048849999999
8102.0,1.0786499272188907,0.103737655,0.351222646,0.05025668335211086,0.8887805198832155,0.0,0.13961272398356445,0.0,0.0,0.0,0.0,0.0,0.0,0.0,0.0,0.0,0.0,0.006839048849999999
8103.0,1.069754092913912,0.218677796,0.303351117,0.10594051648564347,0.7676400327398425,0.0,0.19617354368842602,0.0,0.0,0.0,0.0,0.0,0.0,0.0,0.0,0.0,0.0,0.006839048849999999
8104.0,1.0542097461213706,0.330381672,0.257843086,0.16005651057993311,0.6524804554412833,0.0,0.24167278010015417,0.0,0.0,0.0,0.0,0.0,0.0,0.0,0.0,0.0,0.0,0.006839048849999999
8105.0,1.0305349904011984,0.405525808,0.281096739,0.19646079452793588,0.7113245933062543,0.0,0.1227496025670083,0.0,0.0,0.0,0.0,0.0,0.0,0.0,0.0,0.0,0.0,0.006839048849999999
8106.0,1.0077057610282238,0.432839861,0.356811986,0.20969334458590447,0.7980124164423194,0.0,0.0,0.0,0.0,0.0,0.0,0.0,0.0,0.0,0.10491211313839173,0.0,0.0,3.675e-09
8107.0,0.9886547022275117,0.407988221,0.404971836,0.19765373368222003,0.7910009685452918,0.0,0.0,0.0,0.0,0.0,0.0,0.0,0.0,0.0,0.2337936540034497,0.0,0.0,3.675e-09
8108.0,0.9757937914208975,0.333612167,0.424749426,0.16162155428836836,0.8141722371325291,0.0,0.0,0.0,0.0,0.0,0.0,0.0,0.0,0.0,0.2606702309137294,0.0,0.0,3.675e-09
8109.0,0.9665263710896087,0.221769408,0.443284669,0.10743827701755047,0.8590880940720583,0.0,0.0,0.0,0.0,0.0,0.0,0.0,0.0,0.0,0.2626584193064641,0.0,0.0,3.675e-09
8110.0,0.9737934530101091,0.105225566,0.483590649,0.050977515840401846,0.9228159371697072,0.0,0.0,0.0,0.0,0.0,0.0,0.0,0.0,0.0,0.30092619143119603,0.0,0.0,3.675e-09
8111.0,1.0123539341050731,0.028917397,0.542320184,0.014009305149574476,0.9983446289554987,0.0,0.0,0.0,0.0,0.0,0.0,0.0,0.0,0.0,0.37401453002276697,0.0,0.0,3.675e-09
8112.0,1.0475345326439085,0.00246052,0.575866087,0.0011920220726170819,1.0463425105712914,0.0,0.0,0.0,0.0,0.0,0.0,0.0,0.0,0.0,0.4109056652395956,0.0,0.0,3.675e-09
8113.0,1.0601595862062965,0.0,0.584299516,0.0,1.0601595862062965,0.0,0.0,0.0,0.0,0.0,0.0,0.0,0.0,0.0,0.4184296605645143,0.0,0.0,3.675e-09
8114.0,1.059249532716823,0.0,0.574625585,0.0,1.059249532716823,0.0,0.0,0.0,0.0,0.0,0.0,0.0,0.0,0.0,0.39485951176232154,0.0,0.0,3.675e-09
8115.0,1.04846238779324,0.0,0.557147919,0.0,1.04846238779324,0.0,0.0,0.0,0.0,0.0,0.0,0.0,0.0,0.0,0.36141884492394555,0.0,0.0,3.675e-09
8116.0,1.020292988438235,0.0,0.529696891,0.0,1.020292988438235,0.0,0.0,0.0,0.0,0.0,0.0,0.0,0.0,0.0,0.3201225101782831,0.0,0.0,3.675e-09
8117.0,0.9771933610586812,0.0,0.492609404,0.0,0.9771933610586812,0.0,0.0,0.0,0.0,0.0,0.0,0.0,0.0,0.0,0.2693710253006223,0.0,0.0,3.675e-09
8118.0,0.9377539771291641,0.0,0.456068919,0.0,0.9377539771291641,0.0,0.0,0.0,0.0,0.0,0.0,0.0,0.0,0.0,0.21634350362210863,0.0,0.0,3.675e-09
8119.0,0.9082895852636143,0.0,0.424255923,0.0,0.9082895852636143,0.0,0.0,0.0,0.0,0.0,0.0,0.0,0.0,0.0,0.1653040571220575,0.0,0.0,3.675e-09
8120.0,0.8908850795073139,0.0,0.397471655,0.0,0.8908850795073139,0.0,0.0,0.0,0.0,0.0,0.0,0.0,0.0,0.0,0.11493008700601526,0.0,0.0,3.675e-09
8121.0,0.8805362745846768,0.0,0.375189915,0.0,0.8805362745846768,0.0,0.0,0.0,0.0,0.0,0.0,0.0,0.0,0.0,0.06889421204926136,0.0,0.0,3.675e-09
8122.0,0.8804517219499571,0.0,0.360448492,0.0,0.8804517219499571,0.0,0.0,0.0,0.0,0.0,0.0,0.0,0.0,0.0,0.03167510631521411,0.0,0.0,3.675e-09
8123.0,0.8945097206375598,0.0,0.350810793,0.0,0.8877383122476193,0.0,0.006771408389940429,0.0,0.0,0.0,0.0,0.0,0.0,0.0,0.0,0.0,0.0,0.006839048849999999
8124.0,0.923146384815996,0.002095682,0.345458757,0.0010152728696317492,0.8741948081692585,0.0,0.04793630377710571,0.0,0.0,0.0,0.0,0.0,0.0,0.0,0.0,0.0,0.0,0.006839048849999999
8125.0,0.959864507607134,0.02814891,0.336315202,0.013637004389361478,0.8510567398839898,0.0,0.09517076333378284,0.0,0.0,0.0,0.0,0.0,0.0,0.0,0.0,0.0,0.0,0.006839048849999999
8126.0,0.9896003580367763,0.096228197,0.331625769,0.046618655744373086,0.8391899746079902,0.0,0.10379172768441308,0.0,0.0,0.0,0.0,0.0,0.0,0.0,0.0,0.0,0.0,0.006839048849999999
8127.0,0.9968429637998873,0.20505351,0.312824379,0.09934010290004044,0.7916124354913151,0.0,0.10589042540853186,0.0,0.0,0.0,0.0,0.0,0.0,0.0,0.0,0.0,0.0,0.006839048849999999
8128.0,0.9871794802849749,0.314051031,0.298253498,0.1521449778421437,0.7547403392930065,0.0,0.08029416314982471,0.0,0.0,0.0,0.0,0.0,0.0,0.0,0.0,0.0,0.0,0.006839048849999999
8129.0,0.9679214900624469,0.390572104,0.32660458,0.18921633187964107,0.7787051581828058,0.0,0.0,0.0,0.0,0.0,0.0,0.0,0.0,0.0,0.047778531620724735,0.0,0.0,3.675e-09
8130.0,0.9473907596541771,0.418530432,0.360373156,0.20276100702532907,0.744629752628848,0.0,0.0,0.0,0.0,0.0,0.0,0.0,0.0,0.0,0.16730643539712306,0.0,0.0,3.675e-09
8131.0,0.9281505700915821,0.394183561,0.367184977,0.1909659362146221,0.73718463387696,0.0,0.0,0.0,0.0,0.0,0.0,0.0,0.0,0.0,0.19198909244183363,0.0,0.0,3.675e-09
8132.0,0.9113779847631317,0.321735815,0.352573005,0.15586794378076424,0.7555100409823674,0.0,0.0,0.0,0.0,0.0,0.0,0.0,0.0,0.0,0.13668760700382618,0.0,0.0,3.675e-09
8133.0,0.9016566486034744,0.214902819,0.342496214,0.10411169334759872,0.7975449552558757,0.0,0.0,0.0,0.0,0.0,0.0,0.0,0.0,0.0,0.06915303988693482,0.0,0.0,3.675e-09
8134.0,0.9097269810537746,0.103542342,0.362249536,0.05016206213095879,0.8595649189228158,0.0,0.0,0.0,0.0,0.0,0.0,0.0,0.0,0.0,0.05711951074102075,0.0,0.0,3.675e-09
8135.0,0.9519477045988506,0.027095809,0.411955946,0.013126819698038049,0.9388208849008125,0.0,0.0,0.0,0.0,0.0,0.0,0.0,0.0,0.0,0.10364725895247949,0.0,0.0,3.675e-09
8136.0,0.9918699301791464,0.001641513,0.454718414,0.0007952464229056802,0.9910746837562407,0.0,0.0,0.0,0.0,0.0,0.0,0.0,0.0,0.0,0.15960529943422583,0.0,0.0,3.675e-09
8137.0,1.0054651147082634,0.0,0.476958682,0.0,1.0054651147082634,0.0,0.0,0.0,0.0,0.0,0.0,0.0,0.0,0.0,0.20149460209420386,0.0,0.0,3.675e-09
8138.0,1.0078236901502993,0.0,0.490560151,0.0,1.0078236901502993,0.0,0.0,0.0,0.0,0.0,0.0,0.0,0.0,0.0,0.23355499372809913,0.0,0.0,3.675e-09
8139.0,1.0001227188937984,0.0,0.498523017,0.0,1.0001227188937984,0.0,0.0,0.0,0.0,0.0,0.0,0.0,0.0,0.0,0.26140626071251377,0.0,0.0,3.675e-09
8140.0,0.9774381196327986,0.0,0.491434534,0.0,0.9774381196327986,0.0,0.0,0.0,0.0,0.0,0.0,0.0,0.0,0.0,0.2661532193410718,0.0,0.0,3.675e-09
8141.0,0.9439552492858141,0.0,0.479287956,0.0,0.9439552492858141,0.0,0.0,0.0,0.0,0.0,0.0,0.0,0.0,0.0,0.26889877239775256,0.0,0.0,3.675e-09
8142.0,0.90835188757338,0.0,0.46231827,0.0,0.90835188757338,0.0,0.0,0.0,0.0,0.0,0.0,0.0,0.0,0.0,0.26155978253603746,0.0,0.0,3.675e-09
8143.0,0.8788340947279556,0.0,0.446957849,0.0,0.8788340947279556,0.0,0.0,0.0,0.0,0.0,0.0,0.0,0.0,0.0,0.25220752210475783,0.0,0.0,3.675e-09
8144.0,0.8586593755184979,0.0,0.434471367,0.0,0.8586593755184979,0.0,0.0,0.0,0.0,0.0,0.0,0.0,0.0,0.0,0.24078478571201478,0.0,0.0,3.675e-09
8145.0,0.8475095438986467,0.0,0.424344053,0.0,0.8475095438986467,0.0,0.0,0.0,0.0,0.0,0.0,0.0,0.0,0.0,0.22630711436629528,0.0,0.0,3.675e-09
8146.0,0.8461455755807291,0.0,0.417210879,0.0,0.8461455755807291,0.0,0.0,0.0,0.0,0.0,0.0,0.0,0.0,0.0,0.20962034999843543,0.0,0.0,3.675e-09
8147.0,0.8540801792489456,0.0,0.403961515,0.0,0.8540801792489456,0.0,0.0,0.0,0.0,0.0,0.0,0.0,0.0,0.0,0.16815779260014552,0.0,0.0,3.675e-09
8148.0,0.8703343236066007,0.001799457,0.396241437,0.0008717638802876288,0.8694625597263131,0.0,0.0,0.0,0.0,0.0,0.0,0.0,0.0,0.0,0.13323949945734315,0.0,0.0,3.675e-09
8149.0,0.8983435180221324,0.024776763,0.38815293,0.012003336036285919,0.8863401819858465,0.0,0.0,0.0,0.0,0.0,0.0,0.0,0.0,0.0,0.09589364276471729,0.0,0.0,3.675e-09
8150.0,0.926661997154133,0.090747043,0.361596914,0.04396325909999978,0.8826987380541333,0.0,0.0,0.0,0.0,0.0,0.0,0.0,0.0,0.0,0.03233421005789233,0.0,0.0,3.675e-09
8151.0,0.9383347204097253,0.201080528,0.303821791,0.09741535437610635,0.768831088861023,0.0,0.07208827717259594,0.0,0.0,0.0,0.0,0.0,0.0,0.0,0.0,0.0,0.0,0.006839048849999999
8152.0,0.9303066637768226,0.312519897,0.246124794,0.15140320556468428,0.6228269300364797,0.0,0.15607652817565856,0.0,0.0,0.0,0.0,0.0,0.0,0.0,0.0,0.0,0.0,0.006839048849999999
8153.0,0.9178373654888866,0.388780608,0.221266219,0.18834842478073308,0.5599214839791776,0.0,0.16956745672897594,0.0,0.0,0.0,0.0,0.0,0.0,0.0,0.0,0.0,0.0,0.006839048849999999
8154.0,0.9074373834189607,0.416692564,0.2246758,0.20187063457456395,0.5685495414472145,0.0,0.13701720739718226,0.0,0.0,0.0,0.0,0.0,0.0,0.0,0.0,0.0,0.0,0.006839048849999999
8155.0,0.8981610617577808,0.39115538,0.231448039,0.18949890542768288,0.5856869161801449,0.0,0.12297524014995301,0.0,0.0,0.0,0.0,0.0,0.0,0.0,0.0,0.0,0.0,0.006839048849999999
8156.0,0.8907048490753974,0.31784003,0.239231978,0.15398059407006467,0.6053844312178263,0.0,0.13133982378750636,0.0,0.0,0.0,0.0,0.0,0.0,0.0,0.0,0.0,0.0,0.006839048849999999
8157.0,0.8876631770581477,0.211637448,0.250813614,0.10252975363270769,0.6346921440957088,0.0,0.1504412793297312,0.0,0.0,0.0,0.0,0.0,0.0,0.0,0.0,0.0,0.0,0.006839048849999999
8158.0,0.9038283181161373,0.102410751,0.279948053,0.04961385222038101,0.7084178053986699,0.0,0.14579666049708642,0.0,0.0,0.0,0.0,0.0,0.0,0.0,0.0,0.0,0.0,0.006839048849999999
8159.0,0.9517452238419801,0.026722194,0.327650909,0.01294581839479287,0.8291314599378882,0.0,0.10966794550929908,0.0,0.0,0.0,0.0,0.0,0.0,0.0,0.0,0.0,0.0,0.006839048849999999
8160.0,0.9952720640601538,0.001819193,0.366789687,0.0008813251712444879,0.9281734319024003,0.0,0.06621730698650903,0.0,0.0,0.0,0.0,0.0,0.0,0.0,0.0,0.0,0.0,0.006839048849999999
8161.0,1.0130615068376763,0.0,0.392443165,0.0,0.993090406286941,0.0,0.01997110055073523,0.0,0.0,0.0,0.0,0.0,0.0,0.0,0.0,0.0,0.0,0.006839048849999999
8162.0,1.0163234612716543,0.0,0.414554872,0.0,1.0163234612716543,0.0,0.0,0.0,0.0,0.0,0.0,0.0,0.0,0.0,0.032721350765550904,0.0,0.0,3.675e-09
8163.0,1.0007768896466023,0.0,0.435060756,0.0,1.0007768896466023,0.0,0.0,0.0,0.0,0.0,0.0,0.0,0.0,0.0,0.10015873993824145,0.0,0.0,3.675e-09
8164.0,0.9615177361490016,0.0,0.450015753,0.0,0.9615177361490016,0.0,0.0,0.0,0.0,0.0,0.0,0.0,0.0,0.0,0.17726200787404384,0.0,0.0,3.675e-09
8165.0,0.9151250036805494,0.0,0.460332357,0.0,0.9151250036805494,0.0,0.0,0.0,0.0,0.0,0.0,0.0,0.0,0.0,0.24976124791248133,0.0,0.0,3.675e-09
8166.0,0.8721588812504935,0.0,0.464773975,0.0,0.8721588812504935,0.0,0.0,0.0,0.0,0.0,0.0,0.0,0.0,0.0,0.30396703156632593,0.0,0.0,3.675e-09
8167.0,0.8427434416997219,0.0,0.464174021,0.0,0.8427434416997219,0.0,0.0,0.0,0.0,0.0,0.0,0.0,0.0,0.0,0.3318642676809043,0.0,0.0,3.675e-09
8168.0,0.8243154039968181,0.0,0.45663726,0.0,0.8243154039968181,0.0,0.0,0.0,0.0,0.0,0.0,0.0,0.0,0.0,0.33122028244877344,0.0,0.0,3.675e-09
8169.0,0.818904030375131,0.0,0.442985608,0.0,0.8189040303751309,0.0,0.0,0.0,0.0,0.0,0.0,0.0,0.0,0.0,0.3020856992535851,0.0,0.0,3.675e-09
8170.0,0.8279689699495494,0.0,0.429450029,0.0,0.8279689699495495,0.0,0.0,0.0,0.0,0.0,0.0,0.0,0.0,0.0,0.2587685294270767,0.0,0.0,3.675e-09
8171.0,0.8626711785024765,0.0,0.415041974,0.0,0.8626711785024765,0.0,0.0,0.0,0.0,0.0,0.0,0.0,0.0,0.0,0.1876062612531477,0.0,0.0,3.675e-09
8172.0,0.9376137976821347,0.001538511,0.405722585,0.0007453461345423648,0.9368684515475925,0.0,0.0,0.0,0.0,0.0,0.0,0.0,0.0,0.0,0.0898259661713097,0.0,0.0,3.675e-09
8173.0,1.0070693909353527,0.021826836,0.394877368,0.010574216136179806,0.9964951747991729,0.0,0.0,0.0,0.0,0.0,0.0,0.0,0.0,0.0,0.0027550626731447756,0.0,0.0,3.675e-09
8174.0,1.0297517653638422,0.082255534,0.261273459,0.03984946764216705,0.661161127752867,0.0,0.3287411699688082,0.0,0.0,0.0,0.0,0.0,0.0,0.0,0.0,0.0,0.0,0.006839048849999999
8175.0,1.0291665714183353,0.185786254,1.147583673,0.09000589938583863,0.9391606720324968,0.0,0.0,0.0,0.0,0.0,0.0,0.0,0.0,0.0,1.9648377606267398,0.0,0.0,3.675e-09
8176.0,1.0219840421325546,0.292875817,0.189420571,0.1418864461169839,0.4793350186478452,0.0,0.40076257736772547,0.0,0.0,0.0,0.0,0.0,0.0,0.0,0.0,0.0,0.0,0.006839048849999999
8177.0,1.0093055865903675,0.365098566,0.25309494,0.17687543663650143,0.6404651149772707,0.0,0.19196503497659545,0.0,0.0,0.0,0.0,0.0,0.0,0.0,0.0,0.0,0.0,0.006839048849999999
8178.0,0.9969163912721302,0.392357844,0.265700161,0.1900814504301732,0.6723630435454154,0.0,0.1344718972965415,0.0,0.0,0.0,0.0,0.0,0.0,0.0,0.0,0.0,0.0,0.006839048849999999
8179.0,0.990109898677605,0.36995349,0.59450085,0.17922745026324635,0.8108824484143586,0.0,0.0,0.0,0.0,0.0,0.0,0.0,0.0,0.0,0.6935216113797056,0.0,0.0,3.675e-09
8180.0,0.9779120589537614,0.303022145,1.40492473,0.14680193021465948,0.8311101287391021,0.0,0.0,0.0,0.0,0.0,0.0,0.0,0.0,0.0,2.724098358375895,0.0,0.0,3.675e-09
8181.0,0.9761386774572326,0.202479242,1.467051239,0.09809297453821782,0.8780457029190147,0.0,0.0,0.0,0.0,0.0,0.0,0.0,0.0,0.0,2.8343759696109943,0.0,0.0,3.675e-09
8182.0,0.9886302270700473,0.096477107,0.862691096,0.04673924253663453,0.9418909845334128,0.0,0.0,0.0,0.0,0.0,0.0,0.0,0.0,0.0,1.2411773612403416,0.0,0.0,3.675e-09
8183.0,1.029429129652461,0.02579601,0.634117802,0.012497119838672709,1.0169320098137882,0.0,0.0,0.0,0.0,0.0,0.0,0.0,0.0,0.0,0.5877240570639777,0.0,0.0,3.675e-09
8184.0,1.0645696772064095,0.001852028,0.451293976,0.0008972323960402147,1.0636724448103694,0.0,0.0,0.0,0.0,0.0,0.0,0.0,0.0,0.0,0.07834188478227123,0.0,0.0,3.675e-09
8185.0,1.079190619514565,0.0,0.471517419,0.0,1.079190619514565,0.0,0.0,0.0,0.0,0.0,0.0,0.0,0.0,0.0,0.11399980133549573,0.0,0.0,3.675e-09
8186.0,1.0734410353539992,0.0,0.489816866,0.0,1.0734410353539992,0.0,0.0,0.0,0.0,0.0,0.0,0.0,0.0,0.0,0.16605674125305725,0.0,0.0,3.675e-09
8187.0,1.0510011936671921,0.0,0.506489949,0.0,1.0510011936671921,0.0,0.0,0.0,0.0,0.0,0.0,0.0,0.0,0.0,0.2306883708144878,0.0,0.0,3.675e-09
8188.0,1.0053916872360207,0.0,0.516741605,0.0,1.0053916872360207,0.0,0.0,0.0,0.0,0.0,0.0,0.0,0.0,0.0,0.3022400317539535,0.0,0.0,3.675e-09
8189.0,0.9473462580043444,0.0,0.521722871,0.0,0.9473462580043444,0.0,0.0,0.0,0.0,0.0,0.0,0.0,0.0,0.0,0.37289071931842127,0.0,0.0,3.675e-09
8190.0,0.8984525468142412,0.0,0.519028431,0.0,0.8984525468142412,0.0,0.0,0.0,0.0,0.0,0.0,0.0,0.0,0.0,0.4149660609891677,0.0,0.0,3.675e-09
8191.0,0.8639861955055405,0.0,0.521227068,0.0,0.8639861955055405,0.0,0.0,0.0,0.0,0.0,0.0,0.0,0.0,0.0,0.4549961359305824,0.0,0.0,3.675e-09
8192.0,0.8457072365797078,0.0,0.520418029,0.0,0.8457072365797078,0.0,0.0,0.0,0.0,0.0,0.0,0.0,0.0,0.0,0.47122779491372924,0.0,0.0,3.675e-09
8193.0,0.8370672860113235,0.0,0.507751344,0.0,0.8370672860113235,0.0,0.0,0.0,0.0,0.0,0.0,0.0,0.0,0.0,0.44781428022948583,0.0,0.0,3.675e-09
8194.0,0.8455270061477913,0.0,0.494798729,0.0,0.8455270061477913,0.0,0.0,0.0,0.0,0.0,0.0,0.0,0.0,0.0,0.40657753952029807,0.0,0.0,3.675e-09
8195.0,0.8774033744352514,0.0,0.48681934,0.0,0.8774033744352515,0.0,0.0,0.0,0.0,0.0,0.0,0.0,0.0,0.0,0.3545090635070439,0.0,0.0,3.675e-09
8196.0,0.9517941751568337,0.001499736,0.484738706,0.0007265612208388683,0.9510676139359949,0.0,0.0,0.0,0.0,0.0,0.0,0.0,0.0,0.0,0.27557971086719313,0.0,0.0,3.675e-09
8197.0,1.0188600423130956,0.02153709,0.474263472,0.010433845959366568,1.008426196353729,0.0,0.0,0.0,0.0,0.0,0.0,0.0,0.0,0.0,0.19171320241891968,0.0,0.0,3.675e-09
8198.0,1.03671846289784,0.079789824,0.444663093,0.03865493122520125,0.9980635316726388,0.0,0.0,0.0,0.0,0.0,0.0,0.0,0.0,0.0,0.12717112921941126,0.0,0.0,3.675e-09
8199.0,1.0291354207634147,0.181796523,0.376612015,0.08807303665121154,0.9410623841122031,0.0,0.0,0.0,0.0,0.0,0.0,0.0,0.0,0.0,0.011966773597534546,0.0,0.0,3.675e-09
8200.0,1.0163412619315872,0.285407432,0.341946984,0.1382683167106786,0.8653081504659513,0.0,0.012764794754957398,0.0,0.0,0.0,0.0,0.0,0.0,0.0,0.0,0.0,0.0,0.006839048849999999
8201.0,0.9814098706319654,0.358643116,0.391356637,0.17374803312477383,0.8076618375071916,0.0,0.0,0.0,0.0,0.0,0.0,0.0,0.0,0.0,0.18267907374659717,0.0,0.0,3.675e-09
8202.0,0.9843736655119514,0.387448107,0.455512372,0.18770288212967376,0.7966707833822776,0.0,0.0,0.0,0.0,0.0,0.0,0.0,0.0,0.0,0.3560183367816785,0.0,0.0,3.675e-09
8203.0,0.9740626867416909,0.367283689,0.494704664,0.17793404004040925,0.7961286467012817,0.0,0.0,0.0,0.0,0.0,0.0,0.0,0.0,0.0,0.4557378643737798,0.0,0.0,3.675e-09
8204.0,0.9677301344680533,0.302878304,0.494990947,0.14673224508836613,0.8209978893796872,0.0,0.0,0.0,0.0,0.0,0.0,0.0,0.0,0.0,0.43159307029363964,0.0,0.0,3.675e-09
8205.0,0.9757314901110565,0.205339406,0.473099499,0.09947860790811718,0.8762528822029393,0.0,0.0,0.0,0.0,0.0,0.0,0.0,0.0,0.0,0.3209410444031166,0.0,0.0,3.675e-09
8206.0,0.978283645979996,0.099694304,0.456904775,0.04829784390380792,0.9299858020761881,0.0,0.0,0.0,0.0,0.0,0.0,0.0,0.0,0.0,0.22622683992305115,0.0,0.0,3.675e-09
8207.0,1.0203285887581768,0.025869399,0.481437414,0.012532673830466027,1.0077959149277107,0.0,0.0,0.0,0.0,0.0,0.0,0.0,0.0,0.0,0.2104973813028257,0.0,0.0,3.675e-09
8208.0,1.058330577897458,0.001613382,0.491158805,0.000781618095184389,1.0575489598022736,0.0,0.0,0.0,0.0,0.0,0.0,0.0,0.0,0.0,0.18534463781932958,0.0,0.0,3.675e-09
8209.0,1.072121568685914,0.0,0.495594694,0.0,1.072121568685914,0.0,0.0,0.0,0.0,0.0,0.0,0.0,0.0,0.0,0.18199719273553222,0.0,0.0,3.675e-09
8210.0,1.066652343419407,0.0,0.503383525,0.0,1.066652343419407,0.0,0.0,0.0,0.0,0.0,0.0,0.0,0.0,0.0,0.20717631240748866,0.0,0.0,3.675e-09
8211.0,1.0465955533320248,0.0,0.510531101,0.0,1.0465955533320248,0.0,0.0,0.0,0.0,0.0,0.0,0.0,0.0,0.0,0.2453202799178915,0.0,0.0,3.675e-09
8212.0,1.0005321320724097,0.0,0.516527264,0.0,1.0005321320724097,0.0,0.0,0.0,0.0,0.0,0.0,0.0,0.0,0.0,0.3065571899292671,0.0,0.0,3.675e-09
8213.0,0.9408557256237443,0.0,0.525922262,0.0,0.9408557256237443,0.0,0.0,0.0,0.0,0.0,0.0,0.0,0.0,0.0,0.3900079494893822,0.0,0.0,3.675e-09
8214.0,0.8935329141733749,0.0,0.530231288,0.0,0.8935329141733749,0.0,0.0,0.0,0.0,0.0,0.0,0.0,0.0,0.0,0.44823489372300696,0.0,0.0,3.675e-09
8215.0,0.8677843915702468,0.0,0.528797458,0.0,0.8677843915702468,0.0,0.0,0.0,0.0,0.0,0.0,0.0,0.0,0.0,0.4703550620974497,0.0,0.0,3.675e-09
8216.0,0.8391477273918106,0.0,0.521723602,0.0,0.8391477273918106,0.0,0.0,0.0,0.0,0.0,0.0,0.0,0.0,0.0,0.4810910997506276,0.0,0.0,3.675e-09
8217.0,0.828925750921291,0.0,0.520734431,0.0,0.8289257509212908,0.0,0.0,0.0,0.0,0.0,0.0,0.0,0.0,0.0,0.4888099462958824,0.0,0.0,3.675e-09
8218.0,0.8355141859315982,0.0,0.532960542,0.0,0.8355141859315983,0.0,0.0,0.0,0.0,0.0,0.0,0.0,0.0,0.0,0.5131600894623644,0.0,0.0,3.675e-09
8219.0,0.8643444315368629,0.0,0.538782385,0.0,0.8643444315368629,0.0,0.0,0.0,0.0,0.0,0.0,0.0,0.0,0.0,0.4990622100844713,0.0,0.0,3.675e-09
8220.0,0.9347634812592786,0.001506721,0.536910411,0.0007299451698322641,0.9340335360894463,0.0,0.0,0.0,0.0,0.0,0.0,0.0,0.0,0.0,0.4246360134227195,0.0,0.0,3.675e-09
8221.0,0.9978731722438716,0.019734721,0.531086931,0.009560671333270956,0.9883125009106006,0.0,0.0,0.0,0.0,0.0,0.0,0.0,0.0,0.0,0.3556205398915618,0.0,0.0,3.675e-09
8222.0,1.0143564983482967,0.076297699,0.517624277,0.036963138400782865,0.9773933599475138,0.0,0.0,0.0,0.0,0.0,0.0,0.0,0.0,0.0,0.33247198972653186,0.0,0.0,3.675e-09
8223.0,1.0120491000535499,0.17279439,0.471492779,0.08371186859054361,0.9283372314630064,0.0,0.0,0.0,0.0,0.0,0.0,0.0,0.0,0.0,0.2647908370522625,0.0,0.0,3.675e-09
8224.0,1.0068624595135367,0.273432724,0.415996166,0.1324670567131397,0.874395402800397,0.0,0.0,0.0,0.0,0.0,0.0,0.0,0.0,0.0,0.1782966513643119,0.0,0.0,3.675e-09
8225.0,0.9965247787534519,0.344940544,0.427204246,0.16710969314963656,0.8294150856038153,0.0,0.0,0.0,0.0,0.0,0.0,0.0,0.0,0.0,0.2516393856280797,0.0,0.0,3.675e-09
8226.0,0.9850767885795336,0.373553791,0.489407719,0.18097164996902618,0.8041051386105074,0.0,0.0,0.0,0.0,0.0,0.0,0.0,0.0,0.0,0.4343572779834348,0.0,0.0,3.675e-09
8227.0,0.9784683270768582,0.3525929,0.545814035,0.17081694903844208,0.807651378038416,0.0,0.0,0.0,0.0,0.0,0.0,0.0,0.0,0.0,0.5735490864295146,0.0,0.0,3.675e-09
8228.0,0.974447623762913,0.289361273,0.565606027,0.14018379219700602,0.8342638315659071,0.0,0.0,0.0,0.0,0.0,0.0,0.0,0.0,0.0,0.5970209231367836,0.0,0.0,3.675e-09
8229.0,0.9700597830877542,0.19646637,0.563286212,0.09517998210417086,0.8748798009835832,0.0,0.0,0.0,0.0,0.0,0.0,0.0,0.0,0.0,0.5505345851502969,0.0,0.0,3.675e-09
8230.0,0.9852013921991405,0.097882498,0.569985356,0.04742009743424048,0.9377812947649,0.0,0.0,0.0,0.0,0.0,0.0,0.0,0.0,0.0,0.5045854967873156,0.0,0.0,3.675e-09
8231.0,1.0225625605806055,0.02738668,0.605898434,0.01326773489168988,1.0092948256889156,0.0,0.0,0.0,0.0,0.0,0.0,0.0,0.0,0.0,0.523951197310826,0.0,0.0,3.675e-09
8232.0,1.054147443811605,0.001919887,0.6471164,0.0009301073272847168,1.0532173364843203,0.0,0.0,0.0,0.0,0.0,0.0,0.0,0.0,0.0,0.5843321124682248,0.0,0.0,3.675e-09
8233.0,1.0637508508491869,0.0,0.673467752,0.0,1.0637508508491869,0.0,0.0,0.0,0.0,0.0,0.0,0.0,0.0,0.0,0.6404815657220964,0.0,0.0,3.675e-09
8234.0,1.0544166775431867,0.0,0.691797936,0.0,1.0544166775431867,0.0,0.0,0.0,0.0,0.0,0.0,0.0,0.0,0.0,0.6962008757799989,0.0,0.0,3.675e-09
8235.0,1.0050512508647067,0.0,0.706458732,0.0,1.0050512508647067,0.0,0.0,0.0,0.0,0.0,0.0,0.0,0.0,0.0,0.7826659315375839,0.0,0.0,3.675e-09
8236.0,0.9844515436491398,0.0,0.725662729,0.0,0.9844515436491398,0.0,0.0,0.0,0.0,0.0,0.0,0.0,0.0,0.0,0.8518619881966764,0.0,0.0,3.675e-09
8237.0,0.9230573825162554,0.0,0.743520895,0.0,0.9230573825162554,0.0,0.0,0.0,0.0,0.0,0.0,0.0,0.0,0.0,0.9584468289238396,0.0,0.0,3.675e-09
8238.0,0.8710619218316473,0.0,0.761292979,0.0,0.8710619218316473,0.0,0.0,0.0,0.0,0.0,0.0,0.0,0.0,0.0,1.055415135855179,0.0,0.0,3.675e-09
8239.0,0.8367134996450218,0.0,0.783446568,0.0,0.8367134996450218,0.0,0.0,0.0,0.0,0.0,0.0,0.0,0.0,0.0,1.1458239475780165,0.0,0.0,3.675e-09
8240.0,0.812845162498021,0.0,0.816279395,0.0,0.812845162498021,0.0,0.0,0.0,0.0,0.0,0.0,0.0,0.0,0.0,1.2527768391597438,0.0,0.0,3.675e-09
8241.0,0.8011524137499852,0.0,0.826718923,0.0,0.8011524137499852,0.0,0.0,0.0,0.0,0.0,0.0,0.0,0.0,0.0,1.2908871587245982,0.0,0.0,3.675e-09
8242.0,0.8036823192939708,0.0,0.810141185,0.0,0.8036823192939708,0.0,0.0,0.0,0.0,0.0,0.0,0.0,0.0,0.0,1.2464067389813438,0.0,0.0,3.675e-09
8243.0,0.829804653755844,0.0,0.790749004,0.0,0.829804653755844,0.0,0.0,0.0,0.0,0.0,0.0,0.0,0.0,0.0,1.1712118492411034,0.0,0.0,3.675e-09
8244.0,0.8988619599928526,0.001246749,0.770109485,0.0006039992875543683,0.8982579607052982,0.0,0.0,0.0,0.0,0.0,0.0,0.0,0.0,0.0,1.0505295569574875,0.0,0.0,3.675e-09
8245.0,0.9615978381187757,0.018728918,0.738770655,0.009073400603220204,0.9525244375155555,0.0,0.0,0.0,0.0,0.0,0.0,0.0,0.0,0.0,0.9169591345242828,0.0,0.0,3.675e-09
8246.0,0.9833657083928458,0.072981177,0.686714853,0.035356418102504394,0.9480092902903413,0.0,0.0,0.0,0.0,0.0,0.0,0.0,0.0,0.0,0.7897453534146829,0.0,0.0,3.675e-09
8247.0,0.9878136255453352,0.169439893,0.593727201,0.08208675094609133,0.905726874599244,0.0,0.0,0.0,0.0,0.0,0.0,0.0,0.0,0.0,0.5967194408174058,0.0,0.0,3.675e-09
8248.0,0.9882408393838796,0.267751228,0.587126251,0.12971460250123099,0.8585262368826487,0.0,0.0,0.0,0.0,0.0,0.0,0.0,0.0,0.0,0.6272161562797309,0.0,0.0,3.675e-09
8249.0,0.9828428167571047,0.336438431,0.726229948,0.16299076448419808,0.8198520522729066,0.0,0.0,0.0,0.0,0.0,0.0,0.0,0.0,0.0,1.0178968460091264,0.0,0.0,3.675e-09
8250.0,0.9751062451806626,0.359365747,0.851978644,0.1740981185141864,0.8010081266664763,0.0,0.0,0.0,0.0,0.0,0.0,0.0,0.0,0.0,1.3549520050834478,0.0,0.0,3.675e-09
8251.0,0.9711589683390355,0.337023791,0.908237539,0.16327434764565468,0.8078846206933809,0.0,0.0,0.0,0.0,0.0,0.0,0.0,0.0,0.0,1.4904405052151353,0.0,0.0,3.675e-09
8252.0,0.9687625667446234,0.272433088,0.897188381,0.13198277364428326,0.8367797931003401,0.0,0.0,0.0,0.0,0.0,0.0,0.0,0.0,0.0,1.4335850731171995,0.0,0.0,3.675e-09
8253.0,0.9660390797738092,0.180116385,0.819409549,0.08725907798351418,0.878780001790295,0.0,0.0,0.0,0.0,0.0,0.0,0.0,0.0,0.0,1.1947629580719545,0.0,0.0,3.675e-09
8254.0,0.9752798001151229,0.084977052,0.746169996,0.04116793265241882,0.9341118674627041,0.0,0.0,0.0,0.0,0.0,0.0,0.0,0.0,0.0,0.9540959816579839,0.0,0.0,3.675e-09
8255.0,1.0121336526882694,0.021821835,0.710358394,0.010571793354659983,1.0015618593336093,0.0,0.0,0.0,0.0,0.0,0.0,0.0,0.0,0.0,0.7960235467131465,0.0,0.0,3.675e-09
8256.0,1.042588200013067,0.001307811,0.692046884,0.0006335813481749462,1.041954618664892,0.0,0.0,0.0,0.0,0.0,0.0,0.0,0.0,0.0,0.7092929058044707,0.0,0.0,3.675e-09
8257.0,1.0525476182494613,0.0,0.678121664,0.0,1.0525476182494613,0.0,0.0,0.0,0.0,0.0,0.0,0.0,0.0,0.0,0.6634616765327181,0.0,0.0,3.675e-09
8258.0,1.0473587528769377,0.0,0.664476832,0.0,1.0473587528769377,0.0,0.0,0.0,0.0,0.0,0.0,0.0,0.0,0.0,0.6341218433238892,0.0,0.0,3.675e-09
8259.0,1.024416045046833,0.0,0.654821558,0.0,1.024416045046833,0.0,0.0,0.0,0.0,0.0,0.0,0.0,0.0,0.0,0.6326315610177745,0.0,0.0,3.675e-09
8260.0,0.9781545916954435,0.0,0.639547615,0.0,0.9781545916954435,0.0,0.0,0.0,0.0,0.0,0.0,0.0,0.0,0.0,0.6402417965311019,0.0,0.0,3.675e-09
8261.0,0.9184937610742009,0.0,0.626532687,0.0,0.9184937610742009,0.0,0.0,0.0,0.0,0.0,0.0,0.0,0.0,0.0,0.6669679214725671,0.0,0.0,3.675e-09
8262.0,0.8642954802220093,0.0,0.605781367,0.0,0.8642954802220093,0.0,0.0,0.0,0.0,0.0,0.0,0.0,0.0,0.0,0.6686543008630774,0.0,0.0,3.675e-09
8263.0,0.8259174543914722,0.0,0.580217485,0.0,0.8259174543914722,0.0,0.0,0.0,0.0,0.0,0.0,0.0,0.0,0.0,0.6423420779498215,0.0,0.0,3.675e-09
8264.0,0.8011635389124623,0.0,0.553712727,0.0,0.8011635389124623,0.0,0.0,0.0,0.0,0.0,0.0,0.0,0.0,0.0,0.6000248268542853,0.0,0.0,3.675e-09
8265.0,0.7880178195467683,0.0,0.519988162,0.0,0.7880178195467683,0.0,0.0,0.0,0.0,0.0,0.0,0.0,0.0,0.0,0.5278294192883882,0.0,0.0,3.675e-09
8266.0,0.7897466993934644,0.0,0.49407644,0.0,0.7897466993934644,0.0,0.0,0.0,0.0,0.0,0.0,0.0,0.0,0.0,0.46053007007557556,0.0,0.0,3.675e-09
8267.0,0.8148922273911526,0.0,0.473558236,0.0,0.8148922273911526,0.0,0.0,0.0,0.0,0.0,0.0,0.0,0.0,0.0,0.38346254836285276,0.0,0.0,3.675e-09
8268.0,0.8806675537017397,0.001322161,0.454952158,0.0006405333407383291,0.8800270203610013,0.0,0.0,0.0,0.0,0.0,0.0,0.0,0.0,0.0,0.2712444597508783,0.0,0.0,3.675e-09
8269.0,0.941383067924431,0.018854551,0.431418964,0.009134264692538356,0.9322488032318927,0.0,0.0,0.0,0.0,0.0,0.0,0.0,0.0,0.0,0.15947115127069433,0.0,0.0,3.675e-09
8270.0,0.9645950094861174,0.072617662,0.385640874,0.035180309839321244,0.9294146996467961,0.0,0.0,0.0,0.0,0.0,0.0,0.0,0.0,0.0,0.04646228432745935,0.0,0.0,3.675e-09
8271.0,0.9754422308870311,0.161763679,0.318522884,0.07836793682463232,0.8060326908311634,0.0,0.09104160323123547,0.0,0.0,0.0,0.0,0.0,0.0,0.0,0.0,0.0,0.0,0.006839048849999999
8272.0,0.9831877027934398,0.256814867,0.31380498,0.12441637948084969,0.7940938787481887,0.0,0.06467744456440137,0.0,0.0,0.0,0.0,0.0,0.0,0.0,0.0,0.0,0.0,0.006839048849999999
8273.0,0.9824111532535396,0.326783087,0.394371581,0.15831314220650441,0.8240980110470352,0.0,0.0,0.0,0.0,0.0,0.0,0.0,0.0,0.0,0.17387231569649048,0.0,0.0,3.675e-09
8274.0,0.9764679886660697,0.354388828,0.469800905,0.17168700326146447,0.8047809854046052,0.0,0.0,0.0,0.0,0.0,0.0,0.0,0.0,0.0,0.3840657400070161,0.0,0.0,3.675e-09
8275.0,0.9729902024803092,0.332436731,0.49046856,0.1610521032548678,0.8119380992254414,0.0,0.0,0.0,0.0,0.0,0.0,0.0,0.0,0.0,0.429208810598739,0.0,0.0,3.675e-09
8276.0,0.968784818069502,0.265764674,0.475500434,0.12875219771832097,0.840032620351181,0.0,0.0,0.0,0.0,0.0,0.0,0.0,0.0,0.0,0.36323695166615,0.0,0.0,3.675e-09
8277.0,0.9646061346485945,0.171935217,0.437570074,0.08329563414408651,0.881310500504508,0.0,0.0,0.0,0.0,0.0,0.0,0.0,0.0,0.0,0.2259750412571046,0.0,0.0,3.675e-09
8278.0,0.9717107857971866,0.079776213,0.412638147,0.0386483372481434,0.9330624485490432,0.0,0.0,0.0,0.0,0.0,0.0,0.0,0.0,0.0,0.11113202749367383,0.0,0.0,3.675e-09
8279.0,0.9983448867323239,0.020508357,0.408712976,0.009935466574996768,0.988409420157327,0.0,0.0,0.0,0.0,0.0,0.0,0.0,0.0,0.0,0.04585228087289685,0.0,0.0,3.675e-09
8280.0,1.0188222161607192,0.001413638,0.40164138,0.0006848502343773944,1.016366793509699,0.0,0.0017705724166429443,0.0,0.0,0.0,0.0,0.0,0.0,0.0,0.0,0.0,0.0,0.006839048849999999
8281.0,1.0170710849891444,0.0,0.38678498,0.0,0.978772182040389,0.0,0.038298902948755494,0.0,0.0,0.0,0.0,0.0,0.0,0.0,0.0,0.0,0.0,0.006839048849999999
8282.0,1.0036850577142786,0.0,0.370504319,0.0,0.93757343101332,0.0,0.06611162670095862,0.0,0.0,0.0,0.0,0.0,0.0,0.0,0.0,0.0,0.0,0.006839048849999999
8283.0,0.9835259133323188,0.0,0.361426707,0.0,0.9146022336701449,0.0,0.06892367966217383,0.0,0.0,0.0,0.0,0.0,0.0,0.0,0.0,0.0,0.0,0.006839048849999999
8284.0,0.9457264059498324,0.0,0.356707696,0.0,0.9026606202870642,0.0,0.04306578566276819,0.0,0.0,0.0,0.0,0.0,0.0,0.0,0.0,0.0,0.0,0.006839048849999999
8285.0,0.8970129251916459,0.0,0.351351919,0.0,0.8891076494844966,0.0,0.007905275707149292,0.0,0.0,0.0,0.0,0.0,0.0,0.0,0.0,0.0,0.0,0.006839048849999999
8286.0,0.845524781315281,0.0,0.343622256,0.0,0.845524781315281,0.0,0.0,0.0,0.0,0.0,0.0,0.0,0.0,0.0,0.024022700344325194,0.0,0.0,3.675e-09
8287.0,0.8060764960558726,0.0,0.336496748,0.0,0.8060764960558725,0.0,0.0,0.0,0.0,0.0,0.0,0.0,0.0,0.0,0.04543965198445435,0.0,0.0,3.675e-09
8288.0,0.7790285322771032,0.0,0.330725356,0.0,0.7790285322771032,0.0,0.0,0.0,0.0,0.0,0.0,0.0,0.0,0.0,0.05788291745965869,0.0,0.0,3.675e-09
8289.0,0.760912003123254,0.0,0.318703964,0.0,0.760912003123254,0.0,0.0,0.0,0.0,0.0,0.0,0.0,0.0,0.0,0.04557891663583679,0.0,0.0,3.675e-09
8290.0,0.7547018296367127,0.0,0.31316943,0.0,0.7547018296367127,0.0,0.0,0.0,0.0,0.0,0.0,0.0,0.0,0.0,0.037783768820199584,0.0,0.0,3.675e-09
8291.0,0.762600831985063,0.0,0.310545352,0.0,0.762600831985063,0.0,0.0,0.0,0.0,0.0,0.0,0.0,0.0,0.0,0.02324445032021338,0.0,0.0,3.675e-09
8292.0,0.7831582643831572,0.001545997,0.312565881,0.0007489727977012139,0.7824092915854559,0.0,0.0,0.0,0.0,0.0,0.0,0.0,0.0,0.0,0.008549006168884278,0.0,0.0,3.675e-09
8293.0,0.8121353649329074,0.020521804,0.302130035,0.00994198110071104,0.7645500443602776,0.0,0.0376433394719187,0.0,0.0,0.0,0.0,0.0,0.0,0.0,0.0,0.0,0.0,0.006839048849999999
8294.0,0.8475429203860024,0.064344747,0.281101271,0.031172418302213258,0.7113360616821178,0.0,0.10503444040167138,0.0,0.0,0.0,0.0,0.0,0.0,0.0,0.0,0.0,0.0,0.006839048849999999
8295.0,0.8793058102163326,0.13426103,0.261131491,0.06504401965938265,0.6608018730342894,0.0,0.15345991752266053,0.0,0.0,0.0,0.0,0.0,0.0,0.0,0.0,0.0,0.0,0.006839048849999999
8296.0,0.9018747061876922,0.212608349,0.285279559,0.10300011576035795,0.7219093576331477,0.0,0.07696523279418652,0.0,0.0,0.0,0.0,0.0,0.0,0.0,0.0,0.0,0.0,0.006839048849999999
8297.0,0.913146915594715,0.268908022,0.345606739,0.1302750222423715,0.7828718933523435,0.0,0.0,0.0,0.0,0.0,0.0,0.0,0.0,0.0,0.09169738816136255,0.0,0.0,3.675e-09
8298.0,0.9161173859721569,0.285821002,0.376602781,0.13846867458973353,0.7776487113824233,0.0,0.0,0.0,0.0,0.0,0.0,0.0,0.0,0.0,0.1753570793849656,0.0,0.0,3.675e-09
8299.0,0.9131224404372505,0.262848248,0.391256354,0.12733930769297905,0.7857831327442715,0.0,0.0,0.0,0.0,0.0,0.0,0.0,0.0,0.0,0.20430400906187318,0.0,0.0,3.675e-09
8300.0,0.9097625823736407,0.208143581,0.400377408,0.10083711687999346,0.8089254654936473,0.0,0.0,0.0,0.0,0.0,0.0,0.0,0.0,0.0,0.2042428050732063,0.0,0.0,3.675e-09
8301.0,0.9073372549568184,0.137380777,0.419532155,0.06655541045684862,0.8407818444999697,0.0,0.0,0.0,0.0,0.0,0.0,0.0,0.0,0.0,0.2208581467568176,0.0,0.0,3.675e-09
8302.0,0.9157658244383658,0.069054938,0.445451721,0.03345431466486925,0.8823115097734966,0.0,0.0,0.0,0.0,0.0,0.0,0.0,0.0,0.0,0.2449188003507915,0.0,0.0,3.675e-09
8303.0,0.9470814749377082,0.021536951,0.460954975,0.01043377861950829,0.9366476963182,0.0,0.0,0.0,0.0,0.0,0.0,0.0,0.0,0.0,0.22981411071247362,0.0,0.0,3.675e-09
8304.0,0.9698929036507499,0.001713069,0.469552217,0.000829912400596651,0.9690629912501532,0.0,0.0,0.0,0.0,0.0,0.0,0.0,0.0,0.0,0.21915442095388904,0.0,0.0,3.675e-09
8305.0,0.9705737753934534,0.0,0.486441233,0.0,0.9705737753934534,0.0,0.0,0.0,0.0,0.0,0.0,0.0,0.0,0.0,0.2603818502821538,0.0,0.0,3.675e-09
8306.0,0.9605587303447498,0.0,0.504140173,0.0,0.9605587303447497,0.0,0.0,0.0,0.0,0.0,0.0,0.0,0.0,0.0,0.31518464826687376,0.0,0.0,3.675e-09
8307.0,0.9448764289376894,0.0,0.528896161,0.0,0.9448764289376894,0.0,0.0,0.0,0.0,0.0,0.0,0.0,0.0,0.0,0.39351279593540384,0.0,0.0,3.675e-09
8308.0,0.9137588105301213,0.0,0.560115777,0.0,0.9137588105301213,0.0,0.0,0.0,0.0,0.0,0.0,0.0,0.0,0.0,0.5036326849967678,0.0,0.0,3.675e-09
8309.0,0.8698915339406337,0.0,0.596734032,0.0,0.8698915339406337,0.0,0.0,0.0,0.0,0.0,0.0,0.0,0.0,0.0,0.6401636667509735,0.0,0.0,3.675e-09
8310.0,0.8274082521614317,0.0,0.634550212,0.0,0.8274082521614317,0.0,0.0,0.0,0.0,0.0,0.0,0.0,0.0,0.0,0.778342042520206,0.0,0.0,3.675e-09
8311.0,0.7916135338546795,0.0,0.664703658,0.0,0.7916135338546795,0.0,0.0,0.0,0.0,0.0,0.0,0.0,0.0,0.0,0.8904410530397971,0.0,0.0,3.675e-09
8312.0,0.7640760549275247,0.0,0.676783281,0.0,0.7640760549275247,0.0,0.0,0.0,0.0,0.0,0.0,0.0,0.0,0.0,0.9485464174156971,0.0,0.0,3.675e-09
8313.0,0.74644459125704,0.0,0.667767429,0.0,0.74644459125704,0.0,0.0,0.0,0.0,0.0,0.0,0.0,0.0,0.0,0.9433629694652779,0.0,0.0,3.675e-09
8314.0,0.7377868400287224,0.0,0.654682289,0.0,0.7377868400287224,0.0,0.0,0.0,0.0,0.0,0.0,0.0,0.0,0.0,0.9189083412260579,0.0,0.0,3.675e-09
8315.0,0.7400719879985154,0.0,0.641339568,0.0,0.7400719879985154,0.0,0.0,0.0,0.0,0.0,0.0,0.0,0.0,0.0,0.8828589965505754,0.0,0.0,3.675e-09
8316.0,0.7555807334711906,0.001392112,0.626604399,0.000674421761072908,0.7549063117101177,0.0,0.0,0.0,0.0,0.0,0.0,0.0,0.0,0.0,0.8307368404240124,0.0,0.0,3.675e-09
8317.0,0.7793578424860156,0.016984278,0.608356427,0.008228193334524696,0.771129649151491,0.0,0.0,0.0,0.0,0.0,0.0,0.0,0.0,0.0,0.7683364064153115,0.0,0.0,3.675e-09
8318.0,0.8142825582881813,0.05506352,0.596906689,0.026676040526389604,0.7876065177617916,0.0,0.0,0.0,0.0,0.0,0.0,0.0,0.0,0.0,0.7228855971777125,0.0,0.0,3.675e-09
8319.0,0.8454580283405696,0.124397888,0.62444263,0.06026572768477705,0.7851923006557925,0.0,0.0,0.0,0.0,0.0,0.0,0.0,0.0,0.0,0.7949804235387697,0.0,0.0,3.675e-09
8320.0,0.8687322722120218,0.202552259,0.68089553,0.09812834831110985,0.7706039239009118,0.0,0.0,0.0,0.0,0.0,0.0,0.0,0.0,0.0,0.952424730520072,0.0,0.0,3.675e-09
8321.0,0.8810547155554723,0.260380467,0.721144396,0.1261437679605708,0.7549109475949015,0.0,0.0,0.0,0.0,0.0,0.0,0.0,0.0,0.0,1.0699687931828255,0.0,0.0,3.675e-09
8322.0,0.8907604758877071,0.286907275,0.769315147,0.13899492976867456,0.7517655461190326,0.0,0.0,0.0,0.0,0.0,0.0,0.0,0.0,0.0,1.1950118729676977,0.0,0.0,3.675e-09
8323.0,0.8958492127980883,0.27678342,0.808383031,0.1340903329273667,0.7617588798707216,0.0,0.0,0.0,0.0,0.0,0.0,0.0,0.0,0.0,1.283881111569208,0.0,0.0,3.675e-09
8324.0,0.8951972678777196,0.23085739,0.829700523,0.11184103543428625,0.7833562324434333,0.0,0.0,0.0,0.0,0.0,0.0,0.0,0.0,0.0,1.3162283774262722,0.0,0.0,3.675e-09
8325.0,0.8931435264872071,0.15968241,0.82253913,0.07735964646850693,0.8157838800187001,0.0,0.0,0.0,0.0,0.0,0.0,0.0,0.0,0.0,1.2656785880525865,0.0,0.0,3.675e-09
8326.0,0.9092752920577657,0.083147468,0.798020811,0.040281573463423384,0.8689937185943424,0.0,0.0,0.0,0.0,0.0,0.0,0.0,0.0,0.0,1.1504243324791787,0.0,0.0,3.675e-09
8327.0,0.95205895822347,0.02377803,0.769610766,0.011519490434278587,0.9405394677891914,0.0,0.0,0.0,0.0,0.0,0.0,0.0,0.0,0.0,1.0069860249525255,0.0,0.0,3.675e-09
8328.0,0.9862872264555096,0.001428488,0.772303432,0.0006920444566468186,0.9855951819988628,0.0,0.0,0.0,0.0,0.0,0.0,0.0,0.0,0.0,0.9687441910965483,0.0,0.0,3.675e-09
8329.0,0.9976884911470095,0.0,0.77422165,0.0,0.9976884911470095,0.0,0.0,0.0,0.0,0.0,0.0,0.0,0.0,0.0,0.96150499602876,0.0,0.0,3.675e-09
8330.0,0.995318790542497,0.0,0.772911822,0.0,0.995318790542497,0.0,0.0,0.0,0.0,0.0,0.0,0.0,0.0,0.0,0.9605601335660675,0.0,0.0,3.675e-09
8331.0,0.9731726577447362,0.0,0.770621135,0.0,0.9731726577447362,0.0,0.0,0.0,0.0,0.0,0.0,0.0,0.0,0.0,0.9769096071622184,0.0,0.0,3.675e-09
8332.0,0.9302332363045799,0.0,0.77156878,0.0,0.9302332363045799,0.0,0.0,0.0,0.0,0.0,0.0,0.0,0.0,0.0,1.0222470756114639,0.0,0.0,3.675e-09
8333.0,0.8798353763496051,0.0,0.767878203,0.0,0.8798353763496051,0.0,0.0,0.0,0.0,0.0,0.0,0.0,0.0,0.0,1.0633058084284663,0.0,0.0,3.675e-09
8334.0,0.8313889044904897,0.0,0.776335311,0.0,0.8313889044904897,0.0,0.0,0.0,0.0,0.0,0.0,0.0,0.0,0.0,1.1331532717400192,0.0,0.0,3.675e-09
8335.0,0.7969692796641321,0.0,0.776396459,0.0,0.7969692796641321,0.0,0.0,0.0,0.0,0.0,0.0,0.0,0.0,0.0,1.1677276336024105,0.0,0.0,3.675e-09
8336.0,0.773875267224521,0.0,0.770110073,0.0,0.773875267224521,0.0,0.0,0.0,0.0,0.0,0.0,0.0,0.0,0.0,1.1749137383917085,0.0,0.0,3.675e-09
8337.0,0.7618532082675729,0.0,0.765033605,0.0,0.7618532082675729,0.0,0.0,0.0,0.0,0.0,0.0,0.0,0.0,0.0,1.1740896272067387,0.0,0.0,3.675e-09
8338.0,0.7681635102162564,0.0,0.757102454,0.0,0.7681635102162564,0.0,0.0,0.0,0.0,0.0,0.0,0.0,0.0,0.0,1.1477092853863886,0.0,0.0,3.675e-09
8339.0,0.7998151464219673,0.0,0.744577765,0.0,0.7998151464219673,0.0,0.0,0.0,0.0,0.0,0.0,0.0,0.0,0.0,1.0843635095015534,0.0,0.0,3.675e-09
8340.0,0.8656371982149729,0.001024543,0.74234162,0.000496349499433178,0.8651408487155396,0.0,0.0,0.0,0.0,0.0,0.0,0.0,0.0,0.0,1.0133791683409583,0.0,0.0,3.675e-09
8341.0,0.9370931308789041,0.015758326,0.727055373,0.007634269349363407,0.9294588615295406,0.0,0.0,0.0,0.0,0.0,0.0,0.0,0.0,0.0,0.9103788020100282,0.0,0.0,3.675e-09
8342.0,0.9720067205186681,0.068102133,0.701355696,0.03299271931474004,0.9390140012039281,0.0,0.0,0.0,0.0,0.0,0.0,0.0,0.0,0.0,0.835789779853898,0.0,0.0,3.675e-09
8343.0,0.9906060893234465,0.154962476,0.712784035,0.07507303001779901,0.9155330593056474,0.0,0.0,0.0,0.0,0.0,0.0,0.0,0.0,0.0,0.888190511502358,0.0,0.0,3.675e-09
8344.0,1.0048888210927234,0.245194144,0.785179407,0.1187866108482968,0.8861022102444266,0.0,0.0,0.0,0.0,0.0,0.0,0.0,0.0,0.0,1.1008202433693839,0.0,0.0,3.675e-09
8345.0,1.0104425979940255,0.311063951,0.870763909,0.15069785882150052,0.859744739172525,0.0,0.0,0.0,0.0,0.0,0.0,0.0,0.0,0.0,1.343752126848355,0.0,0.0,3.675e-09
8346.0,1.0075833822411273,0.339513047,0.891092558,0.1644802911439374,0.84310309109719,0.0,0.0,0.0,0.0,0.0,0.0,0.0,0.0,0.0,1.411836093443047,0.0,0.0,3.675e-09
8347.0,1.0038230123287974,0.325848225,0.875934948,0.1578602395116062,0.8459627728171912,0.0,0.0,0.0,0.0,0.0,0.0,0.0,0.0,0.0,1.3706195783883661,0.0,0.0,3.675e-09
8348.0,0.9976395398321559,0.273115625,0.839746365,0.13231343511802776,0.8653261047141282,0.0,0.0,0.0,0.0,0.0,0.0,0.0,0.0,0.0,1.2596798405310436,0.0,0.0,3.675e-09
8349.0,0.9924706989521511,0.188235859,0.783500817,0.09119263358397282,0.9012780653681783,0.0,0.0,0.0,0.0,0.0,0.0,0.0,0.0,0.0,1.0813966607432581,0.0,0.0,3.675e-09
8350.0,1.0008859184387113,0.093659232,0.717485546,0.04537409647081272,0.9555118219678985,0.0,0.0,0.0,0.0,0.0,0.0,0.0,0.0,0.0,0.8601090778945001,0.0,0.0,3.675e-09
8351.0,1.0319301093740365,0.02559833,0.682220724,0.012401351902092251,1.0195287574719443,0.0,0.0,0.0,0.0,0.0,0.0,0.0,0.0,0.0,0.7068533441873651,0.0,0.0,3.675e-09
8352.0,1.0643716461145598,0.001878051,0.667072774,0.0009098394833208359,1.063461806631239,0.0,0.0,0.0,0.0,0.0,0.0,0.0,0.0,0.0,0.6245879066428267,0.0,0.0,3.675e-09
8353.0,1.076542784848504,0.0,0.659960988,0.0,1.076542784848504,0.0,0.0,0.0,0.0,0.0,0.0,0.0,0.0,0.0,0.5935103187810397,0.0,0.0,3.675e-09
8354.0,1.0703170355345402,0.0,0.642036364,0.0,1.0703170355345402,0.0,0.0,0.0,0.0,0.0,0.0,0.0,0.0,0.0,0.5543772143341009,0.0,0.0,3.675e-09
8355.0,1.0464731745449285,0.0,0.612288481,0.0,1.0464731745449285,0.0,0.0,0.0,0.0,0.0,0.0,0.0,0.0,0.0,0.5029430736934731,0.0,0.0,3.675e-09
8356.0,0.9992215647343665,0.0,0.582332592,0.0,0.9992215647343666,0.0,0.0,0.0,0.0,0.0,0.0,0.0,0.0,0.0,0.4743903158124828,0.0,0.0,3.675e-09
8357.0,0.9375292440474903,0.0,0.554928697,0.0,0.9375292440474903,0.0,0.0,0.0,0.0,0.0,0.0,0.0,0.0,0.0,0.46673617401377954,0.0,0.0,3.675e-09
8358.0,0.8832575357230558,0.0,0.527430551,0.0,0.8832575357230558,0.0,0.0,0.0,0.0,0.0,0.0,0.0,0.0,0.0,0.4514229145804557,0.0,0.0,3.675e-09
8359.0,0.8424030063283325,0.0,0.50236107,0.0,0.8424030063283325,0.0,0.0,0.0,0.0,0.0,0.0,0.0,0.0,0.0,0.42883829331066725,0.0,0.0,3.675e-09
8360.0,0.8168169144971125,0.0,0.481386985,0.0,0.8168169144971125,0.0,0.0,0.0,0.0,0.0,0.0,0.0,0.0,0.0,0.40134876948134507,0.0,0.0,3.675e-09
8361.0,0.8036066669892177,0.0,0.461098223,0.0,0.8036066669892177,0.0,0.0,0.0,0.0,0.0,0.0,0.0,0.0,0.0,0.3632176338423602,0.0,0.0,3.675e-09
8362.0,0.8055513795876211,0.0,0.4511485,0.0,0.8055513795876211,0.0,0.0,0.0,0.0,0.0,0.0,0.0,0.0,0.0,0.33609481817643994,0.0,0.0,3.675e-09
8363.0,0.8345707559547688,0.0,0.448745352,0.0,0.8345707559547688,0.0,0.0,0.0,0.0,0.0,0.0,0.0,0.0,0.0,0.3009941963283379,0.0,0.0,3.675e-09
8364.0,0.9019236575025458,0.0015456,0.444754751,0.0007487804673146172,0.9011748770352312,0.0,0.0,0.0,0.0,0.0,0.0,0.0,0.0,0.0,0.2242917274567527,0.0,0.0,3.675e-09
8365.0,0.9689539233389416,0.024110353,0.437451813,0.011680487439480063,0.9572734358994616,0.0,0.0,0.0,0.0,0.0,0.0,0.0,0.0,0.0,0.14971284249101305,0.0,0.0,3.675e-09
8366.0,0.9957549047110078,0.086090603,0.429957775,0.04170740291520263,0.9540475017958052,0.0,0.0,0.0,0.0,0.0,0.0,0.0,0.0,0.0,0.13397486562389294,0.0,0.0,3.675e-09
8367.0,1.005198105809192,0.182100971,0.452680188,0.08822052935030121,0.9169775764588909,0.0,0.0,0.0,0.0,0.0,0.0,0.0,0.0,0.0,0.2285446084388098,0.0,0.0,3.675e-09
8368.0,1.0135243219960868,0.284575963,0.547984872,0.1378655037277738,0.8756588182683129,0.0,0.0,0.0,0.0,0.0,0.0,0.0,0.0,0.0,0.5110350210130449,0.0,0.0,3.675e-09
8369.0,1.013295139249392,0.358164629,0.58529359,0.17351622559406477,0.8397789136553274,0.0,0.0,0.0,0.0,0.0,0.0,0.0,0.0,0.0,0.6413258702443804,0.0,0.0,3.675e-09
8370.0,1.0056253196477365,0.388167316,0.587053084,0.18805130969897818,0.8175740099487583,0.0,0.0,0.0,0.0,0.0,0.0,0.0,0.0,0.0,0.6679832317006452,0.0,0.0,3.675e-09
8371.0,1.0009860459009288,0.369567186,0.591375849,0.17904030165452123,0.8219457442464074,0.0,0.0,0.0,0.0,0.0,0.0,0.0,0.0,0.0,0.6745503971800706,0.0,0.0,3.675e-09
8372.0,0.9958683831681375,0.304543213,0.59592099,0.14753882592367687,0.8483295572444607,0.0,0.0,0.0,0.0,0.0,0.0,0.0,0.0,0.0,0.6596682137805898,0.0,0.0,3.675e-09
8373.0,0.9932049726746539,0.204781668,0.580650635,0.09920840648454114,0.8939965661901128,0.0,0.0,0.0,0.0,0.0,0.0,0.0,0.0,0.0,0.5753590665495232,0.0,0.0,3.675e-09
8374.0,1.00056328272733,0.100952153,0.552701457,0.048907220690836396,0.9516560620364937,0.0,0.0,0.0,0.0,0.0,0.0,0.0,0.0,0.0,0.4469732515547222,0.0,0.0,3.675e-09
8375.0,1.0354345965496967,0.02960217,0.516423188,0.014341049874564403,1.0210935466751323,0.0,0.0,0.0,0.0,0.0,0.0,0.0,0.0,0.0,0.2857324075669739,0.0,0.0,3.675e-09
8376.0,1.0669215771509888,0.002167366,0.504920279,0.0010500008581274668,1.0658715762928612,0.0,0.0,0.0,0.0,0.0,0.0,0.0,0.0,0.0,0.2118458863481958,0.0,0.0,3.675e-09
8377.0,1.0802608779435114,0.0,0.507960019,0.0,1.0802608779435114,0.0,0.0,0.0,0.0,0.0,0.0,0.0,0.0,0.0,0.2051487472852329,0.0,0.0,3.675e-09
8378.0,1.0752900691552811,0.0,0.503133182,0.0,1.0752900691552811,0.0,0.0,0.0,0.0,0.0,0.0,0.0,0.0,0.0,0.197905085431808,0.0,0.0,3.675e-09
8379.0,1.054142994146584,0.0,0.502926894,0.0,1.054142994146584,0.0,0.0,0.0,0.0,0.0,0.0,0.0,0.0,0.0,0.2185301418350028,0.0,0.0,3.675e-09
8380.0,1.008344355953605,0.0,0.508769208,0.0,1.008344355953605,0.0,0.0,0.0,0.0,0.0,0.0,0.0,0.0,0.0,0.27911294879778564,0.0,0.0,3.675e-09
8381.0,0.9517051718571684,0.0,0.502493626,0.0,0.9517051718571684,0.0,0.0,0.0,0.0,0.0,0.0,0.0,0.0,0.0,0.31987156512317433,0.0,0.0,3.675e-09
8382.0,0.898341293189622,0.0,0.500878462,0.0,0.898341293189622,0.0,0.0,0.0,0.0,0.0,0.0,0.0,0.0,0.0,0.3691482178787086,0.0,0.0,3.675e-09
8383.0,0.8606285632743659,0.0,0.503692732,0.0,0.8606285632743659,0.0,0.0,0.0,0.0,0.0,0.0,0.0,0.0,0.0,0.4139825510908424,0.0,0.0,3.675e-09
8384.0,0.8355475624189539,0.0,0.504647157,0.0,0.8355475624189539,0.0,0.0,0.0,0.0,0.0,0.0,0.0,0.0,0.0,0.4414787559695437,0.0,0.0,3.675e-09
8385.0,0.8227467280896702,0.0,0.50497885,0.0,0.8227467280896702,0.0,0.0,0.0,0.0,0.0,0.0,0.0,0.0,0.0,0.4551189504037041,0.0,0.0,3.675e-09
8386.0,0.8269521125004773,0.0,0.508690091,0.0,0.8269521125004773,0.0,0.0,0.0,0.0,0.0,0.0,0.0,0.0,0.0,0.4603049840661836,0.0,0.0,3.675e-09
8387.0,0.8552394409775576,0.0,0.513524973,0.0,0.8552394409775574,0.0,0.0,0.0,0.0,0.0,0.0,0.0,0.0,0.0,0.44425248436928966,0.0,0.0,3.675e-09
8388.0,0.9239985876605742,0.001772702,0.512938958,0.0008588021687173631,0.9231397854918568,0.0,0.0,0.0,0.0,0.0,0.0,0.0,0.0,0.0,0.37486920951923036,0.0,0.0,3.675e-09
8389.0,0.9899630447330443,0.024719326,0.503245481,0.01197551014103414,0.9779875345920102,0.0,0.0,0.0,0.0,0.0,0.0,0.0,0.0,0.0,0.29549179632806605,0.0,0.0,3.675e-09
8390.0,1.0157160170011932,0.087631681,0.479808437,0.04245399265705581,0.9732620243441374,0.0,0.0,0.0,0.0,0.0,0.0,0.0,0.0,0.0,0.24090909172112035,0.0,0.0,3.675e-09
8391.0,1.020559996337382,0.187105669,0.500057419,0.09064510240103137,0.9299148939363506,0.0,0.0,0.0,0.0,0.0,0.0,0.0,0.0,0.0,0.33549694067034763,0.0,0.0,3.675e-09
8392.0,1.0232056061709323,0.290599655,0.569864143,0.1407837380126595,0.8824218681582727,0.0,0.0,0.0,0.0,0.0,0.0,0.0,0.0,0.0,0.5596381898891887,0.0,0.0,3.675e-09
8393.0,1.0187443390234554,0.364535983,0.606988671,0.17660288800707385,0.8421414510163816,0.0,0.0,0.0,0.0,0.0,0.0,0.0,0.0,0.0,0.6938634527636611,0.0,0.0,3.675e-09
8394.0,1.0094969431846856,0.393326414,0.626613531,0.19055068328293387,0.8189462599017518,0.0,0.0,0.0,0.0,0.0,0.0,0.0,0.0,0.0,0.7667200010603539,0.0,0.0,3.675e-09
8395.0,1.0017358954508542,0.371295934,0.642328498,0.17987780989423993,0.8218580855566142,0.0,0.0,0.0,0.0,0.0,0.0,0.0,0.0,0.0,0.8035754190592724,0.0,0.0,3.675e-09
8396.0,0.997018744566783,0.305423284,0.640073869,0.1479651846029277,0.8490535599638552,0.0,0.0,0.0,0.0,0.0,0.0,0.0,0.0,0.0,0.770674531411782,0.0,0.0,3.675e-09
8397.0,0.9939748477170229,0.208060436,0.608770576,0.10079683650217584,0.8931780112148472,0.0,0.0,0.0,0.0,0.0,0.0,0.0,0.0,0.0,0.6473360620914751,0.0,0.0,3.675e-09
8398.0,1.0024590430109552,0.104405375,0.555257628,0.05058016659074654,0.9518788764202086,0.0,0.0,0.0,0.0,0.0,0.0,0.0,0.0,0.0,0.45321891241360435,0.0,0.0,3.675e-09
8399.0,1.0375061376002173,0.028874287,0.525174773,0.013988420104319601,1.0235177174958976,0.0,0.0,0.0,0.0,0.0,0.0,0.0,0.0,0.0,0.3054544119848696,0.0,0.0,3.675e-09
8400.0,1.074722676869632,0.001867018,0.512161492,0.0009044944426273304,1.0738181824270048,0.0,0.0,0.0,0.0,0.0,0.0,0.0,0.0,0.0,0.22222340916194788,0.0,0.0,3.675e-09
8401.0,1.0893769946652185,0.0,0.494732235,0.0,1.0893769946652185,0.0,0.0,0.0,0.0,0.0,0.0,0.0,0.0,0.0,0.16255928573705689,0.0,0.0,3.675e-09
8402.0,1.0874523075592588,0.0,0.472366997,0.0,1.0874523075592588,0.0,0.0,0.0,0.0,0.0,0.0,0.0,0.0,0.0,0.10788799851352587,0.0,0.0,3.675e-09
8403.0,1.069070996338698,0.0,0.458634588,0.0,1.069070996338698,0.0,0.0,0.0,0.0,0.0,0.0,0.0,0.0,0.0,0.09151899465825024,0.0,0.0,3.675e-09
8404.0,1.0225981619004716,0.0,0.449093387,0.0,1.0225981619004716,0.0,0.0,0.0,0.0,0.0,0.0,0.0,0.0,0.0,0.11384750445890686,0.0,0.0,3.675e-09
8405.0,0.9655651404528464,0.0,0.438999064,0.0,0.9655651404528464,0.0,0.0,0.0,0.0,0.0,0.0,0.0,0.0,0.0,0.1453365077574032,0.0,0.0,3.675e-09
8406.0,0.9151250036805494,0.0,0.430983368,0.0,0.9151250036805494,0.0,0.0,0.0,0.0,0.0,0.0,0.0,0.0,0.0,0.1754926607398113,0.0,0.0,3.675e-09
8407.0,0.87650444510833,0.0,0.422924751,0.0,0.87650444510833,0.0,0.0,0.0,0.0,0.0,0.0,0.0,0.0,0.0,0.19372062251233643,0.0,0.0,3.675e-09
8408.0,0.8508338006423903,0.0,0.410282136,0.0,0.8508338006423903,0.0,0.0,0.0,0.0,0.0,0.0,0.0,0.0,0.0,0.18739871165659192,0.0,0.0,3.675e-09
8409.0,0.8381931722525044,0.0,0.402151221,0.0,0.8381931722525044,0.0,0.0,0.0,0.0,0.0,0.0,0.0,0.0,0.0,0.17946379076704383,0.0,0.0,3.675e-09
8410.0,0.8421626984191607,0.0,0.398093711,0.0,0.8421626984191607,0.0,0.0,0.0,0.0,0.0,0.0,0.0,0.0,0.0,0.1652266013722273,0.0,0.0,3.675e-09
8411.0,0.86898148045116,0.0,0.396347473,0.0,0.8689814804511599,0.0,0.0,0.0,0.0,0.0,0.0,0.0,0.0,0.0,0.13398890633687963,0.0,0.0,3.675e-09
8412.0,0.9357336122260075,0.000876292,0.396151782,0.00042452790713254433,0.9353090843188748,0.0,0.0,0.0,0.0,0.0,0.0,0.0,0.0,0.0,0.06716609992258264,0.0,0.0,3.675e-09
8413.0,1.007323048839512,0.014603253,0.393763961,0.007074683362871109,0.9964327242408342,0.0,0.0038156412358066405,0.0,0.0,0.0,0.0,0.0,0.0,0.0,0.0,0.0,0.0,0.006839048849999999
8414.0,1.039395223386311,0.069406878,0.38255336,0.03362481531035755,0.9680639276997842,0.0,0.03770648037616931,0.0,0.0,0.0,0.0,0.0,0.0,0.0,0.0,0.0,0.0,0.006839048849999999
8415.0,1.0531261366975118,0.162870321,0.403013439,0.07890405995733807,0.9742220767401736,0.0,0.0,0.0,0.0,0.0,0.0,0.0,0.0,0.0,0.04561675744007605,0.0,0.0,3.675e-09
8416.0,1.0619218425403483,0.261935825,0.47267944,0.12689727578282853,0.9350245667575198,0.0,0.0,0.0,0.0,0.0,0.0,0.0,0.0,0.0,0.2611063866585852,0.0,0.0,3.675e-09
8417.0,1.0561277577298747,0.333186713,0.526991246,0.16141543909366024,0.8947123186362144,0.0,0.0,0.0,0.0,0.0,0.0,0.0,0.0,0.0,0.4388564558379221,0.0,0.0,3.675e-09
8418.0,1.047165171450109,0.360825871,0.555563176,0.17480548932879386,0.8723596821213151,0.0,0.0,0.0,0.0,0.0,0.0,0.0,0.0,0.0,0.5335113060303156,0.0,0.0,3.675e-09
8419.0,1.0387032264811307,0.343550878,0.567595227,0.16643645637628562,0.872266770104845,0.0,0.0,0.0,0.0,0.0,0.0,0.0,0.0,0.0,0.5640517209764268,0.0,0.0,3.675e-09
8420.0,1.0300076481005118,0.284850523,0.569182314,0.13799851690395518,0.8920091311965567,0.0,0.0,0.0,0.0,0.0,0.0,0.0,0.0,0.0,0.548325536019781,0.0,0.0,3.675e-09
8421.0,1.025234870404131,0.193287035,0.534289237,0.09363972333925774,0.9315951470648733,0.0,0.0,0.0,0.0,0.0,0.0,0.0,0.0,0.0,0.4204414349636855,0.0,0.0,3.675e-09
8422.0,1.0320858646484885,0.09446825,0.457817982,0.04576603285545684,0.9863198317930317,0.0,0.0,0.0,0.0,0.0,0.0,0.0,0.0,0.0,0.1722037107175061,0.0,0.0,3.675e-09
8423.0,1.0633303125080986,0.024901796,0.420345921,0.012063909449956823,1.0512664030581418,0.0,0.0,0.0,0.0,0.0,0.0,0.0,0.0,0.0,0.012432849971143188,0.0,0.0,3.675e-09
8424.0,1.09624801440202,0.00151821,0.411203404,0.0007355111240176793,1.0405638114373408,0.0,0.0549486918406615,0.0,0.0,0.0,0.0,0.0,0.0,0.0,0.0,0.0,0.0,0.006839048849999999
8425.0,1.1081276680795034,0.0,0.402345854,0.0,1.0181494882621445,0.0,0.089978179817359,0.0,0.0,0.0,0.0,0.0,0.0,0.0,0.0,0.0,0.0,0.006839048849999999
8426.0,1.1047700358483288,0.0,0.395745236,0.0,1.0014464061448525,0.0,0.10332362970347632,0.0,0.0,0.0,0.0,0.0,0.0,0.0,0.0,0.0,0.0,0.006839048849999999
8427.0,1.0897797323463738,0.0,0.393833778,0.0,0.996609398468033,0.0,0.09317033387834082,0.0,0.0,0.0,0.0,0.0,0.0,0.0,0.0,0.0,0.0,0.006839048849999999
8428.0,1.047463331004101,0.0,0.392134124,0.0,0.9923083678171174,0.0,0.055154963186983645,0.0,0.0,0.0,0.0,0.0,0.0,0.0,0.0,0.0,0.0,0.006839048849999999
8429.0,0.9943397592458014,0.0,0.398041244,0.0,0.9943397592458014,0.0,0.0,0.0,0.0,0.0,0.0,0.0,0.0,0.0,0.012916771067115357,0.0,0.0,3.675e-09
8430.0,0.943105272273671,0.0,0.405365336,0.0,0.943105272273671,0.0,0.0,0.0,0.0,0.0,0.0,0.0,0.0,0.0,0.08268511503727222,0.0,0.0,3.675e-09
8431.0,0.9122991634150823,0.0,0.412054862,0.0,0.9122991634150823,0.0,0.0,0.0,0.0,0.0,0.0,0.0,0.0,0.0,0.13041929064714977,0.0,0.0,3.675e-09
8432.0,0.8813439747794976,0.0,0.417754814,0.0,0.8813439747794976,0.0,0.0,0.0,0.0,0.0,0.0,0.0,0.0,0.0,0.17579839630393176,0.0,0.0,3.675e-09
8433.0,0.8684407881554859,0.0,0.419601751,0.0,0.8684407881554859,0.0,0.0,0.0,0.0,0.0,0.0,0.0,0.0,0.0,0.19337531808069214,0.0,0.0,3.675e-09
8434.0,0.8733648704613732,0.0,0.419916572,0.0,0.8733648704613733,0.0,0.0,0.0,0.0,0.0,0.0,0.0,0.0,0.0,0.18924790072576037,0.0,0.0,3.675e-09
8435.0,0.9026089789102701,0.0,0.416972784,0.0,0.9026089789102701,0.0,0.0,0.0,0.0,0.0,0.0,0.0,0.0,0.0,0.15255443939810304,0.0,0.0,3.675e-09
8436.0,0.9718643162391283,0.001071537,0.414938518,0.00051911618504458,0.9713452000540838,0.0,0.0,0.0,0.0,0.0,0.0,0.0,0.0,0.0,0.07867044087247241,0.0,0.0,3.675e-09
8437.0,1.0426772033127325,0.020515688,0.404438024,0.009939018146946744,1.0234437936307226,0.0,0.009294391535063111,0.0,0.0,0.0,0.0,0.0,0.0,0.0,0.0,0.0,0.0,0.006839048849999999
8438.0,1.0738281982076563,0.08580267,0.406450018,0.0415679110633035,1.0285352109800525,0.0,0.003725076164300293,0.0,0.0,0.0,0.0,0.0,0.0,0.0,0.0,0.0,0.0,0.006839048849999999
8439.0,1.0851159834421016,0.192803763,0.433219794,0.09340559767026184,0.9917103857718397,0.0,0.0,0.0,0.0,0.0,0.0,0.0,0.0,0.0,0.10456662859533605,0.0,0.0,3.675e-09
8440.0,1.0859681852867553,0.301913424,0.454620603,0.14626479989083602,0.9397033853959194,0.0,0.0,0.0,0.0,0.0,0.0,0.0,0.0,0.0,0.21072908382464708,0.0,0.0,3.675e-09
8441.0,1.0721504945083242,0.377096841,0.488415,0.18268811388900486,0.8894623806193194,0.0,0.0,0.0,0.0,0.0,0.0,0.0,0.0,0.0,0.3464879277180327,0.0,0.0,3.675e-09
8442.0,1.052643296046658,0.405621759,0.527272708,0.19650727889298464,0.8561360171536735,0.0,0.0,0.0,0.0,0.0,0.0,0.0,0.0,0.0,0.47814500621880823,0.0,0.0,3.675e-09
8443.0,1.034920605243922,0.38387412,0.551554928,0.1859714304888635,0.8489491747550584,0.0,0.0,0.0,0.0,0.0,0.0,0.0,0.0,0.0,0.5467788092884008,0.0,0.0,3.675e-09
8444.0,1.0220641441023288,0.316530521,0.537598234,0.15334619010980802,0.8687179539925208,0.0,0.0,0.0,0.0,0.0,0.0,0.0,0.0,0.0,0.4916921543659774,0.0,0.0,3.675e-09
8445.0,1.0125297148719687,0.214495797,0.477469851,0.10391450770877411,0.9086152071631945,0.0,0.0,0.0,0.0,0.0,0.0,0.0,0.0,0.0,0.2996380396970361,0.0,0.0,3.675e-09
8446.0,1.021107364130512,0.103532933,0.414334202,0.05015750385235051,0.9709498602781615,0.0,0.0,0.0,0.0,0.0,0.0,0.0,0.0,0.0,0.07753653902695959,0.0,0.0,3.675e-09
8447.0,1.061069640695695,0.026979544,0.404689971,0.013070494024492287,1.02408135384557,0.0,0.02391779282563269,0.0,0.0,0.0,0.0,0.0,0.0,0.0,0.0,0.0,0.0,0.006839048849999999
8448.0,1.09779888864931,0.001639402,0.413083826,0.0007942237290867741,1.0453222814898664,0.0,0.05168238343035681,0.0,0.0,0.0,0.0,0.0,0.0,0.0,0.0,0.0,0.0,0.006839048849999999
8449.0,1.1111782404267194,0.0,0.423275444,0.0,1.0711125078538326,0.0,0.04006573257288696,0.0,0.0,0.0,0.0,0.0,0.0,0.0,0.0,0.0,0.0,0.006839048849999999
8450.0,1.110777727578075,0.0,0.435188318,0.0,1.101258429444046,0.0,0.009519298134029052,0.0,0.0,0.0,0.0,0.0,0.0,0.0,0.0,0.0,0.0,0.006839048849999999
8451.0,1.1008160845091703,0.0,0.441668762,0.0,1.1008160845091703,0.0,0.0,0.0,0.0,0.0,0.0,0.0,0.0,0.0,0.016841322771270508,0.0,0.0,3.675e-09
8452.0,1.071247115516382,0.0,0.445990899,0.0,1.071247115516382,0.0,0.0,0.0,0.0,0.0,0.0,0.0,0.0,0.0,0.05734760236636694,0.0,0.0,3.675e-09
8453.0,1.0273331124445513,0.0,0.448536196,0.0,1.0273331124445513,0.0,0.0,0.0,0.0,0.0,0.0,0.0,0.0,0.0,0.10770256366421484,0.0,0.0,3.675e-09
8454.0,0.9860179937238525,0.0,0.448921659,0.0,0.9860179937238525,0.0,0.0,0.0,0.0,0.0,0.0,0.0,0.0,0.0,0.149993109252849,0.0,0.0,3.675e-09
8455.0,0.9612907782348173,0.0,0.443814834,0.0,0.9612907782348173,0.0,0.0,0.0,0.0,0.0,0.0,0.0,0.0,0.0,0.1617973352076255,0.0,0.0,3.675e-09
8456.0,0.9352952732249861,0.0,0.432462123,0.0,0.9352952732249861,0.0,0.0,0.0,0.0,0.0,0.0,0.0,0.0,0.0,0.15906442962213344,0.0,0.0,3.675e-09
8457.0,0.9234178433800883,0.0,0.415971463,0.0,0.9234178433800883,0.0,0.0,0.0,0.0,0.0,0.0,0.0,0.0,0.0,0.12921169902624535,0.0,0.0,3.675e-09
8458.0,0.9234667956948666,0.0,0.399755111,0.0,0.9234667956948666,0.0,0.0,0.0,0.0,0.0,0.0,0.0,0.0,0.0,0.08812673173545886,0.0,0.0,3.675e-09
8459.0,0.9362720796891711,0.0,0.387977164,0.0,0.9362720796891711,0.0,0.0,0.0,0.0,0.0,0.0,0.0,0.0,0.0,0.04551696338618774,0.0,0.0,3.675e-09
8460.0,0.9668178551461446,0.001585929,0.380179708,0.0007683182309444898,0.9620573228221994,0.0,0.003992214093000854,0.0,0.0,0.0,0.0,0.0,0.0,0.0,0.0,0.0,0.0,0.006839048849999999
8461.0,1.0031198892612152,0.026763787,0.373362394,0.012965968515119615,0.9448058843112351,0.0,0.045348036434860475,0.0,0.0,0.0,0.0,0.0,0.0,0.0,0.0,0.0,0.0,0.006839048849999999
8462.0,1.035872935550718,0.097297104,0.383250923,0.047136497801163885,0.9698291339381976,0.0,0.018907303811356323,0.0,0.0,0.0,0.0,0.0,0.0,0.0,0.0,0.0,0.0,0.006839048849999999
8463.0,1.0458701799394887,0.202377806,0.37654965,0.09804383291329383,0.947826347026195,0.0,0.0,0.0,0.0,0.0,0.0,0.0,0.0,0.0,0.0050449939887657475,0.0,0.0,3.675e-09
8464.0,1.0362445225769528,0.303442448,0.364720263,0.14700554995893594,0.8892389726180169,0.0,0.0,0.0,0.0,0.0,0.0,0.0,0.0,0.0,0.033697713420966675,0.0,0.0,3.675e-09
8465.0,1.0169086552171611,0.371877673,0.379835739,0.18015963882816538,0.8367490163889957,0.0,0.0,0.0,0.0,0.0,0.0,0.0,0.0,0.0,0.12443788150438587,0.0,0.0,3.675e-09
8466.0,0.993716739147918,0.395667714,0.413906987,0.19168494810444248,0.8020317910434754,0.0,0.0,0.0,0.0,0.0,0.0,0.0,0.0,0.0,0.24537352657706116,0.0,0.0,3.675e-09
8467.0,0.9718798920665509,0.370040285,0.438283773,0.17926949891791805,0.7926103931486328,0.0,0.0,0.0,0.0,0.0,0.0,0.0,0.0,0.0,0.31648118753297605,0.0,0.0,3.675e-09
8468.0,0.9514537387855198,0.298731427,0.435672512,0.14472325149496792,0.8067304872905519,0.0,0.0,0.0,0.0,0.0,0.0,0.0,0.0,0.0,0.29575321108175184,0.0,0.0,3.675e-09
8469.0,0.94111828385787,0.193189928,0.412009867,0.09359267893912866,0.8475256049187413,0.0,0.0,0.0,0.0,0.0,0.0,0.0,0.0,0.0,0.19507898780810243,0.0,0.0,3.675e-09
8470.0,0.94970483344638,0.085627379,0.444025793,0.04148298968850015,0.9082218437578798,0.0,0.0,0.0,0.0,0.0,0.0,0.0,0.0,0.0,0.21540010841002516,0.0,0.0,3.675e-09
8471.0,0.9929045882881516,0.021637509,0.51450753,0.010482494889068475,0.9824220933990832,0.0,0.0,0.0,0.0,0.0,0.0,0.0,0.0,0.0,0.3195562249273185,0.0,0.0,3.675e-09
8472.0,1.0371212005789954,0.001507891,0.549301026,0.0007305119873444006,1.036390688591651,0.0,0.0,0.0,0.0,0.0,0.0,0.0,0.0,0.0,0.353633721909099,0.0,0.0,3.675e-09
8473.0,1.055195452915522,0.0,0.546519093,0.0,1.055195452915522,0.0,0.0,0.0,0.0,0.0,0.0,0.0,0.0,0.0,0.32778918413616565,0.0,0.0,3.675e-09
8474.0,1.060075033571577,0.0,0.538631287,0.0,1.060075033571577,0.0,0.0,0.0,0.0,0.0,0.0,0.0,0.0,0.0,0.3029492495642703,0.0,0.0,3.675e-09
8475.0,1.054361050730877,0.0,0.532134998,0.0,1.054361050730877,0.0,0.0,0.0,0.0,0.0,0.0,0.0,0.0,0.0,0.29222415827211473,0.0,0.0,3.675e-09
8476.0,1.03160747466258,0.0,0.523413959,0.0,1.03160747466258,0.0,0.0,0.0,0.0,0.0,0.0,0.0,0.0,0.0,0.2929088567648416,0.0,0.0,3.675e-09
8477.0,0.9934230302588717,0.0,0.511776744,0.0,0.9934230302588717,0.0,0.0,0.0,0.0,0.0,0.0,0.0,0.0,0.0,0.30164494379328893,0.0,0.0,3.675e-09
8478.0,0.9558794056130551,0.0,0.497180489,0.0,0.9558794056130551,0.0,0.0,0.0,0.0,0.0,0.0,0.0,0.0,0.0,0.3022522624947333,0.0,0.0,3.675e-09
8479.0,0.9261791575032038,0.0,0.478069102,0.0,0.9261791575032038,0.0,0.0,0.0,0.0,0.0,0.0,0.0,0.0,0.0,0.2835905138284733,0.0,0.0,3.675e-09
8480.0,0.906818813986023,0.0,0.459984501,0.0,0.906818813986023,0.0,0.0,0.0,0.0,0.0,0.0,0.0,0.0,0.0,0.25718717649615513,0.0,0.0,3.675e-09
8481.0,0.8960539193873939,0.0,0.444015682,0.0,0.8960539193873939,0.0,0.0,0.0,0.0,0.0,0.0,0.0,0.0,0.0,0.227542446560662,0.0,0.0,3.675e-09
8482.0,0.8946766010744889,0.0,0.437343536,0.0,0.8946766010744889,0.0,0.0,0.0,0.0,0.0,0.0,0.0,0.0,0.0,0.21203567878699744,0.0,0.0,3.675e-09
8483.0,0.9032253235106974,0.0,0.436417476,0.0,0.9032253235106974,0.0,0.0,0.0,0.0,0.0,0.0,0.0,0.0,0.0,0.20114353089796935,0.0,0.0,3.675e-09
8484.0,0.9212884506847474,0.001716996,0.444541923,0.0008318148727078988,0.9204566358120395,0.0,0.0,0.0,0.0,0.0,0.0,0.0,0.0,0.0,0.20447140038817846,0.0,0.0,3.675e-09
8485.0,0.9491329904957854,0.025262065,0.447887268,0.012238445157888352,0.9368945453378971,0.0,0.0,0.0,0.0,0.0,0.0,0.0,0.0,0.0,0.1964989970082108,0.0,0.0,3.675e-09
8486.0,0.975079544190763,0.076088771,0.433636788,0.03686192126473531,0.9382176229260277,0.0,0.0,0.0,0.0,0.0,0.0,0.0,0.0,0.0,0.15911460854724596,0.0,0.0,3.675e-09
8487.0,0.9818793612878319,0.149008536,0.422256817,0.07218858774582489,0.9096907735420071,0.0,0.0,0.0,0.0,0.0,0.0,0.0,0.0,0.0,0.15884406500451356,0.0,0.0,3.675e-09
8488.0,0.969939630133093,0.228589167,0.490756692,0.1107421734532344,0.8591974566798587,0.0,0.0,0.0,0.0,0.0,0.0,0.0,0.0,0.0,0.38267858069822946,0.0,0.0,3.675e-09
8489.0,0.9544798359752714,0.289564441,0.591049881,0.14028221884684,0.8141976171284314,0.0,0.0,0.0,0.0,0.0,0.0,0.0,0.0,0.0,0.6814736514949836,0.0,0.0,3.675e-09
8490.0,0.9411027090303723,0.309603563,0.67688554,0.14999036010960828,0.791112348920764,0.0,0.0,0.0,0.0,0.0,0.0,0.0,0.0,0.0,0.921768893203444,0.0,0.0,3.675e-09
8491.0,0.9310698633217355,0.286710292,0.731289692,0.13889949950030428,0.7921703638214311,0.0,0.0,0.0,0.0,0.0,0.0,0.0,0.0,0.0,1.0583823839674928,0.0,0.0,3.675e-09
8492.0,0.9213485281620027,0.228818304,0.759649347,0.11085318102954073,0.810495347132462,0.0,0.0,0.0,0.0,0.0,0.0,0.0,0.0,0.0,1.1118224454269765,0.0,0.0,3.675e-09
8493.0,0.920000134671583,0.150469865,0.751339162,0.07289654233402391,0.847103592337559,0.0,0.0,0.0,0.0,0.0,0.0,0.0,0.0,0.0,1.0541850022793706,0.0,0.0,3.675e-09
8494.0,0.9356490595912877,0.074100399,0.734157037,0.03589863573461412,0.8997504238566736,0.0,0.0,0.0,0.0,0.0,0.0,0.0,0.0,0.0,0.9580582352717046,0.0,0.0,3.675e-09
8495.0,0.98608919536366,0.020593462,0.717893326,0.00997669649326204,0.976112498870398,0.0,0.0,0.0,0.0,0.0,0.0,0.0,0.0,0.0,0.8405403017664114,0.0,0.0,3.675e-09
8496.0,1.0235104412223803,0.001323723,0.712195018,0.0006412900663400019,1.0228691511560404,0.0,0.0,0.0,0.0,0.0,0.0,0.0,0.0,0.0,0.779363892655935,0.0,0.0,3.675e-09
8497.0,1.0372079780462256,0.0,0.69264016,0.0,1.0372079780462256,0.0,0.0,0.0,0.0,0.0,0.0,0.0,0.0,0.0,0.7155408509595027,0.0,0.0,3.675e-09
8498.0,1.0401139212813912,0.0,0.668001027,0.0,1.0401139212813912,0.0,0.0,0.0,0.0,0.0,0.0,0.0,0.0,0.0,0.6502847669045119,0.0,0.0,3.675e-09
8499.0,1.0256643090751856,0.0,0.649973627,0.0,1.0256643090751856,0.0,0.0,0.0,0.0,0.0,0.0,0.0,0.0,0.0,0.6191154472832334,0.0,0.0,3.675e-09
8500.0,0.9899674943980653,0.0,0.616897654,0.0,0.9899674943980653,0.0,0.0,0.0,0.0,0.0,0.0,0.0,0.0,0.0,0.5711124185323097,0.0,0.0,3.675e-09
8501.0,0.9449921332272544,0.0,0.594155261,0.0,0.9449921332272544,0.0,0.0,0.0,0.0,0.0,0.0,0.0,0.0,0.0,0.5585374021744224,0.0,0.0,3.675e-09
8502.0,0.8991356433894553,0.0,0.577760835,0.0,0.8991356433894553,0.0,0.0,0.0,0.0,0.0,0.0,0.0,0.0,0.0,0.5629072548906875,0.0,0.0,3.675e-09
8503.0,0.8622973666437314,0.0,0.562140905,0.0,0.8622973666437314,0.0,0.0,0.0,0.0,0.0,0.0,0.0,0.0,0.0,0.560218782253801,0.0,0.0,3.675e-09
8504.0,0.8405139205422387,0.0,0.541345818,0.0,0.8405139205422387,0.0,0.0,0.0,0.0,0.0,0.0,0.0,0.0,0.0,0.5293795730528313,0.0,0.0,3.675e-09
8505.0,0.83044324968115,0.0,0.526758426,0.0,0.83044324968115,0.0,0.0,0.0,0.0,0.0,0.0,0.0,0.0,0.0,0.5025363660841281,0.0,0.0,3.675e-09
8506.0,0.8334960468608766,0.0,0.520007729,0.0,0.8334960468608766,0.0,0.0,0.0,0.0,0.0,0.0,0.0,0.0,0.0,0.48240070691481873,0.0,0.0,3.675e-09
8507.0,0.8536996918927444,0.0,0.524584191,0.0,0.8536996918927444,0.0,0.0,0.0,0.0,0.0,0.0,0.0,0.0,0.0,0.4737779503077417,0.0,0.0,3.675e-09
8508.0,0.9072593778195548,0.000942868,0.522950777,0.0004567812769513448,0.9068025965426035,0.0,0.0,0.0,0.0,0.0,0.0,0.0,0.0,0.0,0.4165416375173821,0.0,0.0,3.675e-09
8509.0,0.966170358890872,0.010476586,0.519388469,0.005075480694191108,0.9610948781966808,0.0,0.0,0.0,0.0,0.0,0.0,0.0,0.0,0.0,0.35323481767141346,0.0,0.0,3.675e-09
8510.0,1.0023299897263274,0.043196881,0.505963335,0.020927135573055065,0.9814028541532723,0.0,0.0,0.0,0.0,0.0,0.0,0.0,0.0,0.0,0.29895409618741126,0.0,0.0,3.675e-09
8511.0,1.0221575970670151,0.11235661,0.468459957,0.05443221722417585,0.9677253798428392,0.0,0.0,0.0,0.0,0.0,0.0,0.0,0.0,0.0,0.21772803231250548,0.0,0.0,3.675e-09
8512.0,1.0354902233620062,0.192321348,0.470164531,0.09317188718298208,0.9423183361790242,0.0,0.0,0.0,0.0,0.0,0.0,0.0,0.0,0.0,0.2474485568499297,0.0,0.0,3.675e-09
8513.0,1.0379823027536152,0.252381853,0.511562194,0.12226876412465645,0.9157135386289588,0.0,0.0,0.0,0.0,0.0,0.0,0.0,0.0,0.0,0.3788115095534934,0.0,0.0,3.675e-09
8514.0,1.0329046910057111,0.277233317,0.550300522,0.13430828976348436,0.8985964012422268,0.0,0.0,0.0,0.0,0.0,0.0,0.0,0.0,0.0,0.49395726693771413,0.0,0.0,3.675e-09
8515.0,1.0272441101448104,0.265926047,0.566390763,0.12883037638702693,0.8984137337577834,0.0,0.0,0.0,0.0,0.0,0.0,0.0,0.0,0.0,0.534856821342445,0.0,0.0,3.675e-09
8516.0,1.0188533668156396,0.220348164,0.561615097,0.10674974198488478,0.9121036248307549,0.0,0.0,0.0,0.0,0.0,0.0,0.0,0.0,0.0,0.5090819495354336,0.0,0.0,3.675e-09
8517.0,1.0143676235107737,0.149833662,0.548428283,0.07258832780267883,0.9417792957080948,0.0,0.0,0.0,0.0,0.0,0.0,0.0,0.0,0.0,0.4460366097714147,0.0,0.0,3.675e-09
8518.0,1.021968466305132,0.07236058,0.531621072,0.03505576404474426,0.9869127022603879,0.0,0.0,0.0,0.0,0.0,0.0,0.0,0.0,0.0,0.3583720000051725,0.0,0.0,3.675e-09
8519.0,1.050776461585443,0.016996763,0.536267097,0.008234241810284548,1.0425422197751584,0.0,0.0,0.0,0.0,0.0,0.0,0.0,0.0,0.0,0.3144994023869921,0.0,0.0,3.675e-09
8520.0,1.0740351296294723,0.000815431,0.546964886,0.0003950432228537951,1.0736400864066185,0.0,0.0,0.0,0.0,0.0,0.0,0.0,0.0,0.0,0.3104726445729884,0.0,0.0,3.675e-09
8521.0,1.0794420525862138,0.0,0.556898007,0.0,1.0794420525862138,0.0,0.0,0.0,0.0,0.0,0.0,0.0,0.0,0.0,0.32980676955091726,0.0,0.0,3.675e-09
8522.0,1.0695026598422632,0.0,0.570691974,0.0,1.0695026598422632,0.0,0.0,0.0,0.0,0.0,0.0,0.0,0.0,0.0,0.3746522519252954,0.0,0.0,3.675e-09
8523.0,1.0463819464127526,0.0,0.573513241,0.0,1.0463819464127526,0.0,0.0,0.0,0.0,0.0,0.0,0.0,0.0,0.0,0.40491227479155967,0.0,0.0,3.675e-09
8524.0,1.0005009804175644,0.0,0.56303982,0.0,1.0005009804175644,0.0,0.0,0.0,0.0,0.0,0.0,0.0,0.0,0.0,0.42428990261266014,0.0,0.0,3.675e-09
8525.0,0.9412873891273096,0.0,0.552288612,0.0,0.9412873891273096,0.0,0.0,0.0,0.0,0.0,0.0,0.0,0.0,0.0,0.45629720653950706,0.0,0.0,3.675e-09
8526.0,0.8878256068301311,0.0,0.541275346,0.0,0.8878256068301311,0.0,0.0,0.0,0.0,0.0,0.0,0.0,0.0,0.0,0.48188955503858105,0.0,0.0,3.675e-09
8527.0,0.8492495499077445,0.0,0.529211508,0.0,0.8492495499077445,0.0,0.0,0.0,0.0,0.0,0.0,0.0,0.0,0.0,0.4899376709766984,0.0,0.0,3.675e-09
8528.0,0.8200810927636761,0.0,0.521470588,0.0,0.8200810927636761,0.0,0.0,0.0,0.0,0.0,0.0,0.0,0.0,0.0,0.4995174740851315,0.0,0.0,3.675e-09
8529.0,0.8043431655442308,0.0,0.504528299,0.0,0.8043431655442308,0.0,0.0,0.0,0.0,0.0,0.0,0.0,0.0,0.0,0.4723823787448876,0.0,0.0,3.675e-09
8530.0,0.8031082515108657,0.0,0.486925664,0.0,0.8031082515108657,0.0,0.0,0.0,0.0,0.0,0.0,0.0,0.0,0.0,0.4290732428293364,0.0,0.0,3.675e-09
8531.0,0.8226799761148835,0.0,0.47814294,0.0,0.8226799761148835,0.0,0.0,0.0,0.0,0.0,0.0,0.0,0.0,0.0,0.387276544717458,0.0,0.0,3.675e-09
8532.0,0.8742059471435497,0.000603576,0.476002163,0.00029240807410706995,0.8739135390694426,0.0,0.0,0.0,0.0,0.0,0.0,0.0,0.0,0.0,0.3306256747734912,0.0,0.0,3.675e-09
8533.0,0.9309764103570491,0.010445417,0.468736635,0.005060380578775911,0.9259160297782734,0.0,0.0,0.0,0.0,0.0,0.0,0.0,0.0,0.0,0.2602375252052201,0.0,0.0,3.675e-09
8534.0,0.9688426697143222,0.051687264,0.445164395,0.025040381529589793,0.9438022881847323,0.0,0.0,0.0,0.0,0.0,0.0,0.0,0.0,0.0,0.18270093399530066,0.0,0.0,3.675e-09
8535.0,0.9935120325586124,0.12430854,0.392931748,0.06022244220522631,0.9332895903533861,0.0,0.0,0.0,0.0,0.0,0.0,0.0,0.0,0.0,0.06103719137144788,0.0,0.0,3.675e-09
8536.0,1.009167632975773,0.202519462,0.401188617,0.09811245949577178,0.9110551734800012,0.0,0.0,0.0,0.0,0.0,0.0,0.0,0.0,0.0,0.10416588828629565,0.0,0.0,3.675e-09
8537.0,1.0140783642867484,0.261159493,0.518281918,0.12652117443852778,0.8875571898482207,0.0,0.0,0.0,0.0,0.0,0.0,0.0,0.0,0.0,0.42397234212310325,0.0,0.0,3.675e-09
8538.0,1.0014755620492388,0.288015257,0.639914177,0.1395317020769925,0.8619438599722463,0.0,0.0,0.0,0.0,0.0,0.0,0.0,0.0,0.0,0.7573801255167187,0.0,0.0,3.675e-09
8539.0,0.9984338900319893,0.276928197,0.709373474,0.13416047150766974,0.8642734185243196,0.0,0.0,0.0,0.0,0.0,0.0,0.0,0.0,0.0,0.9308196148932424,0.0,0.0,3.675e-09
8540.0,0.99855181815414,0.228709581,0.733065721,0.11080050914888087,0.8877513090052591,0.0,0.0,0.0,0.0,0.0,0.0,0.0,0.0,0.0,0.9672957388976375,0.0,0.0,3.675e-09
8541.0,0.9919344573214226,0.152911179,0.712143617,0.07407925987917255,0.91785519744225,0.0,0.0,0.0,0.0,0.0,0.0,0.0,0.0,0.0,0.8842477744395044,0.0,0.0,3.675e-09
8542.0,0.9958261063508154,0.073067144,0.680285077,0.035398065624782885,0.9604280407260325,0.0,0.0,0.0,0.0,0.0,0.0,0.0,0.0,0.0,0.7610558421920787,0.0,0.0,3.675e-09
8543.0,1.0249456111801054,0.01944527,0.672942573,0.009420444071984281,1.0155251671081211,0.0,0.0,0.0,0.0,0.0,0.0,0.0,0.0,0.0,0.6873782666371183,0.0,0.0,3.675e-09
8544.0,1.0516598150849414,0.00119546,0.685678809,0.0005791518487680722,1.0510806632361733,0.0,0.0,0.0,0.0,0.0,0.0,0.0,0.0,0.0,0.6840522368670962,0.0,0.0,3.675e-09
8545.0,1.0564392672788538,0.0,0.686481519,0.0,1.0564392672788538,0.0,0.0,0.0,0.0,0.0,0.0,0.0,0.0,0.0,0.6807249170233151,0.0,0.0,3.675e-09
8546.0,1.0468736873935731,0.0,0.679708842,0.0,1.0468736873935731,0.0,0.0,0.0,0.0,0.0,0.0,0.0,0.0,0.0,0.6731520138021818,0.0,0.0,3.675e-09
8547.0,1.0247809565756116,0.0,0.687565142,0.0,1.0247809565756116,0.0,0.0,0.0,0.0,0.0,0.0,0.0,0.0,0.0,0.7151253715611476,0.0,0.0,3.675e-09
8548.0,0.9821396946894473,0.0,0.696963593,0.0,0.9821396946894473,0.0,0.0,0.0,0.0,0.0,0.0,0.0,0.0,0.0,0.7815497244894453,0.0,0.0,3.675e-09
8549.0,0.9256918661874042,0.0,0.691227006,0.0,0.9256918661874042,0.0,0.0,0.0,0.0,0.0,0.0,0.0,0.0,0.0,0.82348092989135,0.0,0.0,3.675e-09
8550.0,0.8733982459488042,0.0,0.688904963,0.0,0.8733982459488042,0.0,0.0,0.0,0.0,0.0,0.0,0.0,0.0,0.0,0.8698985435334644,0.0,0.0,3.675e-09
8551.0,0.8244822834338223,0.0,0.670620609,0.0,0.8244822834338223,0.0,0.0,0.0,0.0,0.0,0.0,0.0,0.0,0.0,0.8725453436270436,0.0,0.0,3.675e-09
8552.0,0.8009432574956588,0.0,0.644840171,0.0,0.8009432574956589,0.0,0.0,0.0,0.0,0.0,0.0,0.0,0.0,0.0,0.8308461187023712,0.0,0.0,3.675e-09
8553.0,0.7832739676727974,0.0,0.623884902,0.0,0.7832739676727974,0.0,0.0,0.0,0.0,0.0,0.0,0.0,0.0,0.0,0.7954874073748949,0.0,0.0,3.675e-09
8554.0,0.780118817198418,0.0,0.622497967,0.0,0.780118817198418,0.0,0.0,0.0,0.0,0.0,0.0,0.0,0.0,0.0,0.7951328729688064,0.0,0.0,3.675e-09
8555.0,0.7959034709002064,0.0,0.632853822,0.0,0.7959034709002064,0.0,0.0,0.0,0.0,0.0,0.0,0.0,0.0,0.0,0.8055540527904493,0.0,0.0,3.675e-09
8556.0,0.8382821745522451,0.000643775,0.629199904,0.0003118828580133719,0.8379702916942317,0.0,0.0,0.0,0.0,0.0,0.0,0.0,0.0,0.0,0.7542408716701865,0.0,0.0,3.675e-09
8557.0,0.8932792562692157,0.009013447,0.622447112,0.00436664923445622,0.8889126070347595,0.0,0.0,0.0,0.0,0.0,0.0,0.0,0.0,0.0,0.6862103928732989,0.0,0.0,3.675e-09
8558.0,0.9324360564721634,0.043828401,0.59045841,0.02123308138097337,0.9112029750911901,0.0,0.0,0.0,0.0,0.0,0.0,0.0,0.0,0.0,0.5829715566080466,0.0,0.0,3.675e-09
8559.0,0.9615377616414452,0.112061418,0.564999111,0.054289208681404404,0.9072485529600408,0.0,0.0,0.0,0.0,0.0,0.0,0.0,0.0,0.0,0.5225003807352385,0.0,0.0,3.675e-09
8560.0,0.9854617256007557,0.193686462,0.659324577,0.0938332295088476,0.8916284960919082,0.0,0.0,0.0,0.0,0.0,0.0,0.0,0.0,0.0,0.7768141484573875,0.0,0.0,3.675e-09
8561.0,0.9981045788231522,0.261944782,0.758221282,0.12690161508578254,0.8712029637373696,0.0,0.0,0.0,0.0,0.0,0.0,0.0,0.0,0.0,1.04750106311652,0.0,0.0,3.675e-09
8562.0,0.9990435591349605,0.294489005,0.827772376,0.14266797022704236,0.8563755889079181,0.0,0.0,0.0,0.0,0.0,0.0,0.0,0.0,0.0,1.238329781218598,0.0,0.0,3.675e-09
8563.0,0.9950784826333251,0.286640488,0.872010113,0.13886568229550333,0.8562128003378218,0.0,0.0,0.0,0.0,0.0,0.0,0.0,0.0,0.0,1.3504376261143536,0.0,0.0,3.675e-09
8564.0,0.9898339904484919,0.243093906,0.88275394,0.1177691307815836,0.8720648596669082,0.0,0.0,0.0,0.0,0.0,0.0,0.0,0.0,0.0,1.3617731762841017,0.0,0.0,3.675e-09
8565.0,0.9844826943040602,0.172806902,0.860347274,0.0837179301467076,0.9007647641573525,0.0,0.0,0.0,0.0,0.0,0.0,0.0,0.0,0.0,1.2763724625402313,0.0,0.0,3.675e-09
8566.0,0.9907840959227773,0.089570436,0.814816706,0.043393240764527705,0.9473908551582495,0.0,0.0,0.0,0.0,0.0,0.0,0.0,0.0,0.0,1.1145297636170246,0.0,0.0,3.675e-09
8567.0,1.0126543194915,0.024604824,0.770543171,0.011920038569431878,1.0007342809220683,0.0,0.0,0.0,0.0,0.0,0.0,0.0,0.0,0.0,0.9491506935047841,0.0,0.0,3.675e-09
8568.0,1.0333163290168328,0.001658257,0.756439748,0.0008033582113015885,1.0325129708055312,0.0,0.0,0.0,0.0,0.0,0.0,0.0,0.0,0.0,0.8816828253498468,0.0,0.0,3.675e-09
8569.0,1.0335788872509586,0.0,0.760641095,0.0,1.0335788872509586,0.0,0.0,0.0,0.0,0.0,0.0,0.0,0.0,0.0,0.8912485564174608,0.0,0.0,3.675e-09
8570.0,1.0220085182899439,0.0,0.766077894,0.0,1.0220085182899439,0.0,0.0,0.0,0.0,0.0,0.0,0.0,0.0,0.0,0.9165769250312673,0.0,0.0,3.675e-09
8571.0,1.0014599862218163,0.0,0.760756602,0.0,1.0014599862218163,0.0,0.0,0.0,0.0,0.0,0.0,0.0,0.0,0.0,0.923659751729672,0.0,0.0,3.675e-09
8572.0,0.9611372487928005,0.0,0.756018701,0.0,0.9611372487928005,0.0,0.0,0.0,0.0,0.0,0.0,0.0,0.0,0.0,0.9519930740059556,0.0,0.0,3.675e-09
8573.0,0.9114625373978514,0.0,0.746651464,0.0,0.9114625373978514,0.0,0.0,0.0,0.0,0.0,0.0,0.0,0.0,0.0,0.9779636824179515,0.0,0.0,3.675e-09
8574.0,0.8570484237939525,0.0,0.719745043,0.0,0.8570484237939525,0.0,0.0,0.0,0.0,0.0,0.0,0.0,0.0,0.0,0.9642902079436696,0.0,0.0,3.675e-09
8575.0,0.8202056973832076,0.0,0.692065316,0.0,0.8202056973832076,0.0,0.0,0.0,0.0,0.0,0.0,0.0,0.0,0.0,0.9310884698716617,0.0,0.0,3.675e-09
8576.0,0.7799452612640329,0.0,0.655305871,0.0,0.7799452612640329,0.0,0.0,0.0,0.0,0.0,0.0,0.0,0.0,0.0,0.8783279148622677,0.0,0.0,3.675e-09
8577.0,0.7566331922401288,0.0,0.62721857,0.0,0.7566331922401288,0.0,0.0,0.0,0.0,0.0,0.0,0.0,0.0,0.0,0.8305641399188202,0.0,0.0,3.675e-09
8578.0,0.7498489499705578,0.0,0.590121778,0.0,0.7498489499705578,0.0,0.0,0.0,0.0,0.0,0.0,0.0,0.0,0.0,0.7434737233209799,0.0,0.0,3.675e-09
8579.0,0.7590941199768926,0.0,0.547223973,0.0,0.7590941199768926,0.0,0.0,0.0,0.0,0.0,0.0,0.0,0.0,0.0,0.625674239223666,0.0,0.0,3.675e-09
8580.0,0.7859907791461556,0.000841069,0.505194498,0.0004074637932607646,0.7855833153528948,0.0,0.0,0.0,0.0,0.0,0.0,0.0,0.0,0.0,0.49282806753549707,0.0,0.0,3.675e-09
8581.0,0.8207797651663128,0.015157407,0.46356991,0.00734314848391424,0.8134366166823985,0.0,0.0,0.0,0.0,0.0,0.0,0.0,0.0,0.0,0.3596423698360714,0.0,0.0,3.675e-09
8582.0,0.8597541101048336,0.06743785,0.413802483,0.032670901163103686,0.8270832089417299,0.0,0.0,0.0,0.0,0.0,0.0,0.0,0.0,0.0,0.22005765785108325,0.0,0.0,3.675e-09
8583.0,0.9002860047881006,0.156029323,0.36923201,0.07558987408820093,0.8246961306998997,0.0,0.0,0.0,0.0,0.0,0.0,0.0,0.0,0.0,0.10965768031638831,0.0,0.0,3.675e-09
8584.0,0.9315193274852338,0.251831629,0.382162906,0.12200220292910281,0.809517124556131,0.0,0.0,0.0,0.0,0.0,0.0,0.0,0.0,0.0,0.15755874638517614,0.0,0.0,3.675e-09
8585.0,0.9463004747328623,0.323345071,0.398226086,0.15664756299641436,0.789652911736448,0.0,0.0,0.0,0.0,0.0,0.0,0.0,0.0,0.0,0.2180713673697975,0.0,0.0,3.675e-09
8586.0,0.94950457752202,0.351545129,0.390555504,0.17030934651578505,0.779195231006235,0.0,0.0,0.0,0.0,0.0,0.0,0.0,0.0,0.0,0.20911838669930224,0.0,0.0,3.675e-09
8587.0,0.9439574751182492,0.333350401,0.375001383,0.1614947392859052,0.7824627358323442,0.0,0.0,0.0,0.0,0.0,0.0,0.0,0.0,0.0,0.16649066434124488,0.0,0.0,3.675e-09
8588.0,0.9374736182351053,0.27472565,0.348047734,0.1330934268829658,0.8043801913521396,0.0,0.0,0.0,0.0,0.0,0.0,0.0,0.0,0.0,0.07636610872754004,0.0,0.0,3.675e-09
8589.0,0.9329433732804067,0.186796697,0.311598069,0.09049541800756143,0.7885092174848715,0.0,0.053938737787973756,0.0,0.0,0.0,0.0,0.0,0.0,0.0,0.0,0.0,0.0,0.006839048849999999
8590.0,0.9335997688657209,0.092235183,0.26649922,0.04468420252949614,0.6743850887680841,0.0,0.21453047756814075,0.0,0.0,0.0,0.0,0.0,0.0,0.0,0.0,0.0,0.0,0.006839048849999999
8591.0,0.9539435933446181,0.023364774,0.243145881,0.01131928467547905,0.6152886921837109,0.0,0.32733561648542825,0.0,0.0,0.0,0.0,0.0,0.0,0.0,0.0,0.0,0.0,0.006839048849999999
8592.0,0.9625835449129273,0.00124841,0.250520038,0.0006048039746378371,0.6339492403197796,0.0,0.3280295006185098,0.0,0.0,0.0,0.0,0.0,0.0,0.0,0.0,0.0,0.0,0.006839048849999999
8593.0,0.9540103463193296,0.0,0.268254724,0.0,0.6788274496908393,0.0,0.2751828966284902,0.0,0.0,0.0,0.0,0.0,0.0,0.0,0.0,0.0,0.0,0.006839048849999999
8594.0,0.9396586377427558,0.0,0.28182028,0.0,0.7131555377327045,0.0,0.2265031000100514,0.0,0.0,0.0,0.0,0.0,0.0,0.0,0.0,0.0,0.0,0.006839048849999999
8595.0,0.9247373110480979,0.0,0.290228892,0.0,0.7344338084534834,0.0,0.1903035025946145,0.0,0.0,0.0,0.0,0.0,0.0,0.0,0.0,0.0,0.0,0.006839048849999999
8596.0,0.9024776997932074,0.0,0.293567037,0.0,0.7428810947612845,0.0,0.15959660503192286,0.0,0.0,0.0,0.0,0.0,0.0,0.0,0.0,0.0,0.0,0.006839048849999999
8597.0,0.8659687342563204,0.0,0.290127301,0.0,0.7341767290685867,0.0,0.13179200518773365,0.0,0.0,0.0,0.0,0.0,0.0,0.0,0.0,0.0,0.0,0.006839048849999999
8598.0,0.8254145882481747,0.0,0.283507488,0.0,0.7174250733690573,0.0,0.10798951487911743,0.0,0.0,0.0,0.0,0.0,0.0,0.0,0.0,0.0,0.0,0.006839048849999999
8599.0,0.7901850383944857,0.0,0.280144839,0.0,0.7089157788789612,0.0,0.08126925951552454,0.0,0.0,0.0,0.0,0.0,0.0,0.0,0.0,0.0,0.0,0.006839048849999999
8600.0,0.7613725934491541,0.0,0.278123362,0.0,0.703800364484549,0.0,0.0575722289646051,0.0,0.0,0.0,0.0,0.0,0.0,0.0,0.0,0.0,0.0,0.006839048849999999
8601.0,0.7417830671852784,0.0,0.274981932,0.0,0.695850871989191,0.0,0.045932195196087405,0.0,0.0,0.0,0.0,0.0,0.0,0.0,0.0,0.0,0.0,0.006839048849999999
8602.0,0.7342445267006857,0.0,0.274252294,0.0,0.694004498902626,0.0,0.04024002779805969,0.0,0.0,0.0,0.0,0.0,0.0,0.0,0.0,0.0,0.0,0.006839048849999999
8603.0,0.7382185035322877,0.0,0.278716465,0.0,0.7053012312386943,0.0,0.03291727229359351,0.0,0.0,0.0,0.0,0.0,0.0,0.0,0.0,0.0,0.0,0.006839048849999999
8604.0,0.7516000811421326,0.001106333,0.284612811,0.0005359734347474005,0.7202221297712202,0.0,0.030841977936164916,0.0,0.0,0.0,0.0,0.0,0.0,0.0,0.0,0.0,0.0,0.006839048849999999
8605.0,0.7806639591591129,0.015545186,0.287042229,0.007531011670272157,0.726369852355867,0.0,0.04676309513297363,0.0,0.0,0.0,0.0,0.0,0.0,0.0,0.0,0.0,0.0,0.006839048849999999
8606.0,0.8125648036039622,0.064720549,0.276389191,0.03135447911819267,0.6994119874237303,0.0,0.08179833706203918,0.0,0.0,0.0,0.0,0.0,0.0,0.0,0.0,0.0,0.0,0.006839048849999999
8607.0,0.8489780913436522,0.150485704,0.257733068,0.07290421568665188,0.6522020512542239,0.0,0.12387182440277648,0.0,0.0,0.0,0.0,0.0,0.0,0.0,0.0,0.0,0.0,0.006839048849999999
8608.0,0.878789593078123,0.243979292,0.302094234,0.11819806436260961,0.7605915287155134,0.0,0.0,0.0,0.0,0.0,0.0,0.0,0.0,0.0,0.0038679200304018555,0.0,0.0,3.675e-09
8609.0,0.8960939713722057,0.310583696,0.377710581,0.15046519476655087,0.7456287766056547,0.0,0.0,0.0,0.0,0.0,0.0,0.0,0.0,0.0,0.21018033869430602,0.0,0.0,3.675e-09
8610.0,0.9017812532230058,0.333379068,0.432894558,0.16150862728387133,0.7402726259391346,0.0,0.0,0.0,0.0,0.0,0.0,0.0,0.0,0.0,0.35518136797518374,0.0,0.0,3.675e-09
8611.0,0.8927163136485875,0.313268495,0.475921074,0.15176587091165036,0.7409504427369371,0.0,0.0,0.0,0.0,0.0,0.0,0.0,0.0,0.0,0.46338357271005726,0.0,0.0,3.675e-09
8612.0,0.8799622058016471,0.254420484,0.500093912,0.1232563981003695,0.7567058077012776,0.0,0.0,0.0,0.0,0.0,0.0,0.0,0.0,0.0,0.5087983736486658,0.0,0.0,3.675e-09
8613.0,0.8695510985692442,0.170918594,0.488312156,0.08280312156319704,0.7867479770060472,0.0,0.0,0.0,0.0,0.0,0.0,0.0,0.0,0.0,0.44894208118847434,0.0,0.0,3.675e-09
8614.0,0.864362232196796,0.085889939,0.448330445,0.04161018935173652,0.8227520428450594,0.0,0.0,0.0,0.0,0.0,0.0,0.0,0.0,0.0,0.31176297355446203,0.0,0.0,3.675e-09
8615.0,0.8779885673808334,0.025462816,0.43335659,0.012335700869323313,0.86565286651151,0.0,0.0,0.0,0.0,0.0,0.0,0.0,0.0,0.0,0.23097031465721632,0.0,0.0,3.675e-09
8616.0,0.8962897776315448,0.001795604,0.417120971,0.0008698972581728751,0.895419880373372,0.0,0.0,0.0,0.0,0.0,0.0,0.0,0.0,0.0,0.16011853003872778,0.0,0.0,3.675e-09
8617.0,0.9002259283107701,0.0,0.405291786,0.0,0.9002259283107702,0.0,0.0,0.0,0.0,0.0,0.0,0.0,0.0,0.0,0.1253783382930321,0.0,0.0,3.675e-09
8618.0,0.9003994832452304,0.0,0.39085494,0.0,0.9003994832452304,0.0,0.0,0.0,0.0,0.0,0.0,0.0,0.0,0.0,0.08867186716001355,0.0,0.0,3.675e-09
8619.0,0.8939200770270321,0.0,0.390364752,0.0,0.8939200770270321,0.0,0.0,0.0,0.0,0.0,0.0,0.0,0.0,0.0,0.09391083643474524,0.0,0.0,3.675e-09
8620.0,0.8732981184865866,0.0,0.398943697,0.0,0.8732981184865866,0.0,0.0,0.0,0.0,0.0,0.0,0.0,0.0,0.0,0.13624209898501685,0.0,0.0,3.675e-09
8621.0,0.8409099837258625,0.0,0.405844457,0.0,0.8409099837258625,0.0,0.0,0.0,0.0,0.0,0.0,0.0,0.0,0.0,0.18609283511908545,0.0,0.0,3.675e-09
8622.0,0.80390705137572,0.0,0.413455409,0.0,0.80390705137572,0.0,0.0,0.0,0.0,0.0,0.0,0.0,0.0,0.0,0.24235553318309974,0.0,0.0,3.675e-09
8623.0,0.7721997893576241,0.0,0.424330836,0.0,0.7721997893576241,0.0,0.0,0.0,0.0,0.0,0.0,0.0,0.0,0.0,0.30158342285176,0.0,0.0,3.675e-09
8624.0,0.7494862632742896,0.0,0.433753622,0.0,0.7494862632742896,0.0,0.0,0.0,0.0,0.0,0.0,0.0,0.0,0.0,0.3481416204994342,0.0,0.0,3.675e-09
8625.0,0.7327826547531363,0.0,0.43761262,0.0,0.7327826547531363,0.0,0.0,0.0,0.0,0.0,0.0,0.0,0.0,0.0,0.3746105510683812,0.0,0.0,3.675e-09
8626.0,0.7297543337307989,0.0,0.446701346,0.0,0.7297543337307989,0.0,0.0,0.0,0.0,0.0,0.0,0.0,0.0,0.0,0.4006381937784098,0.0,0.0,3.675e-09
8627.0,0.7343602299903261,0.0,0.463647167,0.0,0.7343602299903261,0.0,0.0,0.0,0.0,0.0,0.0,0.0,0.0,0.0,0.43891425792136746,0.0,0.0,3.675e-09
8628.0,0.7506410753378806,0.001222327,0.48650432,0.000592167819792491,0.7500489075180882,0.0,0.0,0.0,0.0,0.0,0.0,0.0,0.0,0.0,0.4810663618971709,0.0,0.0,3.675e-09
8629.0,0.774035472163994,0.016314258,0.504320222,0.007903595839241223,0.7661318763247528,0.0,0.0,0.0,0.0,0.0,0.0,0.0,0.0,0.0,0.5100671222352052,0.0,0.0,3.675e-09
8630.0,0.8085218489651383,0.05601659,0.530996016,0.027137764258263013,0.7813840847068753,0.0,0.0,0.0,0.0,0.0,0.0,0.0,0.0,0.0,0.5623188926814229,0.0,0.0,3.675e-09
8631.0,0.8504488636211683,0.127191147,0.614002683,0.061618948297711036,0.7888299153234573,0.0,0.0,0.0,0.0,0.0,0.0,0.0,0.0,0.0,0.7649241777609309,0.0,0.0,3.675e-09
8632.0,0.886406011699904,0.214407934,0.739840465,0.1038719416514503,0.7825340700484537,0.0,0.0,0.0,0.0,0.0,0.0,0.0,0.0,0.0,1.0896566915727088,0.0,0.0,3.675e-09
8633.0,0.9132893198742548,0.281811846,0.82975448,0.13652640123102674,0.776762918643228,0.0,0.0,0.0,0.0,0.0,0.0,0.0,0.0,0.0,1.32295823119922,0.0,0.0,3.675e-09
8634.0,0.9234489950349335,0.310309607,0.871807006,0.1503324097707526,0.7731165852641809,0.0,0.0,0.0,0.0,0.0,0.0,0.0,0.0,0.0,1.4330198722081815,0.0,0.0,3.675e-09
8635.0,0.9240586641379048,0.298331003,0.900366679,0.14452926231934424,0.7795294018185606,0.0,0.0,0.0,0.0,0.0,0.0,0.0,0.0,0.0,1.4988782525874829,0.0,0.0,3.675e-09
8636.0,0.9205363763023116,0.24774078,0.912372372,0.12002035262764478,0.8005160236746668,0.0,0.0,0.0,0.0,0.0,0.0,0.0,0.0,0.0,1.5082724338704152,0.0,0.0,3.675e-09
8637.0,0.9194305165534988,0.173238914,0.915242258,0.08392722242624014,0.8355032941272587,0.0,0.0,0.0,0.0,0.0,0.0,0.0,0.0,0.0,1.4805475048418033,0.0,0.0,3.675e-09
8638.0,0.9231730858058956,0.092261232,0.917353354,0.044696822212721476,0.8784762635931742,0.0,0.0,0.0,0.0,0.0,0.0,0.0,0.0,0.0,1.4429167336133082,0.0,0.0,3.675e-09
8639.0,0.9497893860810998,0.028669728,0.904073555,0.01388931957144343,0.9359000665096563,0.0,0.0,0.0,0.0,0.0,0.0,0.0,0.0,0.0,1.3518879601928324,0.0,0.0,3.675e-09
8640.0,0.9711367180140816,0.002117341,0.903494102,0.0010257657760380427,0.9701109522380436,0.0,0.0,0.0,0.0,0.0,0.0,0.0,0.0,0.0,1.3162107494866764,0.0,0.0,3.675e-09
8641.0,0.9797254924351019,0.0,0.912609882,0.0,0.9797254924351019,0.0,0.0,0.0,0.0,0.0,0.0,0.0,0.0,0.0,1.3296639920189268,0.0,0.0,3.675e-09
8642.0,0.9709053104348763,0.0,0.91518339,0.0,0.9709053104348763,0.0,0.0,0.0,0.0,0.0,0.0,0.0,0.0,0.0,1.344996521113547,0.0,0.0,3.675e-09
8643.0,0.9597488043174938,0.0,0.923067854,0.0,0.9597488043174938,0.0,0.0,0.0,0.0,0.0,0.0,0.0,0.0,0.0,1.3761049241052574,0.0,0.0,3.675e-09
8644.0,0.9326785892138456,0.0,0.933230313,0.0,0.9326785892138456,0.0,0.0,0.0,0.0,0.0,0.0,0.0,0.0,0.0,1.428891577759146,0.0,0.0,3.675e-09
8645.0,0.8873538923416788,0.0,0.940538494,0.0,0.8873538923416788,0.0,0.0,0.0,0.0,0.0,0.0,0.0,0.0,0.0,1.4927098683176967,0.0,0.0,3.675e-09
8646.0,0.8479901597169903,0.0,0.925846429,0.0,0.8479901597169903,0.0,0.0,0.0,0.0,0.0,0.0,0.0,0.0,0.0,1.4948948446247812,0.0,0.0,3.675e-09
8647.0,0.8130965955696697,0.0,0.909453465,0.0,0.8130965955696696,0.0,0.0,0.0,0.0,0.0,0.0,0.0,0.0,0.0,1.4883054712899133,0.0,0.0,3.675e-09
8648.0,0.7865759730916623,0.0,0.89697828,0.0,0.7865759730916623,0.0,0.0,0.0,0.0,0.0,0.0,0.0,0.0,0.0,1.483257225597788,0.0,0.0,3.675e-09
8649.0,0.7696298318288268,0.0,0.863726688,0.0,0.7696298318288268,0.0,0.0,0.0,0.0,0.0,0.0,0.0,0.0,0.0,1.4160591137457355,0.0,0.0,3.675e-09
8650.0,0.7622603966136737,0.0,0.835694743,0.0,0.7622603966136737,0.0,0.0,0.0,0.0,0.0,0.0,0.0,0.0,0.0,1.3524927851820414,0.0,0.0,3.675e-09
8651.0,0.7647747263302366,0.0,0.814017279,0.0,0.7647747263302366,0.0,0.0,0.0,0.0,0.0,0.0,0.0,0.0,0.0,1.2951229159861999,0.0,0.0,3.675e-09
8652.0,0.776787885957143,0.000958714,0.791904671,0.00046445802079520313,0.7763234279363478,0.0,0.0,0.0,0.0,0.0,0.0,0.0,0.0,0.0,1.2276175286195308,0.0,0.0,3.675e-09
8653.0,0.7980595645854469,0.014580232,0.767195678,0.007063530622745558,0.7909960339627012,0.0,0.0,0.0,0.0,0.0,0.0,0.0,0.0,0.0,1.1504179987332315,0.0,0.0,3.675e-09
8654.0,0.8258885285690621,0.05381175,0.765429981,0.026069608768127167,0.7998189198009349,0.0,0.0,0.0,0.0,0.0,0.0,0.0,0.0,0.0,1.1371269582486816,0.0,0.0,3.675e-09
8655.0,0.8647983463653068,0.131111991,0.789768165,0.06351843807681799,0.8012799082884889,0.0,0.0,0.0,0.0,0.0,0.0,0.0,0.0,0.0,1.1972545491847149,0.0,0.0,3.675e-09
8656.0,0.8988330331705178,0.221708761,0.803811034,0.10740889600758591,0.7914241371629319,0.0,0.0,0.0,0.0,0.0,0.0,0.0,0.0,0.0,1.242646264682355,0.0,0.0,3.675e-09
8657.0,0.9191234566695405,0.290658205,0.791270856,0.14081210311123693,0.7783113535583036,0.0,0.0,0.0,0.0,0.0,0.0,0.0,0.0,0.0,1.2240257131811714,0.0,0.0,3.675e-09
8658.0,0.9326340885639377,0.31967839,0.766041129,0.15487120487486053,0.7777628836890772,0.0,0.0,0.0,0.0,0.0,0.0,0.0,0.0,0.0,1.1607295245838942,0.0,0.0,3.675e-09
8659.0,0.9364011339737235,0.305284351,0.750974877,0.14789787720342887,0.7885032567702946,0.0,0.0,0.0,0.0,0.0,0.0,0.0,0.0,0.0,1.1118635026080108,0.0,0.0,3.675e-09
8660.0,0.9368483723047867,0.251508261,0.739497002,0.12184554425793653,0.8150028280468501,0.0,0.0,0.0,0.0,0.0,0.0,0.0,0.0,0.0,1.0563187890952268,0.0,0.0,3.675e-09
8661.0,0.935404302017095,0.169644517,0.726266298,0.08218588296882927,0.8532184190482658,0.0,0.0,0.0,0.0,0.0,0.0,0.0,0.0,0.0,0.9846224641107838,0.0,0.0,3.675e-09
8662.0,0.9457442066097655,0.084766694,0.714801292,0.04106602273941198,0.9046781838703535,0.0,0.0,0.0,0.0,0.0,0.0,0.0,0.0,0.0,0.9041501224825178,0.0,0.0,3.675e-09
8663.0,0.9761876297720109,0.023918961,0.701539861,0.01158776578368278,0.9645998639883281,0.0,0.0,0.0,0.0,0.0,0.0,0.0,0.0,0.0,0.81066995269194,0.0,0.0,3.675e-09
8664.0,1.006501997649779,0.001477217,0.703572105,0.0007156516793381839,1.0057863459704408,0.0,0.0,0.0,0.0,0.0,0.0,0.0,0.0,0.0,0.774626131353781,0.0,0.0,3.675e-09
8665.0,1.0130592820051658,0.0,0.724659117,0.0,1.0130592820051658,0.0,0.0,0.0,0.0,0.0,0.0,0.0,0.0,0.0,0.8207145764873522,0.0,0.0,3.675e-09
8666.0,1.0079594189323828,0.0,0.742630905,0.0,1.0079594189323828,0.0,0.0,0.0,0.0,0.0,0.0,0.0,0.0,0.0,0.8712926433826501,0.0,0.0,3.675e-09
8667.0,0.9915673209601337,0.0,0.761668726,0.0,0.9915673209601337,0.0,0.0,0.0,0.0,0.0,0.0,0.0,0.0,0.0,0.9358605769353407,0.0,0.0,3.675e-09
8668.0,0.9583447840147644,0.0,0.761490104,0.0,0.9583447840147644,0.0,0.0,0.0,0.0,0.0,0.0,0.0,0.0,0.0,0.9686311050030633,0.0,0.0,3.675e-09
8669.0,0.9094688734845944,0.0,0.759022846,0.0,0.9094688734845944,0.0,0.0,0.0,0.0,0.0,0.0,0.0,0.0,0.0,1.0112635375772987,0.0,0.0,3.675e-09
8670.0,0.8718762975239241,0.0,0.757141519,0.0,0.8718762975239241,0.0,0.0,0.0,0.0,0.0,0.0,0.0,0.0,0.0,1.044095353353017,0.0,0.0,3.675e-09
8671.0,0.8403715162626988,0.0,0.764568336,0.0,0.8403715162626989,0.0,0.0,0.0,0.0,0.0,0.0,0.0,0.0,0.0,1.0943939406216643,0.0,0.0,3.675e-09
8672.0,0.8156843527584755,0.0,0.769919949,0.0,0.8156843527584755,0.0,0.0,0.0,0.0,0.0,0.0,0.0,0.0,0.0,1.1326235377887608,0.0,0.0,3.675e-09
8673.0,0.8037379461062805,0.0,0.770478286,0.0,0.8037379461062805,0.0,0.0,0.0,0.0,0.0,0.0,0.0,0.0,0.0,1.1459828346824639,0.0,0.0,3.675e-09
8674.0,0.8055024272728428,0.0,0.777494732,0.0,0.8055024272728428,0.0,0.0,0.0,0.0,0.0,0.0,0.0,0.0,0.0,1.161973702137734,0.0,0.0,3.675e-09
8675.0,0.8282537795085538,0.0,0.772728497,0.0,0.8282537795085538,0.0,0.0,0.0,0.0,0.0,0.0,0.0,0.0,0.0,1.1271612346253461,0.0,0.0,3.675e-09
8676.0,0.8757323462333754,0.0013175,0.760425336,0.0006382752754186129,0.8750940709579568,0.0,0.0,0.0,0.0,0.0,0.0,0.0,0.0,0.0,1.049187387426275,0.0,0.0,3.675e-09
8677.0,0.9288069656768966,0.017729962,0.743527091,0.008589446966763978,0.9202175187101326,0.0,0.0,0.0,0.0,0.0,0.0,0.0,0.0,0.0,0.9613023719128508,0.0,0.0,3.675e-09
8678.0,0.973430766313841,0.065290694,0.751455191,0.031630691229694405,0.9418000750841465,0.0,0.0,0.0,0.0,0.0,0.0,0.0,0.0,0.0,0.9597821347541138,0.0,0.0,3.675e-09
8679.0,1.0121737036731566,0.147442407,0.80445831,0.07142986181123964,0.940743841861917,0.0,0.0,0.0,0.0,0.0,0.0,0.0,0.0,0.0,1.0949645133054002,0.0,0.0,3.675e-09
8680.0,1.0397579100825791,0.236449965,0.815704069,0.1145504110308132,0.9252074990517659,0.0,0.0,0.0,0.0,0.0,0.0,0.0,0.0,0.0,1.1389586211382012,0.0,0.0,3.675e-09
8681.0,1.0544678546904755,0.303340715,0.811256397,0.14695626444956655,0.9075115902409091,0.0,0.0,0.0,0.0,0.0,0.0,0.0,0.0,0.0,1.1453995488780762,0.0,0.0,3.675e-09
8682.0,1.058152572298052,0.32969739,0.804909347,0.1597250037245145,0.8984275685735374,0.0,0.0,0.0,0.0,0.0,0.0,0.0,0.0,0.0,1.1384221506371068,0.0,0.0,3.675e-09
8683.0,1.055929726638025,0.313566019,0.785927149,0.1519100092137708,0.9040197174242542,0.0,0.0,0.0,0.0,0.0,0.0,0.0,0.0,0.0,1.0847949220467819,0.0,0.0,3.675e-09
8684.0,1.049594948531952,0.260300893,0.748209585,0.12610521758731377,0.9234897309446383,0.0,0.0,0.0,0.0,0.0,0.0,0.0,0.0,0.0,0.9698793655853868,0.0,0.0,3.675e-09
8685.0,1.045349513136258,0.180301161,0.697219866,0.08734859445584112,0.958000918680417,0.0,0.0,0.0,0.0,0.0,0.0,0.0,0.0,0.0,0.8063370077993742,0.0,0.0,3.675e-09
8686.0,1.0531839883423322,0.092157698,0.648243592,0.04464666419195093,1.0085373241503812,0.0,0.0,0.0,0.0,0.0,0.0,0.0,0.0,0.0,0.6318645214319877,0.0,0.0,3.675e-09
8687.0,1.0769811238495253,0.02512166,0.611058343,0.012170424634134916,1.0648106992153903,0.0,0.0,0.0,0.0,0.0,0.0,0.0,0.0,0.0,0.48149264413598364,0.0,0.0,3.675e-09
8688.0,1.1039890366434075,0.001688518,0.589414528,0.0008180184375706152,1.103171018205837,0.0,0.0,0.0,0.0,0.0,0.0,0.0,0.0,0.0,0.3883619355734592,0.0,0.0,3.675e-09
8689.0,1.107896261500223,0.0,0.560293166,0.0,1.1078962615002232,0.0,0.0,0.0,0.0,0.0,0.0,0.0,0.0,0.0,0.30994412275704003,0.0,0.0,3.675e-09
8690.0,1.0968888341599117,0.0,0.52776077,0.0,1.0968888341599117,0.0,0.0,0.0,0.0,0.0,0.0,0.0,0.0,0.0,0.23862724624273438,0.0,0.0,3.675e-09
8691.0,1.0729804460280237,0.0,0.493684923,0.0,1.0729804460280237,0.0,0.0,0.0,0.0,0.0,0.0,0.0,0.0,0.0,0.17630557672588817,0.0,0.0,3.675e-09
8692.0,1.0281964404516064,0.0,0.461080404,0.0,1.0281964404516064,0.0,0.0,0.0,0.0,0.0,0.0,0.0,0.0,0.0,0.13858276881123535,0.0,0.0,3.675e-09
8693.0,0.9747012816670723,0.0,0.423604174,0.0,0.9747012816670723,0.0,0.0,0.0,0.0,0.0,0.0,0.0,0.0,0.0,0.09724308832215686,0.0,0.0,3.675e-09
8694.0,0.9288514673267292,0.0,0.392133965,0.0,0.9288514673267291,0.0,0.0,0.0,0.0,0.0,0.0,0.0,0.0,0.0,0.06345649813563049,0.0,0.0,3.675e-09
8695.0,0.8903911136939828,0.0,0.365771606,0.0,0.8903911136939828,0.0,0.0,0.0,0.0,0.0,0.0,0.0,0.0,0.0,0.03520603057216077,0.0,0.0,3.675e-09
8696.0,0.8624553467506938,0.0,0.339020325,0.0,0.8579021430881102,0.0,0.004553203662583618,0.0,0.0,0.0,0.0,0.0,0.0,0.0,0.0,0.0,0.0,0.006839048849999999
8697.0,0.8466929433738595,0.0,0.311888524,0.0,0.789244223467096,0.0,0.05744871990676355,0.0,0.0,0.0,0.0,0.0,0.0,0.0,0.0,0.0,0.0,0.006839048849999999
8698.0,0.8448060834202008,0.0,0.286491237,0.0,0.7249755488797425,0.0,0.11983053454045837,0.0,0.0,0.0,0.0,0.0,0.0,0.0,0.0,0.0,0.0,0.006839048849999999
8699.0,0.8634010015600335,0.0,0.261781443,0.0,0.6624465980628093,0.0,0.20095440349722438,0.0,0.0,0.0,0.0,0.0,0.0,0.0,0.0,0.0,0.0,0.006839048849999999
8700.0,0.9023152700212239,0.000980153,0.239505416,0.0004748443461308386,0.6060763751188349,0.0,0.29576405055625804,0.0,0.0,0.0,0.0,0.0,0.0,0.0,0.0,0.0,0.0,0.006839048849999999
8701.0,0.950692765073042,0.017411875,0.214540939,0.00843534672575291,0.5429029405485808,0.0,0.3993544777987083,0.0,0.0,0.0,0.0,0.0,0.0,0.0,0.0,0.0,0.0,0.006839048849999999
8702.0,0.9903769075766765,0.070164042,0.197835604,0.033991630536647534,0.5006295379214526,0.0,0.4557557391185763,0.0,0.0,0.0,0.0,0.0,0.0,0.0,0.0,0.0,0.0,0.006839048849999999
8703.0,1.021158540277876,0.155703953,0.189810243,0.07543224552929166,0.4803210965294631,0.0,0.4654051982191213,0.0,0.0,0.0,0.0,0.0,0.0,0.0,0.0,0.0,0.0,0.006839048849999999
8704.0,1.042160986174523,0.247403275,0.17970089,0.1198568451537699,0.4547390444683243,0.0,0.4675650965524288,0.0,0.0,0.0,0.0,0.0,0.0,0.0,0.0,0.0,0.0,0.006839048849999999
8705.0,1.0502802709396013,0.313303901,0.170263652,0.15178302368159458,0.430857801640088,0.0,0.4676394456179187,0.0,0.0,0.0,0.0,0.0,0.0,0.0,0.0,0.0,0.0,0.006839048849999999
8706.0,1.048709370199943,0.338395829,0.157669146,0.16393904436848944,0.39898698773376534,0.0,0.4857833380976883,0.0,0.0,0.0,0.0,0.0,0.0,0.0,0.0,0.0,0.0,0.006839048849999999
8707.0,1.0404254308303704,0.320061418,0.145981245,0.15505676639455163,0.369410367759427,0.0,0.5159582966763918,0.0,0.0,0.0,0.0,0.0,0.0,0.0,0.0,0.0,0.0,0.006839048849999999
8708.0,1.029900845140838,0.263514917,0.136003066,0.12766228176477262,0.3441602558429312,0.0,0.5580783075331343,0.0,0.0,0.0,0.0,0.0,0.0,0.0,0.0,0.0,0.0,0.006839048849999999
8709.0,1.0192961564816065,0.17988249,0.124491002,0.08714576534932515,0.31502859721164567,0.0,0.6171217939206357,0.0,0.0,0.0,0.0,0.0,0.0,0.0,0.0,0.0,0.0,0.006839048849999999
8710.0,1.0237062474817196,0.092505904,0.109437484,0.04481535586599451,0.27693517212506585,0.0,0.7019557194906592,0.0,0.0,0.0,0.0,0.0,0.0,0.0,0.0,0.0,0.0,0.006839048849999999
8711.0,1.0493279406328055,0.028340822,0.094083748,0.013729977964053043,0.23808203546192014,0.0,0.7975159272068323,0.0,0.0,0.0,0.0,0.0,0.0,0.0,0.0,0.0,0.0,0.006839048849999999
8712.0,1.0799515932270425,0.002185023,0.08846404,0.0010585549579666064,0.2238611785362199,0.0,0.855031859732856,0.0,0.0,0.0,0.0,0.0,0.0,0.0,0.0,0.0,0.0,0.006839048849999999
8713.0,1.0861995928659605,0.0,0.081381524,0.0,0.20593863759459397,0.0,0.8802609552713665,0.0,0.0,0.0,0.0,0.0,0.0,0.0,0.0,0.0,0.0,0.006839048849999999
8714.0,1.0780602826084384,0.0,0.072437013,0.0,0.1833042567332837,0.0,0.8947560258751548,0.0,0.0,0.0,0.0,0.0,0.0,0.0,0.0,0.0,0.0,0.006839048849999999
8715.0,1.0570823128691809,0.0,0.065281986,0.0,0.16519822430837444,0.0,0.8918840885608064,0.0,0.0,0.0,0.0,0.0,0.0,0.0,0.0,0.0,0.0,0.006839048849999999
8716.0,1.0165125920335372,0.0,0.061174628,0.0,0.15480441906784764,0.0,0.8617081729656895,0.0,0.0,0.0,0.0,0.0,0.0,0.0,0.0,0.0,0.0,0.006839048849999999
8717.0,0.9649777216748291,0.0,0.060505976,0.0,0.15311237307095898,0.0,0.8118653486038702,0.0,0.0,0.0,0.0,0.0,0.0,0.0,0.0,0.0,0.0,0.006839048849999999
8718.0,0.9169095113394798,0.0,0.06165955,0.0,0.15603153022417898,0.0,0.7608779811153009,0.0,0.0,0.0,0.0,0.0,0.0,0.0,0.0,0.0,0.0,0.006839048849999999
8719.0,0.8813573257744098,0.0,0.06348871,0.0,0.1606602800905802,0.0,0.7206970456838296,0.0,0.0,0.0,0.0,0.0,0.0,0.0,0.0,0.0,0.0,0.006839048849999999
8720.0,0.8529854446626098,0.0,0.066597448,0.0,0.1685270443988837,0.0,0.6844584002637262,0.0,0.0,0.0,0.0,0.0,0.0,0.0,0.0,0.0,0.0,0.006839048849999999
8721.0,0.8396639435300955,0.0,0.07065631,0.0,0.17879812890775168,0.0,0.6608658146223438,0.0,0.0,0.0,0.0,0.0,0.0,0.0,0.0,0.0,0.0,0.006839048849999999
8722.0,0.838442379491718,0.0,0.076368249,0.0,0.19325237942883344,0.0,0.6451900000628845,0.0,0.0,0.0,0.0,0.0,0.0,0.0,0.0,0.0,0.0,0.006839048849999999
8723.0,0.8583634407970165,0.0,0.082173976,0.0,0.20794396358528336,0.0,0.6504194772117333,0.0,0.0,0.0,0.0,0.0,0.0,0.0,0.0,0.0,0.0,0.006839048849999999
8724.0,0.8977293982542156,0.001017301,0.087421327,0.0004928410443708769,0.2212225588094356,0.0,0.6760139984004092,0.0,0.0,0.0,0.0,0.0,0.0,0.0,0.0,0.0,0.0,0.006839048849999999
8725.0,0.9473573831668214,0.01472155,0.089884923,0.007131993457942225,0.22745676995327574,0.0,0.7127686197556033,0.0,0.0,0.0,0.0,0.0,0.0,0.0,0.0,0.0,0.0,0.006839048849999999
8726.0,0.9873663862143474,0.063592418,0.084368327,0.030807945437180687,0.21349684135326835,0.0,0.7430615994238985,0.0,0.0,0.0,0.0,0.0,0.0,0.0,0.0,0.0,0.0,0.006839048849999999
8727.0,1.015186449867996,0.150225155,0.079397906,0.07277799027129321,0.20091902665159772,0.0,0.7414894329451053,0.0,0.0,0.0,0.0,0.0,0.0,0.0,0.0,0.0,0.0,0.006839048849999999
8728.0,1.0393462710715329,0.246965475,0.079854723,0.1196447488231602,0.20207501717605691,0.0,0.7176265050723158,0.0,0.0,0.0,0.0,0.0,0.0,0.0,0.0,0.0,0.0,0.006839048849999999
8729.0,1.0456187468678397,0.31920245,0.087522978,0.15464063126227404,0.22147979002631632,0.0,0.6694983255792494,0.0,0.0,0.0,0.0,0.0,0.0,0.0,0.0,0.0,0.0,0.006839048849999999
8730.0,1.0431934194510175,0.348297552,0.096201621,0.1687360272716726,0.24344138312194155,0.0,0.6310160090574033,0.0,0.0,0.0,0.0,0.0,0.0,0.0,0.0,0.0,0.0,0.006839048849999999
8731.0,1.0347225741520725,0.333245755,0.104242462,0.16144404254626837,0.2637889971658215,0.0,0.6094895344399827,0.0,0.0,0.0,0.0,0.0,0.0,0.0,0.0,0.0,0.0,0.006839048849999999
8732.0,1.0230921277138025,0.277764172,0.109402952,0.13456546746468537,0.2768477877571666,0.0,0.6116788724919505,0.0,0.0,0.0,0.0,0.0,0.0,0.0,0.0,0.0,0.0,0.006839048849999999
8733.0,1.0151063468982973,0.193402638,0.108996744,0.0936957283006727,0.27581986498073857,0.0,0.645590753616886,0.0,0.0,0.0,0.0,0.0,0.0,0.0,0.0,0.0,0.0,0.006839048849999999
8734.0,1.0174404471828684,0.101251565,0.104725601,0.04905227365232682,0.26501159638169286,0.0,0.7033765771488487,0.0,0.0,0.0,0.0,0.0,0.0,0.0,0.0,0.0,0.0,0.006839048849999999
8735.0,1.0423367669414185,0.03083708,0.1110659,0.014939313647139128,0.28105593266129314,0.0,0.7463415206329863,0.0,0.0,0.0,0.0,0.0,0.0,0.0,0.0,0.0,0.0,0.006839048849999999
8736.0,1.0668236745212818,0.002183001,0.125798385,0.0010575753810353756,0.3183369731254997,0.0,0.7474291260147465,0.0,0.0,0.0,0.0,0.0,0.0,0.0,0.0,0.0,0.0,0.006839048849999999
8737.0,1.0731962777798063,0.0,0.135850355,0.0,0.3437738156076057,0.0,0.7294224621722005,0.0,0.0,0.0,0.0,0.0,0.0,0.0,0.0,0.0,0.0,0.006839048849999999
8738.0,1.0658535435545529,0.0,0.142747327,0.0,0.3612268313216892,0.0,0.7046267122328637,0.0,0.0,0.0,0.0,0.0,0.0,0.0,0.0,0.0,0.0,0.006839048849999999
8739.0,1.0477637153906032,0.0,0.148674915,0.0,0.3762267887683212,0.0,0.671536926622282,0.0,0.0,0.0,0.0,0.0,0.0,0.0,0.0,0.0,0.0,0.006839048849999999
8740.0,1.0113771286408129,0.0,0.155151321,0.0,0.3926155483121884,0.0,0.6187615803286245,0.0,0.0,0.0,0.0,0.0,0.0,0.0,0.0,0.0,0.0,0.006839048849999999
8741.0,0.9653804593559843,0.0,0.163239149,0.0,0.4130820645133277,0.0,0.5522983948426565,0.0,0.0,0.0,0.0,0.0,0.0,0.0,0.0,0.0,0.0,0.006839048849999999
8742.0,0.9177439125242003,0.0,0.173362161,0.0,0.43869868112564037,0.0,0.4790452313985599,0.0,0.0,0.0,0.0,0.0,0.0,0.0,0.0,0.0,0.0,0.006839048849999999
8743.0,0.8827902708996245,0.0,0.184387838,0.0,0.46659952136965027,0.0,0.41619074952997426,0.0,0.0,0.0,0.0,0.0,0.0,0.0,0.0,0.0,0.0,0.006839048849999999
8744.0,0.8489291400287987,0.0,0.19407205,0.0,0.49110574007178737,0.0,0.35782339995701135,0.0,0.0,0.0,0.0,0.0,0.0,0.0,0.0,0.0,0.0,0.006839048849999999
8745.0,0.8363485881162432,0.0,0.204047249,0.0,0.516348310999741,0.0,0.3200002771165023,0.0,0.0,0.0,0.0,0.0,0.0,0.0,0.0,0.0,0.0,0.006839048849999999
8746.0,0.8287321694944623,0.0,0.215164913,0.0,0.5444819273890638,0.0,0.28425024210539857,0.0,0.0,0.0,0.0,0.0,0.0,0.0,0.0,0.0,0.0,0.006839048849999999
8747.0,0.8466573420539932,0.0,0.222938378,0.0,0.5641529376233924,0.0,0.28250440443060093,0.0,0.0,0.0,0.0,0.0,0.0,0.0,0.0,0.0,0.0,0.006839048849999999
8748.0,0.8875296721086497,0.001045458,0.230299898,0.0005064819680368821,0.5827815074130827,0.0,0.30424168272753027,0.0,0.0,0.0,0.0,0.0,0.0,0.0,0.0,0.0,0.0,0.006839048849999999
8749.0,0.9248997408200813,0.0165282,0.232828952,0.008007242054780962,0.5891813621904786,0.0,0.32771113657482176,0.0,0.0,0.0,0.0,0.0,0.0,0.0,0.0,0.0,0.0,0.006839048849999999
8750.0,0.9713124987809771,0.065861138,0.236307169,0.03190704819456036,0.5979831053261607,0.0,0.3414223452602561,0.0,0.0,0.0,0.0,0.0,0.0,0.0,0.0,0.0,0.0,0.006839048849999999
8751.0,0.9911267561266771,0.152214386,0.234881939,0.0737416919520494,0.594376513681859,0.0,0.32300855049276866,0.0,0.0,0.0,0.0,0.0,0.0,0.0,0.0,0.0,0.0,0.006839048849999999
8752.0,1.0225959360680363,0.253464304,0.244993722,0.12279316769972448,0.6199647149383527,0.0,0.2798380534299592,0.0,0.0,0.0,0.0,0.0,0.0,0.0,0.0,0.0,0.0,0.006839048849999999
8753.0,1.0162700592918548,0.328514406,0.268978237,0.15915189599137156,0.6806583232623638,0.0,0.17645984003811938,0.0,0.0,0.0,0.0,0.0,0.0,0.0,0.0,0.0,0.0,0.006839048849999999
8754.0,1.0137646299052585,0.359852588,0.281395381,0.17433397321882402,0.7120803167627052,0.0,0.12735033992372938,0.0,0.0,0.0,0.0,0.0,0.0,0.0,0.0,0.0,0.0,0.006839048849999999
8755.0,1.007501054438918,0.342967932,0.299689822,0.1661540426998498,0.7583750046711633,0.0,0.0829720070679049,0.0,0.0,0.0,0.0,0.0,0.0,0.0,0.0,0.0,0.0,0.006839048849999999
8756.0,0.9856263812051743,0.284650898,0.310388085,0.1379018066938182,0.7854473129612936,0.0,0.0622772615500625,0.0,0.0,0.0,0.0,0.0,0.0,0.0,0.0,0.0,0.0,0.006839048849999999
8757.0,0.988581274755269,0.197231836,0.298255486,0.09555081931249995,0.7547453699927456,0.0,0.13828508545002344,0.0,0.0,0.0,0.0,0.0,0.0,0.0,0.0,0.0,0.0,0.006839048849999999
8758.0,0.9853126458237598,0.103773818,0.29988579,0.05027420285782999,0.7588709081754049,0.0,0.1761675347905249,0.0,0.0,0.0,0.0,0.0,0.0,0.0,0.0,0.0,0.0,0.006839048849999999
8759.0,1.0262272526957386,0.033056598,0.332817032,0.016014580032525517,0.8422045050220046,0.0,0.16800816764120838,0.0,0.0,0.0,0.0,0.0,0.0,0.0,0.0,0.0,0.0,0.006839048849999999
